read_name,read_len,start_time,barcode,best_reference,ref_len,start_coords,end_coords,num_matches,mapping_len,display_name
3d02c157-e498-4554-b9bd-ec998f0bdd50,1240,2023-05-09T05:20:06.611556+01:00,unclassified,?,11923,0,0,356,377,?
02fa8557-34e1-4dde-bcc8-6d8c2e2cc0fa,980,2023-05-09T05:19:59.611556+01:00,unclassified,?,11923,0,0,337,365,?
2b70bc8c-19a3-4983-b973-e67bc7fd678f,347,2023-05-09T05:19:02.611556+01:00,unclassified,rabv_ea,11923,3062,3325,243,259,RABV_EA
71a8f24e-83eb-47b0-871c-f99b5c29086b,1132,2023-05-09T05:04:19.611556+01:00,unclassified,?,11923,0,0,384,388,?
e890d0ed-9949-4a84-9960-c34b69d20450,510,2023-05-09T05:20:12.611556+01:00,unclassified,rabv_ea,11923,7690,8081,356,373,RABV_EA
0bc8121b-f7e9-48eb-be27-8db69d1a3581,463,2023-05-09T05:19:41.611556+01:00,unclassified,rabv_ea,11923,1567,1948,350,362,RABV_EA
608e66cb-dd44-442f-8c30-bae9e7a6d0b7,472,2023-05-09T05:19:43.611556+01:00,unclassified,rabv_ea,11923,7075,7467,363,377,RABV_EA
9327ba66-3e3e-495b-913d-0995908b520c,478,2023-05-09T05:04:03.611556+01:00,unclassified,rabv_ea,11923,8941,9325,353,372,RABV_EA
649e9fdb-dcc1-4643-b252-894d08c26784,520,2023-05-09T05:20:46.611556+01:00,unclassified,rabv_ea,11923,10169,10576,365,394,RABV_EA
73a1a6dc-3039-4703-9a18-573cac0c4cc2,920,2023-05-09T05:20:09.611556+01:00,unclassified,?,11923,0,0,377,390,?
167e5dbf-9e54-4fdd-a613-40da7d1e7ec3,467,2023-05-09T05:19:35.611556+01:00,unclassified,rabv_ea,11923,7075,7467,374,380,RABV_EA
ad45b053-d711-4c34-bdcb-0b81cfa43e32,2068,2023-05-09T05:03:57.611556+01:00,unclassified,?,11923,0,0,386,400,?
65832a93-2970-4ae3-9dbb-837093965c3b,934,2023-05-09T05:19:32.611556+01:00,unclassified,?,11923,0,0,379,385,?
1838b62c-de8c-4d06-867f-b4088fc1b104,435,2023-05-09T05:20:41.611556+01:00,unclassified,rabv_ea,11923,5837,6219,325,354,RABV_EA
2b5d462a-b770-4e72-98af-1c8a515e40a8,873,2023-05-09T05:20:25.611556+01:00,unclassified,?,11923,0,0,346,374,?
346df66b-d9df-473d-93b7-66f8af098471,1757,2023-05-09T05:20:55.611556+01:00,unclassified,?,11923,0,0,380,402,?
7cc1a58e-e812-4d99-9f5f-ece8cb434242,792,2023-05-09T05:20:49.611556+01:00,unclassified,?,11923,0,0,339,357,?
115ab6bf-eab3-4f74-90ab-a81e4bff527a,849,2023-05-09T05:20:09.611556+01:00,unclassified,?,11923,0,0,373,388,?
4c6f5fd0-0e64-424d-af8c-9da05e2ada66,232,2023-05-09T05:20:38.611556+01:00,unclassified,rabv_ea,11923,11632,11796,154,160,RABV_EA
033398b0-f18a-4ff4-b5e5-a48ef3ebdf1a,849,2023-05-09T05:19:31.611556+01:00,unclassified,rabv_ea,11923,11097,11494,341,381,RABV_EA
ba8d22e9-6fc5-404f-8d62-9a75d52f53f2,492,2023-05-09T05:19:35.611556+01:00,unclassified,rabv_ea,11923,10206,10576,328,355,RABV_EA
30c7b140-8705-42f4-826d-c671d1d86008,2586,2023-05-09T05:20:06.611556+01:00,unclassified,?,11923,0,0,382,394,?
70534c46-29fb-42a4-9a1b-39b4c17c5370,929,2023-05-09T05:19:31.611556+01:00,unclassified,?,11923,0,0,363,380,?
c1a36e96-9469-4571-912f-6fa07e780277,448,2023-05-09T05:21:00.611556+01:00,unclassified,rabv_ea,11923,1864,2239,338,354,RABV_EA
8df07a24-01bf-462a-971a-8c13c154a27b,514,2023-05-09T05:20:12.611556+01:00,unclassified,rabv_ea,11923,7700,8075,335,352,RABV_EA
88dce517-9188-44b8-874e-55ee55aed6db,534,2023-05-09T05:20:59.611556+01:00,unclassified,rabv_ea,11923,10176,10576,351,382,RABV_EA
ef78acc3-dec3-4fd3-ae3d-e1ca31d37f96,492,2023-05-09T05:19:43.611556+01:00,unclassified,rabv_ea,11923,10163,10576,328,360,RABV_EA
db9e47a5-e903-48ae-9022-c2e60c4fcf52,1716,2023-05-09T05:19:38.611556+01:00,unclassified,?,11923,0,0,378,392,?
ee27ed25-9302-4061-928d-9db1f6722286,1262,2023-05-09T05:19:41.611556+01:00,unclassified,?,11923,0,0,359,384,?
3718f8dd-6d05-49a7-a429-edf4291266ce,1979,2023-05-09T05:20:16.611556+01:00,unclassified,?,11923,0,0,381,383,?
0da5f8f6-0c32-4262-850b-239b0302b856,438,2023-05-09T05:20:17.611556+01:00,unclassified,rabv_ea,11923,7704,8081,362,368,RABV_EA
a9865a81-f2fc-482b-bf1b-8cd4414e751c,530,2023-05-09T05:20:56.611556+01:00,unclassified,rabv_ea,11923,10172,10576,372,393,RABV_EA
6cd89a8f-9725-4e5c-833e-8e8324acd45c,1588,2023-05-09T05:03:59.611556+01:00,unclassified,?,11923,0,0,385,397,?
f2a25501-a581-4e68-bdcd-9f0368b1693b,445,2023-05-09T05:20:57.611556+01:00,unclassified,rabv_ea,11923,10171,10538,358,362,RABV_EA
6935ae84-d31c-419b-aac0-34260130a51a,1366,2023-05-09T05:20:57.611556+01:00,unclassified,?,11923,0,0,374,386,?
88e88e1c-2fd8-4f62-b025-1aead16b1d82,461,2023-05-09T05:20:55.611556+01:00,unclassified,rabv_ea,11923,9851,10248,377,388,RABV_EA
5f5f01ab-5539-4fbb-afeb-a3ccd4d0693a,465,2023-05-09T05:21:00.611556+01:00,unclassified,rabv_ea,11923,1576,1956,359,376,RABV_EA
86b983cf-b83a-4946-9aac-79b530a2d0d5,854,2023-05-09T05:19:53.611556+01:00,unclassified,?,11923,0,0,374,382,?
e5490406-5abe-4099-b6af-61614e505867,689,2023-05-09T05:20:17.611556+01:00,unclassified,?,11923,0,0,363,369,?
add8135a-c72d-45fa-beb4-6f7da1f77179,449,2023-05-09T05:19:42.611556+01:00,unclassified,rabv_ea,11923,3400,3791,362,370,RABV_EA
6006ffd1-837a-40f4-9f7f-f2a509be8482,872,2023-05-09T05:19:51.611556+01:00,unclassified,?,11923,0,0,387,396,?
4e22a9cf-aaf3-450d-acc8-1dcb58893e82,442,2023-05-09T05:20:55.611556+01:00,unclassified,rabv_ea,11923,10167,10552,334,349,RABV_EA
b7ce9600-eee1-4948-ac79-a5fd1f1b75d8,853,2023-05-09T05:20:55.611556+01:00,unclassified,?,11923,0,0,369,383,?
efc1e381-90e3-4d08-bec6-95ffb1ce9b90,510,2023-05-09T05:21:00.611556+01:00,unclassified,rabv_ea,11923,6424,6828,374,384,RABV_EA
38037477-809f-4e01-b58f-3773a5f0e148,759,2023-05-09T05:21:13.611556+01:00,unclassified,?,11923,0,0,371,386,?
19ba335e-67cd-40fb-9bda-16f10933dccd,1122,2023-05-09T05:20:59.611556+01:00,unclassified,?,11923,0,0,382,394,?
a44445e1-6681-4c15-bb5a-88490ced15ff,865,2023-05-09T05:20:56.611556+01:00,unclassified,?,11923,0,0,360,377,?
a5fe34f4-8b9e-4de8-9e80-2b435241748a,550,2023-05-09T05:19:40.611556+01:00,unclassified,rabv_ea,11923,4626,5051,401,416,RABV_EA
f39f7607-1960-4c84-9ac1-5406a1144b03,454,2023-05-09T05:20:17.611556+01:00,unclassified,rabv_ea,11923,10164,10562,368,385,RABV_EA
0ca093bf-b11e-4fd3-83fb-7c8253ebd04a,468,2023-05-09T05:20:55.611556+01:00,unclassified,rabv_ea,11923,3062,3459,371,386,RABV_EA
056c2e5e-66fb-4047-9703-c184545efc17,2132,2023-05-09T05:20:16.611556+01:00,unclassified,?,11923,0,0,380,388,?
ded2328e-cd9f-4c74-8c1b-61ecea1b0e20,461,2023-05-09T05:19:56.611556+01:00,unclassified,rabv_ea,11923,9851,10210,329,341,RABV_EA
9841e5a2-fce8-4795-81ac-94781cd99cca,911,2023-05-09T05:19:51.611556+01:00,unclassified,?,11923,0,0,369,380,?
11b67ab3-d59b-4f02-9995-babaff171e6a,839,2023-05-09T05:19:53.611556+01:00,unclassified,?,11923,0,0,359,369,?
be58295f-3f27-41bd-a981-b43c26d3da62,1294,2023-05-09T05:21:01.611556+01:00,unclassified,?,11923,0,0,344,360,?
5d45605f-646b-444f-9b8b-35cd1dd215ee,538,2023-05-09T05:21:15.611556+01:00,unclassified,rabv_ea,11923,10164,10575,381,392,RABV_EA
df98778c-eae1-49cb-8c43-d4a63bb4afa5,591,2023-05-09T05:20:08.611556+01:00,unclassified,?,11923,0,0,300,317,?
4c0ef705-54db-4300-802c-ca77a069b85c,453,2023-05-09T05:21:14.611556+01:00,unclassified,rabv_ea,11923,9851,10236,349,364,RABV_EA
2d211f62-6af8-4963-85f6-3543d0ab7993,942,2023-05-09T05:21:16.611556+01:00,unclassified,?,11923,0,0,192,199,?
bd6d7fdd-1bae-4901-9fab-913d2b813570,506,2023-05-09T05:20:04.611556+01:00,unclassified,rabv_ea,11923,1864,2264,390,394,RABV_EA
a3747367-8b8f-4404-bbe1-60b0ec25c9d5,478,2023-05-09T05:21:16.611556+01:00,unclassified,rabv_ea,11923,5208,5608,371,387,RABV_EA
063ab83f-200c-49a6-86ec-9ffde47832ab,407,2023-05-09T05:20:23.611556+01:00,unclassified,rabv_ea,11923,3062,3458,374,386,RABV_EA
0428f4d9-9f00-4f5a-a614-d4009e98f059,656,2023-05-09T05:20:04.611556+01:00,unclassified,?,11923,0,0,353,373,?
5f137e1f-b20a-4adb-a93e-e0160ce6edb3,491,2023-05-09T05:20:06.611556+01:00,unclassified,rabv_ea,11923,10176,10562,344,370,RABV_EA
101d118e-f310-4635-8556-1e8c96a78ea7,848,2023-05-09T05:20:04.611556+01:00,unclassified,?,11923,0,0,364,384,?
82e6092c-2608-4c54-832a-debef3a9ca70,494,2023-05-09T05:20:53.611556+01:00,unclassified,rabv_ea,11923,4626,5037,380,400,RABV_EA
68e55d10-c3a7-4d2c-88d1-455f992a01ea,446,2023-05-09T05:20:54.611556+01:00,unclassified,rabv_ea,11923,7706,8081,350,364,RABV_EA
c71ae3a9-f43d-433c-8332-713c11cba0d9,314,2023-05-09T05:20:20.611556+01:00,unclassified,rabv_ea,11923,11553,11796,217,228,RABV_EA
364876e3-8631-427c-9ba5-fb85baba0a03,411,2023-05-09T05:20:05.611556+01:00,unclassified,rabv_ea,11923,9051,9296,213,237,RABV_EA
5c5ed217-66f1-4cb5-8e46-714ec6988af7,1394,2023-05-09T05:21:12.611556+01:00,unclassified,?,11923,0,0,381,391,?
1ed9669e-51ce-4288-bbc3-c5022463aefd,454,2023-05-09T05:20:22.611556+01:00,unclassified,rabv_ea,11923,7706,8081,351,366,RABV_EA
8eb5c402-9f7b-4ef0-8c25-39e0cded8447,1759,2023-05-09T05:20:01.611556+01:00,unclassified,?,11923,0,0,363,385,?
e546a92a-7833-4bea-997c-0490a44e0b26,535,2023-05-09T05:20:07.611556+01:00,unclassified,rabv_ea,11923,9851,10263,388,405,RABV_EA
61e88a4d-96dc-466c-b190-08c63e055870,648,2023-05-09T05:21:06.611556+01:00,unclassified,rabv_ea,11923,3385,3791,365,384,RABV_EA
bbfa5248-98e4-4ed1-8311-e1fae9a7f307,819,2023-05-09T05:20:24.611556+01:00,unclassified,?,11923,0,0,371,387,?
b40f8601-f71f-483f-87b9-37fc0d2b2e71,479,2023-05-09T05:20:21.611556+01:00,unclassified,rabv_ea,11923,8947,9325,354,369,RABV_EA
b5279d08-2122-4af9-8de6-63fb09b1e38c,1735,2023-05-09T05:21:05.611556+01:00,unclassified,?,11923,0,0,360,377,?
d2d2e756-44c1-4332-8e64-0dcec415a9f9,852,2023-05-09T05:20:31.611556+01:00,unclassified,?,11923,0,0,371,385,?
4256aabc-cb63-4f81-ba54-fbdab55862fc,494,2023-05-09T05:20:30.611556+01:00,unclassified,rabv_ea,11923,7690,8075,340,358,RABV_EA
8c201853-d39f-48a7-9dd3-51a34362b487,844,2023-05-09T05:21:08.611556+01:00,unclassified,?,11923,0,0,358,384,?
456079d0-c885-45af-ae23-5e06f31ab38c,512,2023-05-09T05:21:08.611556+01:00,unclassified,rabv_ea,11923,7686,8080,356,375,RABV_EA
8d3fcd9d-a985-455f-81cc-67bac54d9816,445,2023-05-09T05:20:20.611556+01:00,unclassified,rabv_ea,11923,981,1315,320,327,RABV_EA
caef7130-e534-4054-8aca-e196bf9f7da1,571,2023-05-09T05:20:29.611556+01:00,unclassified,*,0,0,0,0,0,*
6f1a3622-d353-4988-be94-f43b3cb36779,469,2023-05-09T05:20:38.611556+01:00,unclassified,rabv_ea,11923,11110,11487,355,366,RABV_EA
ae0190ff-1f52-4852-ac8b-76fcfb487f27,445,2023-05-09T05:20:32.611556+01:00,unclassified,rabv_ea,11923,7713,8081,352,362,RABV_EA
94ff7732-640b-44be-b081-fbdebda792f9,502,2023-05-09T05:20:22.611556+01:00,unclassified,rabv_ea,11923,11096,11494,376,387,RABV_EA
65d24a1b-3cb6-4644-96b5-d3770912dc36,866,2023-05-09T05:20:21.611556+01:00,unclassified,?,11923,0,0,359,368,?
faa4b5a8-050c-4609-b09a-f289ee0f84c4,461,2023-05-09T05:21:26.611556+01:00,unclassified,rabv_ea,11923,10176,10576,352,385,RABV_EA
0c071684-fc14-419b-9420-e8e7d3427657,638,2023-05-09T05:20:21.611556+01:00,unclassified,rabv_ea,11923,9547,9940,336,365,RABV_EA
d364f5dc-7839-4c0b-9c76-fb5530a311e3,1660,2023-05-09T05:21:23.611556+01:00,unclassified,?,11923,0,0,392,401,?
9c201fe1-80b8-4d0f-992c-b2511c7e7717,440,2023-05-09T05:20:24.611556+01:00,unclassified,rabv_ea,11923,7690,8056,359,364,RABV_EA
41fc0d88-a4f1-49af-8b25-f1481813f544,1250,2023-05-09T05:20:27.611556+01:00,unclassified,?,11923,0,0,374,394,?
73112df5-000a-4af6-9adb-29cdcf96d584,583,2023-05-09T05:20:21.611556+01:00,unclassified,rabv_ea,11923,7690,8079,352,377,RABV_EA
76f199a7-f437-4803-aeba-8f21f36957fe,876,2023-05-09T05:20:39.611556+01:00,unclassified,?,11923,0,0,378,389,?
af375735-45fd-494c-b749-7111c5ffe30b,462,2023-05-09T05:20:23.611556+01:00,unclassified,rabv_ea,11923,7690,8064,361,365,RABV_EA
1527be9c-c81c-4f04-ab01-e425df4aff1e,467,2023-05-09T05:21:24.611556+01:00,unclassified,rabv_ea,11923,5213,5608,370,381,RABV_EA
22d7e3e6-6435-460a-936a-b2a535138ce8,459,2023-05-09T05:20:17.611556+01:00,unclassified,rabv_ea,11923,3062,3457,348,377,RABV_EA
05dd14b1-2e93-4905-b73f-3d8ff2fb9345,1182,2023-05-09T05:20:20.611556+01:00,unclassified,?,11923,0,0,356,363,?
ff855732-7af2-4559-b570-b083f2afa75e,1143,2023-05-09T05:20:22.611556+01:00,unclassified,*,0,0,0,0,0,*
b61c7e40-965b-4607-a3b9-8e7e9a7b20aa,451,2023-05-09T05:21:23.611556+01:00,unclassified,rabv_ea,11923,9851,10248,365,378,RABV_EA
621ab3fa-8005-4f29-8c82-3df379000e0a,359,2023-05-09T05:21:29.611556+01:00,unclassified,rabv_ea,11923,4187,4405,193,208,RABV_EA
e2cc991e-d2f2-4c4b-9ea9-22d0b99a285a,894,2023-05-09T05:21:27.611556+01:00,unclassified,?,11923,0,0,352,359,?
2e69334d-54f0-41fb-9554-f93fff17e930,207,2023-05-09T05:20:20.611556+01:00,unclassified,rabv_ea,11923,1821,1944,120,122,RABV_EA
77f2b75b-5a52-4cfd-ae21-a745335e43aa,454,2023-05-09T05:21:25.611556+01:00,unclassified,rabv_ea,11923,3062,3458,359,378,RABV_EA
d5f2576d-fa3c-4e3f-ad49-20d059dabce1,402,2023-05-09T05:20:20.611556+01:00,unclassified,rabv_ea,11923,9093,9325,219,229,RABV_EA
37c1ecfd-3865-4a0a-8925-cd4bd26bf312,340,2023-05-09T05:20:40.611556+01:00,unclassified,rabv_ea,11923,9090,9311,188,210,RABV_EA
c40be57d-347f-4f43-89bc-0cfea1bbded7,418,2023-05-09T05:21:23.611556+01:00,unclassified,rabv_ea,11923,9065,9325,228,247,RABV_EA
c4c776d1-ae6e-46b9-8fc8-f6fef9a164a3,460,2023-05-09T05:02:51.611556+01:00,unclassified,rabv_ea,11923,5836,6222,366,378,RABV_EA
15480f62-9f12-4539-9b84-af0920c2b180,461,2023-05-09T05:21:29.611556+01:00,unclassified,rabv_ea,11923,7704,8081,345,372,RABV_EA
068ba768-fded-40ac-a9b6-f4ecc02e5aeb,1311,2023-05-09T05:21:37.611556+01:00,unclassified,?,11923,0,0,405,406,?
349f9e56-a91e-454c-9bb0-2afd5ee25aec,472,2023-05-09T05:20:37.611556+01:00,unclassified,rabv_ea,11923,1577,1958,344,365,RABV_EA
f9fbdb00-d291-4a9b-8179-7d3d726c3d96,857,2023-05-09T05:20:37.611556+01:00,unclassified,?,11923,0,0,378,398,?
7306c849-be3a-41ae-b748-1337dc85ea5c,452,2023-05-09T05:21:26.611556+01:00,unclassified,*,0,0,0,0,0,*
8abe584e-7937-4d9f-9cc6-4c9957778379,540,2023-05-09T05:20:40.611556+01:00,unclassified,rabv_ea,11923,319,686,342,358,RABV_EA
a4568b3e-2239-4054-bfb6-70ee7f3a4654,865,2023-05-09T05:20:38.611556+01:00,unclassified,rabv_ea,11923,4633,5050,353,387,RABV_EA
656808d1-045f-4fe5-98d5-30481b59a5c5,462,2023-05-09T05:20:28.611556+01:00,unclassified,rabv_ea,11923,9869,10244,357,369,RABV_EA
57199754-bf87-4331-9dfa-a5434edca15d,477,2023-05-09T05:21:40.611556+01:00,unclassified,rabv_ea,11923,4626,5037,375,392,RABV_EA
41102b6c-a051-45ae-ad63-d5d3cd7300e7,773,2023-05-09T05:21:26.611556+01:00,unclassified,?,11923,0,0,336,349,?
1866c9ae-f204-45da-9297-3b1ae49ceb9a,471,2023-05-09T05:21:28.611556+01:00,unclassified,rabv_ea,11923,3398,3790,368,384,RABV_EA
18f45e98-a5b3-4378-b3d3-18b9226776e3,405,2023-05-09T05:21:40.611556+01:00,unclassified,rabv_ea,11923,4637,4899,246,256,RABV_EA
613dc7df-e746-47b8-8fda-424ee9072906,842,2023-05-09T05:21:23.611556+01:00,unclassified,rabv_ea,11923,9559,10576,750,771,RABV_EA
69dc69de-84eb-457e-9749-7dd6cf8851d7,3705,2023-05-09T05:20:32.611556+01:00,unclassified,?,11923,0,0,376,391,?
2a43f4d2-3a94-4c29-bf42-4d9b6f2d4630,453,2023-05-09T05:20:28.611556+01:00,unclassified,rabv_ea,11923,8944,9325,358,370,RABV_EA
b8eb04bc-c085-4aaf-8205-a4d6091ae3d6,544,2023-05-09T05:20:39.611556+01:00,unclassified,*,0,0,0,0,0,*
c4032227-15d7-426e-b12a-79c4c5a672e3,323,2023-05-09T05:20:39.611556+01:00,unclassified,rabv_ea,11923,614,747,119,125,RABV_EA
5230e9f9-d500-42ad-98bf-3ff5c55d3669,473,2023-05-09T05:21:40.611556+01:00,unclassified,rabv_ea,11923,3390,3761,353,366,RABV_EA
d30de33e-5191-4ae6-84ae-1c832d8fbc73,452,2023-05-09T05:21:30.611556+01:00,unclassified,rabv_ea,11923,5835,6223,359,375,RABV_EA
fdce6cf6-4586-4f93-9857-1b7a60419181,501,2023-05-09T05:21:43.611556+01:00,unclassified,rabv_ea,11923,8927,9317,363,378,RABV_EA
f7fe3dff-fb5d-49b0-a4fe-180807a66bfb,451,2023-05-09T05:03:14.611556+01:00,unclassified,rabv_ea,11923,11391,11780,363,383,RABV_EA
297c5c8b-a1be-4785-9d40-fabbe68d7739,1353,2023-05-09T05:20:38.611556+01:00,unclassified,?,11923,0,0,398,402,?
0b0c64e1-8c5c-4939-bb8c-bbb2f0c475f1,523,2023-05-09T05:20:38.611556+01:00,unclassified,rabv_ea,11923,10164,10576,368,383,RABV_EA
368b1790-8dc8-4016-950d-e26156553788,412,2023-05-09T05:20:43.611556+01:00,unclassified,rabv_ea,11923,5199,5540,305,323,RABV_EA
127f7544-a734-43c3-9715-d9e593fd5992,1257,2023-05-09T05:21:36.611556+01:00,unclassified,?,11923,0,0,339,362,?
ba2d9551-ab5b-45fe-b5a2-0d0fbb9d3c47,501,2023-05-09T05:21:39.611556+01:00,unclassified,rabv_ea,11923,2748,3117,344,360,RABV_EA
3aecde15-930f-4934-b37b-ec5c5e6703b3,437,2023-05-09T05:21:40.611556+01:00,unclassified,rabv_ea,11923,3429,3791,347,356,RABV_EA
26378960-ebb8-45d0-9a08-48c00362ec1d,457,2023-05-09T05:03:51.611556+01:00,unclassified,rabv_ea,11923,2445,2831,363,375,RABV_EA
6e5e5007-3aba-4e9b-a883-90209c9fce41,3185,2023-05-09T05:03:43.611556+01:00,unclassified,?,11923,0,0,380,387,?
a74b7973-d6c7-4c63-b676-f14b0b94f4e7,2116,2023-05-09T05:03:44.611556+01:00,unclassified,?,11923,0,0,382,402,?
33579fe7-4958-405e-9098-629504fdd575,485,2023-05-09T05:03:51.611556+01:00,unclassified,rabv_ea,11923,9854,10254,338,366,RABV_EA
4e273e3e-779c-41f7-bfbe-bee837cf1545,497,2023-05-09T05:03:37.611556+01:00,unclassified,rabv_ea,11923,10164,10569,364,382,RABV_EA
819202f4-7b03-44e6-9c15-ce0fe600c38e,2189,2023-05-09T05:03:42.611556+01:00,unclassified,?,11923,0,0,880,971,?
bc54ba9d-de85-40f6-9256-b74dfad98b1e,465,2023-05-09T05:21:31.611556+01:00,unclassified,rabv_ea,11923,9851,10247,359,382,RABV_EA
db6b41dc-fbcf-42f8-adae-fe449d3a581c,280,2023-05-09T05:21:35.611556+01:00,unclassified,rabv_ea,11923,4347,4544,176,189,RABV_EA
0da21ed6-26ae-4622-b191-ddd6d6a09e34,866,2023-05-09T05:21:33.611556+01:00,unclassified,?,11923,0,0,352,368,?
74f8055e-9650-4af9-8e76-7b91889c6741,228,2023-05-09T05:03:49.611556+01:00,unclassified,rabv_ea,11923,4282,4424,126,130,RABV_EA
4fe66d00-e836-44af-9894-e10bfc5c412e,1409,2023-05-09T05:21:43.611556+01:00,unclassified,?,11923,0,0,384,401,?
042dee40-cb2e-4a46-9a9c-02ea15afbd14,870,2023-05-09T05:02:49.611556+01:00,unclassified,?,11923,0,0,388,401,?
36f08f62-1193-4ef8-af8c-6cbe14cda165,521,2023-05-09T05:21:31.611556+01:00,unclassified,rabv_ea,11923,10170,10570,369,389,RABV_EA
01bd9fe6-0c34-43ea-b6d7-2d0b38cbeb3e,431,2023-05-09T05:20:53.611556+01:00,unclassified,rabv_ea,11923,955,1331,341,360,RABV_EA
04b4db14-fcf2-44af-91a4-ca139fdb05a0,2498,2023-05-09T05:21:52.611556+01:00,unclassified,?,11923,0,0,388,401,?
8cd62df0-1951-4180-a243-b584abd3c3b3,1528,2023-05-09T05:03:45.611556+01:00,unclassified,?,11923,0,0,399,404,?
3fbf0097-4311-4579-9c39-abc9502a2ff6,456,2023-05-09T05:21:32.611556+01:00,unclassified,rabv_ea,11923,7703,8081,356,367,RABV_EA
3fef4ab0-38eb-455f-ac19-6204163cca0c,434,2023-05-09T05:21:33.611556+01:00,unclassified,rabv_ea,11923,11117,11494,346,367,RABV_EA
ec1194c6-a655-4f01-b092-c662054b0efa,570,2023-05-09T05:20:51.611556+01:00,unclassified,rabv_ea,11923,6421,6809,358,371,RABV_EA
157009d8-a282-49de-adf1-ebec834b5aba,351,2023-05-09T05:20:51.611556+01:00,unclassified,*,0,0,0,0,0,*
5e9cf57f-ff5b-4c58-a94c-7c5ff8a40f24,564,2023-05-09T05:21:03.611556+01:00,unclassified,rabv_ea,11923,329,685,318,336,RABV_EA
d5efb80a-7e4c-4b95-9e40-dd734a25a9d0,318,2023-05-09T05:21:06.611556+01:00,unclassified,*,0,0,0,0,0,*
b8fc0c68-d92c-4058-8ce6-2de5fa447ec7,845,2023-05-09T05:03:34.611556+01:00,unclassified,?,11923,0,0,339,367,?
85cfd586-bc45-432f-bcc5-dde57d5a2c9e,455,2023-05-09T05:21:30.611556+01:00,unclassified,rabv_ea,11923,7692,8064,338,359,RABV_EA
4d454502-96d5-47f7-8b75-d6ddf7676e87,935,2023-05-09T05:21:32.611556+01:00,unclassified,?,11923,0,0,377,386,?
da608c16-f2dc-4443-9d69-24b357eba891,565,2023-05-09T05:21:55.611556+01:00,unclassified,rabv_ea,11923,1649,1958,291,304,RABV_EA
4b093dd5-606c-4b05-8ae9-f79346cafcbf,508,2023-05-09T05:21:31.611556+01:00,unclassified,rabv_ea,11923,7690,8081,381,383,RABV_EA
67c25e9d-1bbf-44c2-a9f8-aff475d18c3c,470,2023-05-09T05:21:33.611556+01:00,unclassified,rabv_ea,11923,7719,8078,306,320,RABV_EA
ef5fa595-46f1-48f4-91ae-8a38357ba33c,471,2023-05-09T05:21:30.611556+01:00,unclassified,rabv_ea,11923,4637,5036,375,390,RABV_EA
d637ebdc-7bde-43a6-b810-92dcc235d864,547,2023-05-09T05:20:53.611556+01:00,unclassified,rabv_ea,11923,10170,10573,382,391,RABV_EA
0c1fdb33-9e7b-4186-a799-053eb3eb8f84,537,2023-05-09T05:20:53.611556+01:00,unclassified,rabv_ea,11923,10164,10572,378,392,RABV_EA
eb2f62e4-ba6e-436c-ba2a-fff4db5a63a3,454,2023-05-09T05:20:50.611556+01:00,unclassified,rabv_ea,11923,9851,10244,373,380,RABV_EA
3413fa65-f8c6-4479-91f7-74db3054a2e4,488,2023-05-09T05:03:38.611556+01:00,unclassified,rabv_ea,11923,57,459,388,395,RABV_EA
d75ab28d-b73a-44d2-ac84-dc2067b7a1a1,298,2023-05-09T05:21:49.611556+01:00,unclassified,*,0,0,0,0,0,*
8a8eac55-707b-4db1-ab2c-9affdb22a236,451,2023-05-09T05:20:54.611556+01:00,unclassified,rabv_ea,11923,5200,5586,345,363,RABV_EA
77812561-9342-4d64-ab92-3e045c65798a,895,2023-05-09T05:21:20.611556+01:00,unclassified,rabv_ea,11923,11097,11487,346,367,RABV_EA
d75c9b25-cb43-49d2-93ee-4a0332ea6fc1,451,2023-05-09T05:21:05.611556+01:00,unclassified,rabv_ea,11923,8947,9325,345,364,RABV_EA
82f81b60-cd59-4a64-947d-d8dc0278e368,465,2023-05-09T05:21:18.611556+01:00,unclassified,rabv_ea,11923,1567,1933,351,364,RABV_EA
c7ebc218-910a-4d5a-8d71-d61355ca4b2a,599,2023-05-09T05:21:48.611556+01:00,unclassified,?,11923,0,0,378,398,?
548887fa-fce2-41c3-af29-cd7e549b6216,919,2023-05-09T05:21:02.611556+01:00,unclassified,?,11923,0,0,382,393,?
76068d44-5c70-4059-a75d-375741e1015f,867,2023-05-09T05:21:04.611556+01:00,unclassified,?,11923,0,0,357,383,?
589f3120-1204-4d7d-b92c-4e83a9086f77,498,2023-05-09T05:21:04.611556+01:00,unclassified,rabv_ea,11923,4626,5036,376,391,RABV_EA
d47de40f-e6f5-4401-9649-db57e2449a20,854,2023-05-09T05:21:04.611556+01:00,unclassified,?,11923,0,0,380,398,?
2df34b6c-d3c5-4145-9bc9-c977e63c3266,462,2023-05-09T05:21:47.611556+01:00,unclassified,rabv_ea,11923,5197,5591,364,375,RABV_EA
87d08ad2-ef5e-4bc1-8ffd-8141ac19c9f7,335,2023-05-09T05:21:48.611556+01:00,unclassified,rabv_ea,11923,9090,9325,220,232,RABV_EA
a6bbc26c-da25-4af0-b027-4d17fccc1c90,871,2023-05-09T05:20:46.611556+01:00,unclassified,rabv_ea,11923,10170,11453,695,722,RABV_EA
9a1683a2-4b86-41f0-b5f6-0ed990075587,1740,2023-05-09T05:21:02.611556+01:00,unclassified,?,11923,0,0,392,417,?
c9987db1-6a90-494f-88ef-5dccab028058,1261,2023-05-09T05:21:04.611556+01:00,unclassified,?,11923,0,0,330,349,?
97fa5b81-6ea5-482c-81b5-f5e9f4387cf4,444,2023-05-09T05:21:48.611556+01:00,unclassified,rabv_ea,11923,8945,9325,322,356,RABV_EA
e75e540f-84d2-4415-95b2-f90d464b6fb7,448,2023-05-09T05:20:45.611556+01:00,unclassified,rabv_ea,11923,7706,8081,363,371,RABV_EA
9f39a6d5-7283-45ea-bbb9-819e30bccb81,1368,2023-05-09T05:02:37.611556+01:00,unclassified,?,11923,0,0,380,398,?
72aa2008-8c78-4bbe-a08d-2eeea68e3cf5,866,2023-05-09T05:20:44.611556+01:00,unclassified,?,11923,0,0,344,370,?
aba11633-ca1a-42dd-947c-785fd4ed45ca,1302,2023-05-09T05:20:56.611556+01:00,unclassified,?,11923,0,0,393,402,?
36ea7ffc-bc0f-4928-aea5-43abcf4ae67c,383,2023-05-09T05:22:08.611556+01:00,unclassified,rabv_ea,11923,4187,4424,228,232,RABV_EA
90bf7a2c-127a-46bb-ac54-690516df281c,440,2023-05-09T05:21:12.611556+01:00,unclassified,rabv_ea,11923,9851,10247,357,370,RABV_EA
a3797f95-ab44-49de-8b08-6744aa47f19f,830,2023-05-09T05:20:55.611556+01:00,unclassified,?,11923,0,0,256,277,?
0ff839b0-1432-4863-906a-799380f375fd,452,2023-05-09T05:21:12.611556+01:00,unclassified,rabv_ea,11923,5834,6213,344,360,RABV_EA
4216b2d1-4517-4db7-9a2f-83ed8a685653,447,2023-05-09T05:22:09.611556+01:00,unclassified,rabv_ea,11923,1864,2248,357,369,RABV_EA
6c39f6f2-5af9-4c43-89a5-f66eda4280e5,516,2023-05-09T05:20:48.611556+01:00,unclassified,rabv_ea,11923,1552,1958,397,403,RABV_EA
e16e4d79-e711-4319-a1b1-7269d4092f96,376,2023-05-09T05:22:08.611556+01:00,unclassified,rabv_ea,11923,1864,2193,280,307,RABV_EA
bc0f6609-59e1-4d34-95da-187e40df4a08,522,2023-05-09T05:22:07.611556+01:00,unclassified,rabv_ea,11923,10164,10576,369,392,RABV_EA
ad5ea637-0885-4c03-b468-e8e3e696752b,529,2023-05-09T05:22:09.611556+01:00,unclassified,rabv_ea,11923,10164,10576,376,394,RABV_EA
a4456068-a266-4c41-a7c8-53865aafbd10,1754,2023-05-09T05:21:15.611556+01:00,unclassified,?,11923,0,0,369,378,?
40ec2b99-7136-4a6a-ac95-185b407fc8a9,461,2023-05-09T05:21:21.611556+01:00,unclassified,rabv_ea,11923,3399,3791,364,378,RABV_EA
ebd3d6f5-507a-4741-90f9-f9ed68eb507d,444,2023-05-09T05:21:01.611556+01:00,unclassified,rabv_ea,11923,1569,1946,361,368,RABV_EA
7d700a3c-49ee-41bc-9aec-10ba806175a0,465,2023-05-09T05:20:58.611556+01:00,unclassified,rabv_ea,11923,4894,5283,359,376,RABV_EA
cb562846-8ded-400b-a11e-311240fb3a22,338,2023-05-09T05:21:01.611556+01:00,unclassified,rabv_ea,11923,9098,9325,202,216,RABV_EA
89fe1b94-2d6f-4136-aada-3bed5905e5a6,479,2023-05-09T05:21:00.611556+01:00,unclassified,rabv_ea,11923,5211,5592,340,368,RABV_EA
3022f2eb-99c0-4c79-aadb-4244feef3305,452,2023-05-09T05:20:55.611556+01:00,unclassified,rabv_ea,11923,5196,5593,355,373,RABV_EA
4e2962af-6c28-4085-b4b9-3ce7c0c101fb,1179,2023-05-09T05:21:57.611556+01:00,unclassified,?,11923,0,0,377,385,?
0e25e556-05c9-4553-863a-195be9eb7b94,353,2023-05-09T05:21:56.611556+01:00,unclassified,rabv_ea,11923,8622,8907,250,269,RABV_EA
c2ff4102-26e3-4ba5-a0f6-474f8522d76d,713,2023-05-09T05:21:31.611556+01:00,unclassified,?,11923,0,0,305,312,?
119fcce5-7b21-4380-826d-0af19be5fa73,899,2023-05-09T05:22:07.611556+01:00,unclassified,?,11923,0,0,376,395,?
a7cdf9be-7b15-4a05-8c12-9501aa9beffa,502,2023-05-09T05:21:56.611556+01:00,unclassified,rabv_ea,11923,9851,10260,367,376,RABV_EA
aac5228b-7f0c-41b0-a834-2cdbff120656,827,2023-05-09T05:21:17.611556+01:00,unclassified,?,11923,0,0,350,363,?
ac69767b-f785-4542-889c-809a35de6fec,232,2023-05-09T05:21:58.611556+01:00,unclassified,*,0,0,0,0,0,*
34a28dfb-3850-45e8-9b7b-10a0a4772e8d,929,2023-05-09T05:21:56.611556+01:00,unclassified,?,11923,0,0,387,394,?
43fdb8fa-536b-4af1-9f7f-f2cbda40ac1b,470,2023-05-09T05:20:49.611556+01:00,unclassified,rabv_ea,11923,10164,10561,362,390,RABV_EA
e45c2a7c-e1a7-45f3-9da1-ba9f9cd182e6,471,2023-05-09T05:21:56.611556+01:00,unclassified,*,0,0,0,0,0,*
44df772a-c31e-4687-8511-053c727b5f1f,1300,2023-05-09T05:21:30.611556+01:00,unclassified,?,11923,0,0,382,399,?
b1e42058-1981-4d2f-bc23-2f6844ed017e,1746,2023-05-09T05:22:02.611556+01:00,unclassified,?,11923,0,0,383,396,?
9dcb7085-14a5-4b82-869f-233fc7d17ee6,3042,2023-05-09T05:21:58.611556+01:00,unclassified,?,11923,0,0,648,678,?
8203d94b-1a15-4923-bdf6-ae2b0bf39e1f,461,2023-05-09T05:21:13.611556+01:00,unclassified,rabv_ea,11923,4637,5036,351,374,RABV_EA
362b437a-3d03-4f30-8c06-5cb057e81f1a,1293,2023-05-09T05:21:55.611556+01:00,unclassified,?,11923,0,0,381,395,?
9fc6c5d5-4d5e-45c6-9a30-ee09f27ebe2f,450,2023-05-09T05:21:58.611556+01:00,unclassified,rabv_ea,11923,1568,1958,350,370,RABV_EA
7982b957-3f67-4921-93ea-a44e3e2645e8,232,2023-05-09T05:22:06.611556+01:00,unclassified,rabv_ea,11923,631,732,98,100,RABV_EA
2d4185aa-c83d-4b74-9228-7679afa7c444,1644,2023-05-09T05:21:55.611556+01:00,unclassified,?,11923,0,0,370,386,?
abfe4688-724d-454e-b2c8-c4053ca34204,1325,2023-05-09T05:21:54.611556+01:00,unclassified,?,11923,0,0,374,397,?
d7841f47-ce09-4c4d-82ea-556413d397b7,917,2023-05-09T05:20:48.611556+01:00,unclassified,?,11923,0,0,337,350,?
ab8c0af0-ca0c-4f84-bb15-4cc268c1b764,447,2023-05-09T05:22:04.611556+01:00,unclassified,rabv_ea,11923,7706,8082,335,354,RABV_EA
b9b6f221-3da0-4486-9ce9-e9b0aa93f6af,1499,2023-05-09T05:21:31.611556+01:00,unclassified,?,11923,0,0,347,368,?
cd751dda-bfc6-4349-82e7-a63b819466cb,850,2023-05-09T05:22:16.611556+01:00,unclassified,?,11923,0,0,377,389,?
e7577a4c-73ff-49fa-98b5-86ef5928fcae,453,2023-05-09T05:22:17.611556+01:00,unclassified,rabv_ea,11923,8966,9325,340,349,RABV_EA
3410a61f-1b5d-4b59-8eca-5103add6b887,504,2023-05-09T05:21:34.611556+01:00,unclassified,rabv_ea,11923,7715,8068,319,335,RABV_EA
51d1abdf-47b9-407d-b2e9-3118838bafff,446,2023-05-09T05:21:55.611556+01:00,unclassified,rabv_ea,11923,11111,11485,331,359,RABV_EA
c6c712af-beb5-48f0-9a74-f52a9da7c019,280,2023-05-09T05:22:06.611556+01:00,unclassified,rabv_ea,11923,11297,11487,176,185,RABV_EA
b3feb536-a372-4e9f-9f7a-bf0074856d51,2025,2023-05-09T05:21:52.611556+01:00,unclassified,?,11923,0,0,356,378,?
a76e2976-c181-42c8-9ecc-1a09fabad863,474,2023-05-09T05:21:13.611556+01:00,unclassified,rabv_ea,11923,5854,6223,336,362,RABV_EA
0c772dc1-dd7e-4de6-931c-ca5c11a80cf4,457,2023-05-09T05:21:53.611556+01:00,unclassified,rabv_ea,11923,9879,10241,331,351,RABV_EA
ec780ad8-1320-4cea-a4e0-4c15dd7d4b79,853,2023-05-09T05:21:53.611556+01:00,unclassified,?,11923,0,0,366,390,?
ea5854f5-f10d-403c-8821-7f9c85c6d1e8,319,2023-05-09T05:21:10.611556+01:00,unclassified,rabv_ea,11923,9696,9939,220,231,RABV_EA
925511a6-e2a8-47d4-b3c8-ac0a5d31df2c,932,2023-05-09T05:21:55.611556+01:00,unclassified,?,11923,0,0,363,379,?
889267f2-466e-4a6a-9626-59da71311595,446,2023-05-09T05:22:11.611556+01:00,unclassified,rabv_ea,11923,1552,1941,344,363,RABV_EA
5b3b4100-672f-4b39-abb9-c032f34a3c9a,858,2023-05-09T05:22:24.611556+01:00,unclassified,?,11923,0,0,360,372,?
e2cb21a1-7594-4e65-9f46-5129e6bfc2be,840,2023-05-09T05:21:50.611556+01:00,unclassified,?,11923,0,0,367,385,?
6d41e255-19f1-4afd-81ec-1a501ef2d5ed,2189,2023-05-09T05:22:11.611556+01:00,unclassified,rabv_ea,11923,6436,6830,371,379,RABV_EA
96eb2cc8-cd75-4365-8f6f-251b01ff1cab,910,2023-05-09T05:22:14.611556+01:00,unclassified,?,11923,0,0,330,353,?
3640a59f-44a5-4e16-8503-7785ddedf6c9,461,2023-05-09T05:22:18.611556+01:00,unclassified,rabv_ea,11923,1571,1958,356,370,RABV_EA
892efd61-8b1d-42d7-aacd-02243ce6be79,881,2023-05-09T05:22:16.611556+01:00,unclassified,?,11923,0,0,376,389,?
718be36e-7a3a-4f07-b71f-ae0ad9c00469,1286,2023-05-09T05:21:09.611556+01:00,unclassified,?,11923,0,0,394,402,?
0bab54b1-fc90-47db-8d25-a4af1b6feb54,869,2023-05-09T05:22:21.611556+01:00,unclassified,?,11923,0,0,386,396,?
b6c0c5cb-ef0e-4a6e-95ee-80097b8fa6bd,438,2023-05-09T05:21:53.611556+01:00,unclassified,rabv_ea,11923,7076,7467,341,361,RABV_EA
f1c6215f-3daa-4ee2-8e86-a221474c152a,410,2023-05-09T05:21:12.611556+01:00,unclassified,rabv_ea,11923,4194,4424,203,222,RABV_EA
a03bd327-34e1-4dc7-8f67-9fd4cf96d22d,838,2023-05-09T05:21:52.611556+01:00,unclassified,?,11923,0,0,346,360,?
b497d7c0-2f12-42ad-b7ef-cde45e6fe33c,909,2023-05-09T05:22:19.611556+01:00,unclassified,rabv_ea,11923,7690,8019,285,305,RABV_EA
0ee4565e-d8e6-4391-9160-e4222655673a,887,2023-05-09T05:21:53.611556+01:00,unclassified,?,11923,0,0,368,373,?
5134db61-0d1d-43aa-8695-e85c36ec958c,473,2023-05-09T05:02:53.611556+01:00,unclassified,rabv_ea,11923,10164,10513,303,316,RABV_EA
5aefdff1-db49-4dc7-a3cd-7fe9d859c25d,504,2023-05-09T05:21:51.611556+01:00,unclassified,rabv_ea,11923,7689,8081,362,373,RABV_EA
2e974a00-7fa0-4304-9e80-76a7698e3e82,1284,2023-05-09T05:22:24.611556+01:00,unclassified,?,11923,0,0,366,383,?
9140ba4c-2ee1-44bd-81ec-31960711cac2,434,2023-05-09T05:22:27.611556+01:00,unclassified,rabv_ea,11923,3433,3791,346,355,RABV_EA
fa972157-7a12-4dd9-a91a-bca9c965a4cc,810,2023-05-09T05:22:16.611556+01:00,unclassified,?,11923,0,0,331,343,?
6dfdaf93-f958-42e6-a62e-07e469619324,471,2023-05-09T05:22:27.611556+01:00,unclassified,rabv_ea,11923,10164,10562,369,389,RABV_EA
b7c36523-bede-4598-975a-29e28b3e35c7,446,2023-05-09T05:22:47.611556+01:00,unclassified,rabv_ea,11923,11110,11494,345,373,RABV_EA
a7e44a12-922d-4f37-8e42-74534e4c564d,1353,2023-05-09T05:22:42.611556+01:00,unclassified,?,11923,0,0,384,404,?
af4f9f4d-340b-48f8-9014-b5df998c270c,897,2023-05-09T05:21:22.611556+01:00,unclassified,?,11923,0,0,365,387,?
6cdbf4c2-7c0f-486e-bfbc-425c3e70de99,475,2023-05-09T05:21:25.611556+01:00,unclassified,rabv_ea,11923,10164,10531,315,355,RABV_EA
062504f6-bd8d-4b70-9924-848907395fc5,882,2023-05-09T05:02:20.611556+01:00,unclassified,?,11923,0,0,339,368,?
98c3e47f-9eb6-4fc8-a307-87649e6201e5,799,2023-05-09T05:21:23.611556+01:00,unclassified,?,11923,0,0,348,365,?
3ffde755-de29-4403-b9c0-d4c028374e12,643,2023-05-09T05:02:40.611556+01:00,unclassified,?,11923,0,0,159,169,?
a0321e66-d725-4bd7-8e8c-d5e6a998cf52,836,2023-05-09T05:02:51.611556+01:00,unclassified,?,11923,0,0,365,376,?
dc898b9e-3e88-4c6c-9438-c35ae763cbcc,1295,2023-05-09T05:02:20.611556+01:00,unclassified,?,11923,0,0,382,401,?
5d6176b6-869e-471f-a516-14b59b4fba39,1803,2023-05-09T05:22:24.611556+01:00,unclassified,?,11923,0,0,384,397,?
f1da2d93-14ff-423c-9066-a8afe0aef648,450,2023-05-09T05:02:42.611556+01:00,unclassified,rabv_ea,11923,79,459,350,365,RABV_EA
4f133881-0dcd-4776-b5e9-c28b366dcbf5,446,2023-05-09T05:22:25.611556+01:00,unclassified,rabv_ea,11923,3062,3455,345,365,RABV_EA
f012cb79-6fcf-4756-9f92-993141653cbb,818,2023-05-09T05:21:23.611556+01:00,unclassified,rabv_ea,11923,1873,2817,661,708,RABV_EA
ea68aae7-49a1-4405-9b4d-22c1a95ead53,869,2023-05-09T05:22:41.611556+01:00,unclassified,?,11923,0,0,329,353,?
c35c13fc-244c-4b20-b639-02be416d8be8,476,2023-05-09T05:22:25.611556+01:00,unclassified,rabv_ea,11923,9851,10240,359,371,RABV_EA
75514fa2-7d55-48e9-af06-73e99c4aa626,644,2023-05-09T05:02:52.611556+01:00,unclassified,rabv_ea,11923,11394,11788,340,367,RABV_EA
d8bc0007-7920-4217-a788-d92dd6c495d1,2400,2023-05-09T05:02:36.611556+01:00,unclassified,?,11923,0,0,367,386,?
819a6401-db2b-4d94-a9e3-be2d02c838a2,1219,2023-05-09T05:02:37.611556+01:00,unclassified,?,11923,0,0,360,383,?
c0bb0168-24c9-4509-ad21-8d43e86129e9,357,2023-05-09T05:22:43.611556+01:00,unclassified,rabv_ea,11923,613,744,121,127,RABV_EA
0478cd8b-50ac-48fa-b220-48f33527290e,432,2023-05-09T05:02:40.611556+01:00,unclassified,rabv_ea,11923,952,1331,330,349,RABV_EA
d02b08f9-8fd3-45bf-9272-58e5df11e094,884,2023-05-09T05:02:21.611556+01:00,unclassified,?,11923,0,0,373,403,?
900ce89c-af86-4c64-b466-61e171a9b229,277,2023-05-09T05:02:23.611556+01:00,unclassified,rabv_ea,11923,7748,8009,253,258,RABV_EA
38833b50-cea2-429a-84da-40127fff812d,278,2023-05-09T05:21:20.611556+01:00,unclassified,rabv_ea,11923,3383,3585,186,200,RABV_EA
de2a8e73-77e2-4e76-8633-f7a08cd6df51,829,2023-05-09T05:22:45.611556+01:00,unclassified,?,11923,0,0,348,356,?
a1a09bf2-0e25-4e83-b90e-9eafc54f317f,491,2023-05-09T05:22:05.611556+01:00,unclassified,rabv_ea,11923,7690,8081,338,356,RABV_EA
589e2b1e-5a70-4860-ad3c-12b5a63f8155,434,2023-05-09T05:22:03.611556+01:00,unclassified,rabv_ea,11923,4914,5260,297,327,RABV_EA
2dce0e6e-5a3e-4adf-a01f-42c2c6d2ffb4,361,2023-05-09T05:22:45.611556+01:00,unclassified,*,0,0,0,0,0,*
97e831ac-3fcd-4ba9-9ef6-4b8a31fe6c41,1729,2023-05-09T05:21:21.611556+01:00,unclassified,?,11923,0,0,371,390,?
eb2f2b76-2854-4e6d-b57c-6e075388fab1,463,2023-05-09T05:22:07.611556+01:00,unclassified,rabv_ea,11923,7709,8077,360,364,RABV_EA
e7af1738-8f96-4fca-b5f7-55fe2a9aa589,495,2023-05-09T05:21:23.611556+01:00,unclassified,rabv_ea,11923,9117,9313,170,182,RABV_EA
605b9945-6902-4234-8864-69d91bfc7570,863,2023-05-09T05:22:44.611556+01:00,unclassified,?,11923,0,0,353,371,?
39294761-ad8c-43b6-92a0-8718c6674463,509,2023-05-09T05:22:45.611556+01:00,unclassified,rabv_ea,11923,7692,8077,349,367,RABV_EA
e9f94323-7824-4f62-a1e2-b6d18cc4c941,891,2023-05-09T05:21:20.611556+01:00,unclassified,?,11923,0,0,344,359,?
401d777d-88e7-44fe-a6d9-2c97bd742d5d,529,2023-05-09T05:22:44.611556+01:00,unclassified,rabv_ea,11923,10164,10576,372,392,RABV_EA
7866d243-81fb-4ad6-8984-2d52fcd4cfee,438,2023-05-09T05:22:44.611556+01:00,unclassified,rabv_ea,11923,6133,6513,341,352,RABV_EA
56e7b27f-28ff-4925-8162-6f1a34a5bd0d,452,2023-05-09T05:22:41.611556+01:00,unclassified,rabv_ea,11923,7690,8071,346,365,RABV_EA
028c0b3d-7ca7-4657-bf2e-db281e7c0e77,884,2023-05-09T05:02:18.611556+01:00,unclassified,?,11923,0,0,342,361,?
fd9d0051-61f9-4582-8438-6febb5627996,464,2023-05-09T05:22:47.611556+01:00,unclassified,rabv_ea,11923,7704,8077,343,358,RABV_EA
e0eece2d-9333-478b-b875-a529e93980f7,473,2023-05-09T05:22:04.611556+01:00,unclassified,rabv_ea,11923,5207,5608,375,389,RABV_EA
419ec649-3f9d-473d-9f30-98f8aed6e5ff,831,2023-05-09T05:02:19.611556+01:00,unclassified,rabv_ea,11923,2779,3121,288,308,RABV_EA
dcbed2ca-36de-489b-945a-1916ddd984ea,440,2023-05-09T05:21:20.611556+01:00,unclassified,rabv_ea,11923,7702,8081,351,369,RABV_EA
a0a4a489-e111-4608-a612-e1ab95be34b8,882,2023-05-09T05:22:06.611556+01:00,unclassified,?,11923,0,0,371,394,?
41e1a2fb-3d94-421b-9d0d-98dd54cb1df1,497,2023-05-09T05:22:08.611556+01:00,unclassified,rabv_ea,11923,1870,2254,338,354,RABV_EA
30cc9511-682f-4eed-a07c-eeb0d1a354b4,748,2023-05-09T05:22:33.611556+01:00,unclassified,?,11923,0,0,359,386,?
0c6baa60-7f68-428d-a68a-7139b7452058,520,2023-05-09T05:22:35.611556+01:00,unclassified,rabv_ea,11923,3704,4100,361,383,RABV_EA
d03c5b6b-b5d9-481b-96f6-e2c3d7dc1bb8,464,2023-05-09T05:22:26.611556+01:00,unclassified,rabv_ea,11923,8940,9325,367,380,RABV_EA
4046a427-675a-4749-9eae-ac4ceb70c790,884,2023-05-09T05:22:25.611556+01:00,unclassified,?,11923,0,0,371,384,?
d7b6e123-b12d-4fa0-9f83-0d5d850a8f8f,809,2023-05-09T05:21:34.611556+01:00,unclassified,?,11923,0,0,342,371,?
4c47f948-0e68-49e5-ae0f-147fdab713f2,1949,2023-05-09T05:22:38.611556+01:00,unclassified,?,11923,0,0,383,397,?
47a40a75-c72b-4faf-a581-967365ff324f,1377,2023-05-09T05:22:31.611556+01:00,unclassified,?,11923,0,0,777,813,?
49517c0f-bc22-4471-bba6-6f865ce97156,828,2023-05-09T05:02:08.611556+01:00,unclassified,rabv_ea,11923,3405,3790,333,354,RABV_EA
b2a5f086-2f83-458f-a854-ce40917ea16a,192,2023-05-09T05:22:36.611556+01:00,unclassified,rabv_ea,11923,10164,10275,107,110,RABV_EA
bc011cda-4118-4b79-9b93-26c1c03cd917,908,2023-05-09T05:22:06.611556+01:00,unclassified,?,11923,0,0,371,388,?
7d300fb8-f761-42b7-a741-567078fdf222,445,2023-05-09T05:21:35.611556+01:00,unclassified,rabv_ea,11923,1569,1958,339,366,RABV_EA
5f16f019-d284-4a6c-99c3-c8fd004cc456,480,2023-05-09T05:21:37.611556+01:00,unclassified,rabv_ea,11923,8942,9325,338,374,RABV_EA
47900df7-60ef-4a61-a62f-ad73d2c91146,461,2023-05-09T05:22:05.611556+01:00,unclassified,rabv_ea,11923,5246,5581,310,320,RABV_EA
9a1b1e7a-7a23-4014-b58e-ca7defd20611,915,2023-05-09T05:22:04.611556+01:00,unclassified,?,11923,0,0,358,372,?
f221260d-2de6-4245-bef3-5b7433412a2f,442,2023-05-09T05:22:04.611556+01:00,unclassified,rabv_ea,11923,7703,8071,350,354,RABV_EA
98159f7e-4a28-4b2d-aee2-87785f99051b,446,2023-05-09T05:21:36.611556+01:00,unclassified,rabv_ea,11923,7704,8077,363,367,RABV_EA
276a12c3-d206-4e78-a260-27a763f02a11,527,2023-05-09T05:22:57.611556+01:00,unclassified,rabv_ea,11923,9545,9931,333,360,RABV_EA
a99514c8-e8be-43e9-8962-dc20f8e4c110,528,2023-05-09T05:22:57.611556+01:00,unclassified,rabv_ea,11923,6423,6824,378,390,RABV_EA
76311d6b-02d3-48e1-a6a6-62907567072f,448,2023-05-09T05:21:46.611556+01:00,unclassified,rabv_ea,11923,6424,6820,354,371,RABV_EA
f0ab7daf-f593-4669-8221-91dd79666e65,1691,2023-05-09T05:22:56.611556+01:00,unclassified,?,11923,0,0,895,970,?
2a005d3b-ccf5-492c-ac59-91ece7474bb4,836,2023-05-09T05:22:26.611556+01:00,unclassified,?,11923,0,0,337,353,?
f98968c7-8508-4678-afff-29ebf6cc3d06,393,2023-05-09T05:22:26.611556+01:00,unclassified,rabv_ea,11923,9109,9325,201,216,RABV_EA
018401a4-a7b8-4f82-a432-3c98d3d1544e,344,2023-05-09T05:22:00.611556+01:00,unclassified,rabv_ea,11923,4187,4422,225,232,RABV_EA
18542ffb-c7bc-4302-a5f8-103b6373d911,346,2023-05-09T05:22:35.611556+01:00,unclassified,rabv_ea,11923,9151,9317,142,151,RABV_EA
97989ad0-10bc-40d8-8203-1c2cbdee1570,517,2023-05-09T05:22:35.611556+01:00,unclassified,*,0,0,0,0,0,*
ddf39f38-8395-459d-8593-3aeb4f1be9e1,864,2023-05-09T05:21:35.611556+01:00,unclassified,?,11923,0,0,373,390,?
f3721c0b-f8c8-4683-a029-60e275d50d70,876,2023-05-09T05:21:37.611556+01:00,unclassified,?,11923,0,0,359,374,?
faf8d551-d74d-492e-8436-cc523d4b6045,338,2023-05-09T05:22:35.611556+01:00,unclassified,rabv_ea,11923,613,742,124,128,RABV_EA
afc34cc2-cceb-4b02-8932-199a0cbe3428,455,2023-05-09T05:21:34.611556+01:00,unclassified,rabv_ea,11923,8941,9325,352,367,RABV_EA
6bab1873-1339-4916-a536-aade54e833a8,449,2023-05-09T05:21:38.611556+01:00,unclassified,rabv_ea,11923,955,1324,338,354,RABV_EA
27b39747-8a99-4a91-bcec-c3529d4e40da,873,2023-05-09T05:22:31.611556+01:00,unclassified,?,11923,0,0,356,369,?
8129c3ab-6596-4383-85bb-37c13b667ba4,1056,2023-05-09T05:21:33.611556+01:00,unclassified,rabv_ea,11923,6449,7471,865,939,RABV_EA
cbd7630c-0728-441b-b1c2-33d9564a1965,895,2023-05-09T05:21:44.611556+01:00,unclassified,?,11923,0,0,361,382,?
8d5dade9-83c9-4621-8f72-ece9e0202e31,881,2023-05-09T05:21:45.611556+01:00,unclassified,?,11923,0,0,381,384,?
eb8bdccf-cd57-44b2-b620-75b931ba8b83,521,2023-05-09T05:21:45.611556+01:00,unclassified,rabv_ea,11923,6139,6523,357,369,RABV_EA
655fcad0-419d-49e5-b0cc-66e75360d38e,460,2023-05-09T05:21:43.611556+01:00,unclassified,rabv_ea,11923,5211,5608,371,379,RABV_EA
b14114f3-ff07-4a29-b686-020c2bd90d2c,441,2023-05-09T05:22:25.611556+01:00,unclassified,rabv_ea,11923,9580,9940,323,348,RABV_EA
900ce9f1-1ee4-4317-b74f-6c4e30fda2ea,469,2023-05-09T05:23:05.611556+01:00,unclassified,rabv_ea,11923,5196,5592,372,388,RABV_EA
b84d358b-41b0-46d1-b641-6b150f61f451,535,2023-05-09T05:23:04.611556+01:00,unclassified,rabv_ea,11923,10190,10573,327,367,RABV_EA
015e5d16-6d96-4de6-9c73-864be3a642ff,844,2023-05-09T05:23:05.611556+01:00,unclassified,?,11923,0,0,387,398,?
66b0e08e-6065-4793-904a-a632ea39376d,860,2023-05-09T05:22:10.611556+01:00,unclassified,?,11923,0,0,365,377,?
73443e13-f471-469e-8ee8-7591938dcb3a,860,2023-05-09T05:22:00.611556+01:00,unclassified,?,11923,0,0,380,399,?
f2829ef6-8241-4cf2-8ccb-9cbbe8554c2f,459,2023-05-09T05:02:02.611556+01:00,unclassified,rabv_ea,11923,9879,10260,339,366,RABV_EA
9875ae0e-0bb8-4a80-a1d1-f0aea2239284,452,2023-05-09T05:22:14.611556+01:00,unclassified,rabv_ea,11923,5846,6222,336,358,RABV_EA
5ea1b47c-e7cd-44b3-835f-2dee4d787d9c,462,2023-05-09T05:22:00.611556+01:00,unclassified,rabv_ea,11923,7702,8078,362,372,RABV_EA
f667f8b9-1823-4152-9d6a-3ff418714b05,476,2023-05-09T05:22:03.611556+01:00,unclassified,rabv_ea,11923,10177,10576,369,390,RABV_EA
5c18ffa3-ce63-4d04-95f5-d6bc18af41dd,865,2023-05-09T05:01:58.611556+01:00,unclassified,?,11923,0,0,384,402,?
d2e183c5-7765-4928-b2fa-a2a71c9e1af9,500,2023-05-09T05:01:36.611556+01:00,unclassified,rabv_ea,11923,6450,6828,363,368,RABV_EA
574b0724-f6a8-4108-ae25-01344e862a8c,861,2023-05-09T05:23:02.611556+01:00,unclassified,?,11923,0,0,368,378,?
12f2b130-5f83-4147-beed-7e3f0add7a11,475,2023-05-09T05:22:00.611556+01:00,unclassified,rabv_ea,11923,3067,3456,353,372,RABV_EA
36ffb4f2-72c6-44e4-9b5c-1da19c3771bc,464,2023-05-09T05:22:14.611556+01:00,unclassified,rabv_ea,11923,10172,10562,361,381,RABV_EA
bd131a0c-58a2-4015-ba25-c739cdaad393,1241,2023-05-09T05:21:42.611556+01:00,unclassified,rabv_ea,11923,8927,9924,868,932,RABV_EA
3c71f35b-7af2-45d7-9f48-235acc91d2be,885,2023-05-09T05:21:43.611556+01:00,unclassified,?,11923,0,0,381,394,?
5795dfc8-2b05-43ef-9b78-f053954b905c,459,2023-05-09T05:23:05.611556+01:00,unclassified,rabv_ea,11923,3383,3776,374,383,RABV_EA
c2bf9d81-5baa-4567-a5e5-948d2543c996,486,2023-05-09T05:21:43.611556+01:00,unclassified,rabv_ea,11923,7689,8066,352,357,RABV_EA
9ee2a210-5966-49d5-b9f6-5680593e77ec,468,2023-05-09T05:23:05.611556+01:00,unclassified,rabv_ea,11923,6424,6820,351,376,RABV_EA
b196442c-1a06-4484-b5d2-d9d9f470a91f,512,2023-05-09T05:21:47.611556+01:00,unclassified,rabv_ea,11923,8945,9303,335,351,RABV_EA
774f9711-689e-4a36-a5ad-b75477791e0b,1335,2023-05-09T05:23:03.611556+01:00,unclassified,?,11923,0,0,378,403,?
0406ef5b-8c4e-4d54-a073-467292e5ef3a,492,2023-05-09T05:21:48.611556+01:00,unclassified,rabv_ea,11923,10167,10576,389,400,RABV_EA
4a66595e-cc54-4bd8-ac20-8b1d9a55f37c,842,2023-05-09T05:21:46.611556+01:00,unclassified,?,11923,0,0,348,369,?
37d35d75-4609-4dc1-aa48-d1e6ae2ecbcc,1319,2023-05-09T05:21:58.611556+01:00,unclassified,?,11923,0,0,373,391,?
807d7c2b-5ce8-4684-a9d3-d4f89edb69a6,508,2023-05-09T05:22:55.611556+01:00,unclassified,rabv_ea,11923,7707,8081,327,348,RABV_EA
9d6aa0c6-b6be-4c5e-9651-01f3a562ab6e,1228,2023-05-09T05:21:47.611556+01:00,unclassified,?,11923,0,0,368,390,?
ea68f858-3631-4e14-8c1a-ab51facec69e,858,2023-05-09T05:21:47.611556+01:00,unclassified,rabv_ea,11923,8927,9325,350,373,RABV_EA
43fe3773-dd2f-4ca1-bec2-d65fd85f15f7,1213,2023-05-09T05:21:57.611556+01:00,unclassified,?,11923,0,0,343,361,?
73ea350c-75d9-4e42-9def-e6fc315b811e,519,2023-05-09T05:22:02.611556+01:00,unclassified,rabv_ea,11923,1564,1915,328,343,RABV_EA
5ffe5ba7-192d-41db-a513-1796d160cb5c,897,2023-05-09T05:22:02.611556+01:00,unclassified,?,11923,0,0,356,382,?
7db8f0fe-7643-46af-94e8-50b643effb72,192,2023-05-09T05:22:02.611556+01:00,unclassified,*,0,0,0,0,0,*
36a90e40-c37c-483c-ad3d-ff9c87d3ab50,458,2023-05-09T05:23:00.611556+01:00,unclassified,rabv_ea,11923,953,1324,340,354,RABV_EA
1e146ac8-4690-47c4-90ce-53ebe3282fa9,3310,2023-05-09T05:01:41.611556+01:00,unclassified,?,11923,0,0,664,698,?
70572198-8ba9-4f41-aa59-214809a28521,455,2023-05-09T05:21:59.611556+01:00,unclassified,rabv_ea,11923,9851,10248,359,377,RABV_EA
8e20f673-478d-4edd-a235-cce22d6b0ace,1316,2023-05-09T05:21:58.611556+01:00,unclassified,?,11923,0,0,309,329,?
a2f82c42-ade5-4ab1-9118-46bf5a6bf9ae,610,2023-05-09T05:21:47.611556+01:00,unclassified,rabv_ea,11923,10164,10526,336,359,RABV_EA
c95a2540-3f05-466a-9268-4fb9af54c03c,609,2023-05-09T05:22:42.611556+01:00,unclassified,?,11923,0,0,325,361,?
422f1163-7945-4087-9913-42efbb6ae9be,1037,2023-05-09T05:23:02.611556+01:00,unclassified,?,11923,0,0,389,403,?
6d4b01ac-4ca0-402a-ae8b-3b0b43d68967,348,2023-05-09T05:23:01.611556+01:00,unclassified,rabv_ea,11923,9058,9322,249,255,RABV_EA
f4ba35b6-a8de-4319-b928-7610ca1b5af2,879,2023-05-09T05:23:03.611556+01:00,unclassified,?,11923,0,0,390,398,?
79f5a672-ac42-4ace-ba16-8cb456b680b4,450,2023-05-09T05:02:20.611556+01:00,unclassified,rabv_ea,11923,5854,6223,347,360,RABV_EA
70447d84-64a9-4284-a8f1-97fb9c6eaf7e,893,2023-05-09T05:02:21.611556+01:00,unclassified,?,11923,0,0,361,380,?
8dce9b37-5e8c-4c25-a37d-df0d72ad9e4a,464,2023-05-09T05:22:21.611556+01:00,unclassified,rabv_ea,11923,11407,11796,369,385,RABV_EA
05bf16c6-702a-4e39-a35d-dd5789a41439,523,2023-05-09T05:22:00.611556+01:00,unclassified,rabv_ea,11923,10164,10572,363,379,RABV_EA
461d00db-2b78-49b0-8c1f-aff38cfb2aae,422,2023-05-09T05:23:24.611556+01:00,unclassified,rabv_ea,11923,75,449,322,345,RABV_EA
7e14063d-cf01-453a-ac7e-a2971a02c48f,255,2023-05-09T05:22:54.611556+01:00,unclassified,*,0,0,0,0,0,*
9239030a-1fb0-49d7-98ec-6d82374cbd64,465,2023-05-09T05:21:46.611556+01:00,unclassified,rabv_ea,11923,331,710,359,375,RABV_EA
f6d7ff34-086e-4725-b4a6-3d3fe488ef0d,479,2023-05-09T05:22:00.611556+01:00,unclassified,rabv_ea,11923,4647,5036,348,368,RABV_EA
b507bc3e-9cfa-4f2a-9702-e4c67271c8a3,318,2023-05-09T05:22:56.611556+01:00,unclassified,rabv_ea,11923,7830,8071,229,239,RABV_EA
7f0ee738-72dd-4f0e-8bc2-38f5b57846f3,869,2023-05-09T05:23:23.611556+01:00,unclassified,rabv_ea,11923,2733,3143,351,388,RABV_EA
a09c2e4b-fd08-4244-ae68-eac62659ca59,852,2023-05-09T05:23:21.611556+01:00,unclassified,?,11923,0,0,387,395,?
7c49f241-425c-4667-adb3-468eaff03555,428,2023-05-09T05:22:30.611556+01:00,unclassified,rabv_ea,11923,5247,5567,284,308,RABV_EA
ee8e23bd-b4aa-4331-a637-a07a784bf446,312,2023-05-09T05:23:24.611556+01:00,unclassified,*,0,0,0,0,0,*
2ea9f362-ddb7-4e11-a984-892b4cc14a5a,855,2023-05-09T05:21:44.611556+01:00,unclassified,rabv_ea,11923,9574,10263,616,652,RABV_EA
47d64e52-149d-400d-93f6-d1ba225fa8e5,1320,2023-05-09T05:22:44.611556+01:00,unclassified,?,11923,0,0,373,384,?
216b2df5-3102-41ed-9327-cccb579c5183,476,2023-05-09T05:23:00.611556+01:00,unclassified,rabv_ea,11923,9851,10247,365,384,RABV_EA
04ba5c57-a453-4858-a71f-7765e3a5c3be,449,2023-05-09T05:23:04.611556+01:00,unclassified,rabv_ea,11923,7690,8012,281,295,RABV_EA
826e8588-f957-4469-8dec-658ef0e7a22c,1336,2023-05-09T05:21:59.611556+01:00,unclassified,?,11923,0,0,363,384,?
82df9333-05ca-4975-959e-f1e5b349eeb4,471,2023-05-09T05:22:58.611556+01:00,unclassified,rabv_ea,11923,10187,10562,339,366,RABV_EA
df031c66-fc5f-4ef1-8d9a-7be86ffb04b9,869,2023-05-09T05:23:02.611556+01:00,unclassified,?,11923,0,0,377,394,?
0d4750ff-434e-4f41-a80b-d49eab3f13bf,942,2023-05-09T05:23:01.611556+01:00,unclassified,?,11923,0,0,369,395,?
4882bf2f-0522-418b-8de0-073a1485e2ae,524,2023-05-09T05:22:47.611556+01:00,unclassified,rabv_ea,11923,9851,10263,371,398,RABV_EA
c222a910-f77f-4542-b643-84be64eb7213,446,2023-05-09T05:23:32.611556+01:00,unclassified,rabv_ea,11923,3397,3775,342,357,RABV_EA
bfe439ed-01e7-4505-826e-5ebfc7253b28,539,2023-05-09T05:23:00.611556+01:00,unclassified,rabv_ea,11923,10164,10576,369,393,RABV_EA
f35b3366-3288-49c5-acde-32c5de3966f1,473,2023-05-09T05:22:01.611556+01:00,unclassified,rabv_ea,11923,6424,6819,375,391,RABV_EA
8be0c55d-0b05-4d8e-973f-7821efb3a60a,455,2023-05-09T05:23:00.611556+01:00,unclassified,rabv_ea,11923,9851,10217,332,347,RABV_EA
c464056a-c279-4204-8516-41c5ac8e06e1,466,2023-05-09T05:22:30.611556+01:00,unclassified,rabv_ea,11923,10177,10576,369,392,RABV_EA
afa9e155-b17e-409a-b711-16213fb5b06e,451,2023-05-09T05:23:30.611556+01:00,unclassified,rabv_ea,11923,4663,5040,344,354,RABV_EA
e220ba4e-ec52-4046-8c62-86df739171b8,434,2023-05-09T05:23:31.611556+01:00,unclassified,rabv_ea,11923,1571,1944,337,350,RABV_EA
3f6e1ea6-4c67-4815-9d7b-430a03e5ee5a,460,2023-05-09T05:23:15.611556+01:00,unclassified,rabv_ea,11923,7703,8082,358,368,RABV_EA
02317e8f-f22d-4e7d-9182-e0fce1681c07,1268,2023-05-09T05:22:27.611556+01:00,unclassified,?,11923,0,0,377,389,?
d35b7b62-4aa4-4050-aa11-511ec345413e,868,2023-05-09T05:23:07.611556+01:00,unclassified,?,11923,0,0,380,397,?
6dfdf431-ec1d-4600-bb26-979a5105a9b7,1158,2023-05-09T05:23:13.611556+01:00,unclassified,?,11923,0,0,346,361,?
0ec95023-929e-447b-9885-a1ff3fefcc56,437,2023-05-09T05:23:14.611556+01:00,unclassified,rabv_ea,11923,5846,6219,334,353,RABV_EA
731f7e93-7b6b-4f2c-a165-925ee3f38d6b,601,2023-05-09T05:23:36.611556+01:00,unclassified,rabv_ea,11923,9851,10236,354,371,RABV_EA
cdbaa5b1-85f3-4381-9bf7-07ce461a4b16,1684,2023-05-09T05:23:11.611556+01:00,unclassified,?,11923,0,0,700,718,?
4e43f655-a563-44ef-9331-a27a58670d2b,354,2023-05-09T05:23:35.611556+01:00,unclassified,*,0,0,0,0,0,*
333def59-19b6-43e5-a8b3-13ac40ae24fc,441,2023-05-09T05:23:00.611556+01:00,unclassified,rabv_ea,11923,939,1316,336,357,RABV_EA
d03a1fda-9f04-40b7-9ab4-38b0732146ba,588,2023-05-09T05:23:03.611556+01:00,unclassified,rabv_ea,11923,7699,8080,332,364,RABV_EA
79dee420-cbd2-460f-9770-31a17a30f904,306,2023-05-09T05:22:38.611556+01:00,unclassified,?,11923,0,0,131,139,?
977a2ea0-6dfb-4b88-94f2-7d0237fe0e38,460,2023-05-09T05:23:08.611556+01:00,unclassified,rabv_ea,11923,1565,1958,365,381,RABV_EA
dc0e5484-1c7a-4206-a28c-28a63c79a5d0,452,2023-05-09T05:23:12.611556+01:00,unclassified,rabv_ea,11923,9580,9940,320,339,RABV_EA
7c7f60ad-e15f-4e7d-8cbb-9767e188a6c1,1133,2023-05-09T05:22:26.611556+01:00,unclassified,?,11923,0,0,352,377,?
366047da-2642-47d4-bc73-0d0621e11add,1740,2023-05-09T05:22:24.611556+01:00,unclassified,?,11923,0,0,638,654,?
b9dcd237-1b72-4a65-8cf9-a4b5d13d207e,465,2023-05-09T05:22:29.611556+01:00,unclassified,rabv_ea,11923,11405,11796,373,383,RABV_EA
d565093c-0a07-4232-94dc-e26d30f75f83,477,2023-05-09T05:23:01.611556+01:00,unclassified,rabv_ea,11923,5196,5594,365,385,RABV_EA
3dd4d121-281e-4d3b-b13c-f45cdf5fa438,398,2023-05-09T05:22:36.611556+01:00,unclassified,rabv_ea,11923,9091,9330,212,236,RABV_EA
5cfca13d-1881-4009-84ca-dcb4663e36e1,434,2023-05-09T05:23:32.611556+01:00,unclassified,rabv_ea,11923,8942,9325,362,373,RABV_EA
111e1bfa-2139-46ff-8462-dcb090d772f5,463,2023-05-09T05:22:50.611556+01:00,unclassified,rabv_ea,11923,7078,7450,354,360,RABV_EA
c7d05968-f345-4c78-a7ad-e0baf6e5210f,855,2023-05-09T05:22:50.611556+01:00,unclassified,rabv_ea,11923,1561,1955,356,371,RABV_EA
be4248bd-fc74-4400-ad5f-cc98d0665205,453,2023-05-09T05:22:36.611556+01:00,unclassified,rabv_ea,11923,5838,6223,360,369,RABV_EA
22fb5237-9eeb-41d1-80bc-8fb4e0db0ee9,442,2023-05-09T05:23:32.611556+01:00,unclassified,rabv_ea,11923,7720,8079,333,347,RABV_EA
e5a245a3-3282-4584-849e-38f947d8f9a1,845,2023-05-09T05:22:31.611556+01:00,unclassified,?,11923,0,0,371,382,?
55546ab6-83dd-4b40-9b63-6f5bdd968c4f,500,2023-05-09T05:23:09.611556+01:00,unclassified,*,0,0,0,0,0,*
4827f917-76e4-4b5d-9823-04db513e4a86,539,2023-05-09T05:23:12.611556+01:00,unclassified,rabv_ea,11923,9109,9325,200,215,RABV_EA
36c92b6e-59ce-4cc9-9b77-cdac287c6c6a,504,2023-05-09T05:23:11.611556+01:00,unclassified,rabv_ea,11923,5209,5608,373,387,RABV_EA
02555494-39f4-4c89-83e4-862fd842d600,905,2023-05-09T05:01:39.611556+01:00,unclassified,?,11923,0,0,336,351,?
3709d2ef-1ada-4349-8c06-6ecde0dcc186,511,2023-05-09T05:22:37.611556+01:00,unclassified,rabv_ea,11923,7689,8081,358,376,RABV_EA
b2981d76-2477-40f0-9a3f-1b24cc06eed5,436,2023-05-09T05:22:38.611556+01:00,unclassified,rabv_ea,11923,7715,8081,326,350,RABV_EA
fcece899-5ed0-434e-9238-f5177b20b045,340,2023-05-09T05:22:39.611556+01:00,unclassified,rabv_ea,11923,1567,1901,322,328,RABV_EA
1f418bad-172c-4e51-8e32-ec1b8ced8fa7,481,2023-05-09T05:22:49.611556+01:00,unclassified,rabv_ea,11923,3071,3457,353,373,RABV_EA
215f22ae-c7d7-4ec9-b5e4-ac7c32baa7de,872,2023-05-09T05:22:38.611556+01:00,unclassified,?,11923,0,0,354,372,?
9842c623-3f70-4e37-903f-42f5e4fc990d,456,2023-05-09T05:22:34.611556+01:00,unclassified,rabv_ea,11923,5857,6223,337,355,RABV_EA
5982f09f-ee27-4e29-a945-cd2c12c48d64,458,2023-05-09T05:22:40.611556+01:00,unclassified,rabv_ea,11923,5199,5592,373,384,RABV_EA
70c7acf6-43db-4947-8de7-1e189f2192c3,451,2023-05-09T05:23:25.611556+01:00,unclassified,rabv_ea,11923,956,1335,353,368,RABV_EA
029a20b5-aaef-44fa-86d2-dd37972dee9c,848,2023-05-09T05:23:51.611556+01:00,unclassified,?,11923,0,0,359,383,?
2ed8a029-3a47-4f27-9e20-cf3edfaba8ca,871,2023-05-09T05:23:27.611556+01:00,unclassified,?,11923,0,0,380,400,?
f2cefc42-af47-46ec-a7f2-fa4e7866e130,359,2023-05-09T05:01:42.611556+01:00,unclassified,?,11923,0,0,139,149,?
023d442a-7510-4204-9b4e-a0fd43f6d7c2,447,2023-05-09T05:22:38.611556+01:00,unclassified,rabv_ea,11923,3427,3791,342,359,RABV_EA
4d1f9fd2-015c-4b90-bd6c-a4f3c9e78561,597,2023-05-09T05:22:36.611556+01:00,unclassified,?,11923,0,0,188,198,?
1125d710-7cf6-44c7-8442-9722631425eb,439,2023-05-09T05:22:37.611556+01:00,unclassified,rabv_ea,11923,4893,5283,334,367,RABV_EA
72da12b2-bfea-4eab-bf9a-47e2c03d6a6a,464,2023-05-09T05:01:34.611556+01:00,unclassified,rabv_ea,11923,2733,3133,362,379,RABV_EA
a8c54d2d-fa00-4b0f-8af9-c763de1b135a,486,2023-05-09T05:01:40.611556+01:00,unclassified,rabv_ea,11923,8927,9311,369,375,RABV_EA
912a79b9-d2d2-41b5-adea-c31be9de81f7,872,2023-05-09T05:01:38.611556+01:00,unclassified,?,11923,0,0,385,392,?
1c5c754a-0311-4a33-b801-1229cc7c6ca2,389,2023-05-09T05:22:53.611556+01:00,unclassified,rabv_ea,11923,939,1281,292,315,RABV_EA
00561030-f3c8-40bc-84ed-588956fb4edb,414,2023-05-09T05:23:51.611556+01:00,unclassified,rabv_ea,11923,939,1302,320,339,RABV_EA
2211c6da-c485-49d0-9ca9-b0a5f8a1811e,936,2023-05-09T05:22:35.611556+01:00,unclassified,?,11923,0,0,372,388,?
960e5261-91b2-423d-9097-dcc7909a6098,1285,2023-05-09T05:01:34.611556+01:00,unclassified,?,11923,0,0,377,399,?
e1839bbd-efb6-435a-b795-f363da0045f7,465,2023-05-09T05:22:40.611556+01:00,unclassified,rabv_ea,11923,1565,1958,383,387,RABV_EA
307871fe-52b6-433f-a3c6-07c9a4f65ad7,467,2023-05-09T05:22:34.611556+01:00,unclassified,rabv_ea,11923,10168,10563,354,377,RABV_EA
445ebe67-d1b5-4d87-a78f-56eac77bcb08,471,2023-05-09T05:01:18.611556+01:00,unclassified,rabv_ea,11923,9856,10246,375,383,RABV_EA
c84f1fff-e36a-4443-a2d3-19975890466c,858,2023-05-09T05:00:51.611556+01:00,unclassified,?,11923,0,0,374,387,?
224393a8-05ab-491c-9513-8b40d35c172e,529,2023-05-09T05:00:52.611556+01:00,unclassified,rabv_ea,11923,9851,10263,388,399,RABV_EA
4ac8610f-bc86-42e9-99bc-bce8d9ff7118,664,2023-05-09T05:00:51.611556+01:00,unclassified,?,11923,0,0,359,391,?
1b9f3cf9-6eb8-486e-876f-6c1c3ceee661,903,2023-05-09T05:00:48.611556+01:00,unclassified,?,11923,0,0,356,369,?
c9df29fb-caf7-432a-9ace-071039637a2f,433,2023-05-09T05:23:10.611556+01:00,unclassified,rabv_ea,11923,1575,1934,319,333,RABV_EA
134b6358-7933-4f7d-ba03-d5006dcf2dec,468,2023-05-09T05:23:21.611556+01:00,unclassified,rabv_ea,11923,10164,10561,358,382,RABV_EA
226b71b4-ae85-404d-b133-0dc4d29c82d2,501,2023-05-09T05:23:21.611556+01:00,unclassified,rabv_ea,11923,10184,10576,347,366,RABV_EA
c8f21e77-a167-4e5e-9e1f-ace53b2d6e20,852,2023-05-09T05:01:33.611556+01:00,unclassified,?,11923,0,0,357,377,?
8ecbd763-d4b1-4f45-9c18-71181ed81f01,504,2023-05-09T05:23:10.611556+01:00,unclassified,rabv_ea,11923,7690,8064,339,360,RABV_EA
f886469e-0209-4722-8ea1-7c6e6eaf0616,688,2023-05-09T05:23:21.611556+01:00,unclassified,?,11923,0,0,353,375,?
b5d6746c-1d25-45be-b1ce-a84ea1dadda3,865,2023-05-09T05:00:54.611556+01:00,unclassified,?,11923,0,0,365,387,?
6e219260-9b10-406e-852b-ded7ff2bd123,820,2023-05-09T05:01:17.611556+01:00,unclassified,?,11923,0,0,337,362,?
c1f623fc-b212-428a-8fcf-fb780de38955,1298,2023-05-09T05:23:15.611556+01:00,unclassified,?,11923,0,0,387,401,?
2a54ad36-6ed8-4873-9c07-e67d7ef533a1,456,2023-05-09T05:22:55.611556+01:00,unclassified,rabv_ea,11923,10179,10570,357,371,RABV_EA
07b9316e-eb24-40b1-b309-275a314fcf0e,480,2023-05-09T05:22:53.611556+01:00,unclassified,rabv_ea,11923,10170,10562,383,390,RABV_EA
98739f1e-2bee-4113-b6ca-50754801bc37,649,2023-05-09T05:23:12.611556+01:00,unclassified,rabv_ea,11923,1192,1530,298,317,RABV_EA
3ca114ab-0a7e-4eaf-ae6c-03248a8b8e5f,460,2023-05-09T05:23:25.611556+01:00,unclassified,rabv_ea,11923,1565,1939,346,359,RABV_EA
376a806f-2491-4eea-9f0c-b93a21b71f7e,894,2023-05-09T05:23:16.611556+01:00,unclassified,?,11923,0,0,379,399,?
f466c8f9-8e2b-4386-a877-eca0090df174,430,2023-05-09T05:23:23.611556+01:00,unclassified,rabv_ea,11923,7693,8048,317,345,RABV_EA
625130fd-552d-47c1-b303-91210b1d84ff,1713,2023-05-09T05:23:16.611556+01:00,unclassified,?,11923,0,0,374,394,?
77313973-7ed1-4f70-9c0f-59af138a68f3,527,2023-05-09T05:22:49.611556+01:00,unclassified,rabv_ea,11923,10172,10576,379,391,RABV_EA
538889f4-0fd1-4c23-81d0-884de699c8a6,825,2023-05-09T05:23:23.611556+01:00,unclassified,?,11923,0,0,377,384,?
97fe3c2e-497c-4f8c-80f8-d6fe9038bf9c,2203,2023-05-09T05:22:42.611556+01:00,unclassified,?,11923,0,0,347,372,?
5323c31e-5514-4cf1-84b7-50957afff889,451,2023-05-09T05:23:20.611556+01:00,unclassified,rabv_ea,11923,7706,8051,318,339,RABV_EA
e3d2b32f-7d27-4751-b70f-a7930e452703,1264,2023-05-09T05:23:08.611556+01:00,unclassified,?,11923,0,0,404,419,?
8dc77efd-dbf4-405c-99a3-a927a103a480,523,2023-05-09T05:24:16.611556+01:00,unclassified,rabv_ea,11923,7695,8081,355,372,RABV_EA
55a07353-0ec3-46b9-afa9-48f246ed3c7d,678,2023-05-09T05:24:04.611556+01:00,unclassified,rabv_ea,11923,9865,10244,326,348,RABV_EA
76a12d1d-83c6-4b10-9593-3fb8d097fc02,913,2023-05-09T05:23:57.611556+01:00,unclassified,?,11923,0,0,367,375,?
7a96d989-8b6c-409a-b136-0a35a1c25f84,1189,2023-05-09T05:23:08.611556+01:00,unclassified,?,11923,0,0,376,385,?
e4c77028-5cc5-433c-ab2c-97dcad9b14be,721,2023-05-09T05:23:20.611556+01:00,unclassified,rabv_ea,11923,1625,1955,321,328,RABV_EA
e7ddf1d9-ca12-4ba4-b051-1aec79f3141e,456,2023-05-09T05:23:19.611556+01:00,unclassified,rabv_ea,11923,4894,5282,339,369,RABV_EA
ba03417c-20e6-4164-914d-2a19c990536b,1622,2023-05-09T05:23:18.611556+01:00,unclassified,?,11923,0,0,375,391,?
1abc7558-9f3e-436f-b3ff-6289bf60f8c6,427,2023-05-09T05:24:15.611556+01:00,unclassified,rabv_ea,11923,7705,8064,319,339,RABV_EA
56aeb962-5ccd-4e0d-97a1-cc7f70654276,834,2023-05-09T05:23:04.611556+01:00,unclassified,?,11923,0,0,334,351,?
71ffe30d-1ce2-4719-b672-30c0486ec373,454,2023-05-09T05:23:08.611556+01:00,unclassified,rabv_ea,11923,1567,1956,373,382,RABV_EA
e25080da-66da-4801-a678-7decde27bf2c,651,2023-05-09T05:23:04.611556+01:00,unclassified,rabv_ea,11923,8931,9325,375,385,RABV_EA
ee2b8f0e-0739-4f51-aeeb-8b49e4ba1586,1282,2023-05-09T05:23:09.611556+01:00,unclassified,?,11923,0,0,386,396,?
be2b037f-5ee1-4241-8445-7f5bebf4c1ab,1284,2023-05-09T05:00:45.611556+01:00,unclassified,?,11923,0,0,370,386,?
3bbc8e80-5370-43a6-bb3b-bcadcb6ce6ff,1669,2023-05-09T05:00:43.611556+01:00,unclassified,?,11923,0,0,383,390,?
059af8ed-eeb8-4cab-bd91-27f091299cba,862,2023-05-09T05:23:56.611556+01:00,unclassified,?,11923,0,0,372,384,?
77368635-0e8c-4cef-a088-15ff2182127e,506,2023-05-09T05:23:58.611556+01:00,unclassified,rabv_ea,11923,4632,5036,372,388,RABV_EA
c7750cff-bce0-4104-923d-91ee70f6c8fc,452,2023-05-09T05:23:26.611556+01:00,unclassified,rabv_ea,11923,6426,6819,341,367,RABV_EA
8a840170-3fe1-4e3a-88cc-e289eb2f3edf,930,2023-05-09T05:23:16.611556+01:00,unclassified,?,11923,0,0,373,384,?
67556a3f-bd28-4dfb-9593-a8f7e828596f,331,2023-05-09T05:23:20.611556+01:00,unclassified,rabv_ea,11923,9090,9325,221,231,RABV_EA
9894d7b9-316d-4581-8fe6-09315f7be76d,455,2023-05-09T05:24:08.611556+01:00,unclassified,rabv_ea,11923,1567,1944,360,368,RABV_EA
0bd0d550-6be6-41e4-8649-1d19ec8ebb4a,453,2023-05-09T05:23:43.611556+01:00,unclassified,rabv_ea,11923,330,696,331,353,RABV_EA
3efb90ac-a3d8-4c37-ba9a-53a64967cff0,487,2023-05-09T05:23:44.611556+01:00,unclassified,rabv_ea,11923,10179,10570,349,378,RABV_EA
dd75c983-4761-498d-a13e-149439f47616,513,2023-05-09T05:23:13.611556+01:00,unclassified,rabv_ea,11923,6443,6834,355,368,RABV_EA
a26532e6-6db2-48b8-b350-6c7958029037,881,2023-05-09T05:23:14.611556+01:00,unclassified,?,11923,0,0,390,402,?
39d4fa42-58cb-451a-8100-f0b2bc98e2bc,448,2023-05-09T05:23:17.611556+01:00,unclassified,rabv_ea,11923,939,1324,346,374,RABV_EA
91094d22-0dab-4ff1-9668-bedfc5ce6bbe,476,2023-05-09T05:24:14.611556+01:00,unclassified,rabv_ea,11923,3066,3458,350,377,RABV_EA
e06fb800-6cc3-4e7e-a63e-68fd4d1b73a3,877,2023-05-09T05:24:00.611556+01:00,unclassified,?,11923,0,0,365,386,?
a495409f-f26f-414d-9af7-0c795d7fbb44,472,2023-05-09T05:00:44.611556+01:00,unclassified,rabv_ea,11923,4631,5036,363,384,RABV_EA
005fa1dd-1e0a-4e02-9101-758c8061f26f,627,2023-05-09T05:00:45.611556+01:00,unclassified,?,11923,0,0,377,389,?
6fff9b94-53cf-4009-8254-a8760f930795,929,2023-05-09T05:23:09.611556+01:00,unclassified,?,11923,0,0,388,403,?
f2a0c70a-330c-4fb9-acfa-d5f6960659cf,464,2023-05-09T05:23:13.611556+01:00,unclassified,rabv_ea,11923,10187,10560,345,361,RABV_EA
68232698-efd3-4da5-9398-5889dfe9ab99,518,2023-05-09T05:23:15.611556+01:00,unclassified,rabv_ea,11923,7687,8068,366,378,RABV_EA
3cf89bac-6ed4-49b0-b844-b5a40e5de1f9,520,2023-05-09T05:23:14.611556+01:00,unclassified,rabv_ea,11923,10164,10554,369,379,RABV_EA
17d929d6-2025-4c53-a541-80fd21c3a317,451,2023-05-09T05:00:46.611556+01:00,unclassified,rabv_ea,11923,10164,10561,365,378,RABV_EA
922c75b1-323a-48e1-a7ea-a09b6852c3a3,459,2023-05-09T05:23:42.611556+01:00,unclassified,rabv_ea,11923,11397,11780,360,370,RABV_EA
ece0a89c-fa66-4c18-a354-85a0ef4abfd8,463,2023-05-09T05:23:17.611556+01:00,unclassified,rabv_ea,11923,9854,10247,349,376,RABV_EA
c6f8fb26-a7a6-4ed8-9f99-f063fc59f808,786,2023-05-09T05:23:15.611556+01:00,unclassified,?,11923,0,0,389,406,?
d2995799-0047-4250-93eb-734f52caea9c,496,2023-05-09T05:24:25.611556+01:00,unclassified,rabv_ea,11923,1551,1958,393,402,RABV_EA
deebbded-9e26-49ca-ae29-f65a350aa692,470,2023-05-09T05:23:45.611556+01:00,unclassified,rabv_ea,11923,10177,10574,353,383,RABV_EA
be7245b5-e51b-4f11-91d4-051e42e1cfd0,451,2023-05-09T05:23:07.611556+01:00,unclassified,rabv_ea,11923,7703,8072,343,356,RABV_EA
179bb35c-75b2-4396-822a-5c62f6d71d59,901,2023-05-09T05:23:56.611556+01:00,unclassified,?,11923,0,0,355,379,?
a3c32a10-6b66-4fd3-86ef-13e825ef1adc,476,2023-05-09T05:24:25.611556+01:00,unclassified,rabv_ea,11923,329,687,307,329,RABV_EA
59a9237d-32e8-4a7f-9616-b7c8784ff0eb,480,2023-05-09T05:23:15.611556+01:00,unclassified,rabv_ea,11923,7062,7455,368,381,RABV_EA
1febf631-065e-44d1-8a15-6d04b49c4b85,520,2023-05-09T05:00:46.611556+01:00,unclassified,rabv_ea,11923,10176,10570,355,373,RABV_EA
d7be51e2-5ce9-4ac9-ba63-b231d84b54eb,1553,2023-05-09T05:24:23.611556+01:00,unclassified,?,11923,0,0,378,390,?
e51ca361-2887-491d-9da2-8bff7b9f2457,844,2023-05-09T05:23:31.611556+01:00,unclassified,?,11923,0,0,370,383,?
e606d410-dc07-47b1-b8a6-01fa8f0e7fd7,465,2023-05-09T05:23:35.611556+01:00,unclassified,rabv_ea,11923,3062,3455,370,384,RABV_EA
cf6705ef-d86d-46a0-bdc1-36abdf30904e,5966,2023-05-09T05:23:31.611556+01:00,unclassified,?,11923,0,0,397,404,?
9b6f944f-7ee2-49ce-bfa2-bc7ff8bda0ed,857,2023-05-09T05:23:41.611556+01:00,unclassified,?,11923,0,0,339,362,?
1b29318e-8a4e-4b21-8f65-16f92c7f1ab6,472,2023-05-09T05:23:39.611556+01:00,unclassified,rabv_ea,11923,1566,1958,347,369,RABV_EA
ff56d616-bcda-42dc-863f-f9e18811d72e,469,2023-05-09T05:23:35.611556+01:00,unclassified,rabv_ea,11923,5220,5608,361,375,RABV_EA
c10239f9-1a2b-44a9-a8be-22ef08711f13,451,2023-05-09T05:23:33.611556+01:00,unclassified,rabv_ea,11923,1864,2248,338,362,RABV_EA
d9ccea82-d466-4d2b-9abc-d6a74096bd21,463,2023-05-09T05:23:39.611556+01:00,unclassified,rabv_ea,11923,9586,9922,304,320,RABV_EA
252782cc-7945-45f2-b3d2-3ebf9694bfa9,462,2023-05-09T05:23:33.611556+01:00,unclassified,rabv_ea,11923,3062,3457,349,378,RABV_EA
71c86453-949a-4521-ac2e-6444eeddded4,484,2023-05-09T05:23:38.611556+01:00,unclassified,rabv_ea,11923,1567,1958,356,377,RABV_EA
c24bc46d-6847-47d0-859c-341697542954,1253,2023-05-09T05:23:36.611556+01:00,unclassified,?,11923,0,0,374,401,?
5eaea4e2-15fc-40b9-855f-460f686a7a46,321,2023-05-09T05:23:13.611556+01:00,unclassified,rabv_ea,11923,9109,9304,173,188,RABV_EA
42303780-9fb3-4311-8025-2c972e86e4ed,848,2023-05-09T05:23:13.611556+01:00,unclassified,?,11923,0,0,339,374,?
0910b8a9-2718-4836-9864-39ca91820eaf,489,2023-05-09T05:23:34.611556+01:00,unclassified,rabv_ea,11923,7695,8081,369,381,RABV_EA
8cc34700-743e-4f54-abc7-0dc99785bd36,453,2023-05-09T05:23:37.611556+01:00,unclassified,rabv_ea,11923,9559,9940,334,360,RABV_EA
f9f6e85f-87a5-45bc-adc7-3583d7d0c871,643,2023-05-09T05:23:32.611556+01:00,unclassified,rabv_ea,11923,3387,3791,360,382,RABV_EA
f996cf9d-aa09-409f-a436-5ecb2dec87c3,1209,2023-05-09T05:24:27.611556+01:00,unclassified,?,11923,0,0,374,399,?
6ff44a9a-fb58-4b33-94dc-ca5cf0cc25bf,457,2023-05-09T05:24:29.611556+01:00,unclassified,rabv_ea,11923,3399,3791,370,382,RABV_EA
fe2219cb-d98b-4c81-a6f9-53a1fdfcf9a2,1963,2023-05-09T05:23:26.611556+01:00,unclassified,?,11923,0,0,367,379,?
c73f29db-892c-484b-9e34-2633c24aae70,452,2023-05-09T05:23:34.611556+01:00,unclassified,rabv_ea,11923,6427,6813,351,369,RABV_EA
7d46b2fc-07bd-46a2-b3bb-cf4140fae333,210,2023-05-09T05:23:28.611556+01:00,unclassified,*,0,0,0,0,0,*
bef4c5e8-a590-498c-9860-01aa9906854b,342,2023-05-09T05:24:21.611556+01:00,unclassified,rabv_ea,11923,7831,8079,227,240,RABV_EA
04d9a587-c2f1-4710-b705-c739c1eb59a6,472,2023-05-09T05:23:53.611556+01:00,unclassified,rabv_ea,11923,9869,10263,370,381,RABV_EA
b445e9c3-2688-460f-904f-8383579d30af,1222,2023-05-09T05:24:20.611556+01:00,unclassified,?,11923,0,0,357,372,?
7d6303c7-2e2b-4660-bae5-3cfa2db69866,857,2023-05-09T05:24:30.611556+01:00,unclassified,?,11923,0,0,367,389,?
805a5d38-49c4-45d8-9065-fbd447880487,295,2023-05-09T05:23:54.611556+01:00,unclassified,rabv_ea,11923,10170,10385,203,208,RABV_EA
270621fa-fd9d-4a98-80aa-04de59af6d06,493,2023-05-09T05:23:57.611556+01:00,unclassified,rabv_ea,11923,4628,5038,394,403,RABV_EA
f36964b9-1dc2-41db-97ed-e851f16af9bb,958,2023-05-09T05:23:54.611556+01:00,unclassified,?,11923,0,0,372,380,?
666b455e-6bcb-42a6-99f3-7b9e14f4b464,1303,2023-05-09T05:23:53.611556+01:00,unclassified,?,11923,0,0,753,771,?
55aa3a6e-2a9b-420b-96da-a1f4712f12d8,512,2023-05-09T05:23:56.611556+01:00,unclassified,rabv_ea,11923,8950,9325,365,367,RABV_EA
fb2d4a64-bce8-440f-b7c0-adf4d7904197,704,2023-05-09T05:24:50.611556+01:00,unclassified,?,11923,0,0,356,379,?
47ba5f99-c420-4503-9863-f9434b9df260,1468,2023-05-09T05:24:17.611556+01:00,unclassified,?,11923,0,0,326,338,?
2e797d53-9c12-4980-91f3-94845879b83d,2044,2023-05-09T05:01:01.611556+01:00,unclassified,?,11923,0,0,352,369,?
7c38e761-117d-4b87-81d0-eccfe5fded6e,1685,2023-05-09T05:24:49.611556+01:00,unclassified,?,11923,0,0,381,387,?
15b686cc-03c4-405a-9c27-70c6c4a99b81,430,2023-05-09T05:24:38.611556+01:00,unclassified,rabv_ea,11923,955,1334,341,363,RABV_EA
6ab32605-c7fd-4041-a28e-85277f46c535,453,2023-05-09T05:24:51.611556+01:00,unclassified,rabv_ea,11923,319,692,336,362,RABV_EA
00b589e4-47e8-439a-86f0-cd16206deaf3,470,2023-05-09T05:23:40.611556+01:00,unclassified,rabv_ea,11923,4667,5057,345,373,RABV_EA
7bddd0f9-8ffd-405f-95c4-77c692f019ed,446,2023-05-09T05:24:42.611556+01:00,unclassified,rabv_ea,11923,7694,8023,290,316,RABV_EA
29c7a3f2-32cf-4c19-a762-cbad90816b68,456,2023-05-09T05:24:40.611556+01:00,unclassified,rabv_ea,11923,3399,3791,341,367,RABV_EA
1d1cf77b-f9ec-4b90-9180-4cd32bd1409f,500,2023-05-09T05:23:55.611556+01:00,unclassified,rabv_ea,11923,7060,7451,349,365,RABV_EA
a6683dd4-e02a-4aba-9f65-a06d2fcb891f,1752,2023-05-09T05:23:53.611556+01:00,unclassified,?,11923,0,0,384,405,?
2c0fc810-a6e9-4409-a563-1da48b015b17,649,2023-05-09T05:24:51.611556+01:00,unclassified,?,11923,0,0,367,377,?
4180c732-d8a0-4bf5-85a7-30f5339ebee8,1272,2023-05-09T05:23:40.611556+01:00,unclassified,?,11923,0,0,373,398,?
60a306e7-0051-41ee-a6f2-0d1ab160a840,445,2023-05-09T05:24:53.611556+01:00,unclassified,rabv_ea,11923,7690,8064,351,360,RABV_EA
07be5e0e-129a-4a27-84f8-7e9d639445aa,840,2023-05-09T05:23:50.611556+01:00,unclassified,?,11923,0,0,365,384,?
0bcc4ee5-9146-44e0-a053-073f0ff9bca7,874,2023-05-09T05:24:51.611556+01:00,unclassified,?,11923,0,0,279,304,?
fd01047c-7912-411b-b600-524b7f86290f,1247,2023-05-09T05:23:49.611556+01:00,unclassified,?,11923,0,0,393,402,?
ae47d0d5-2b8c-47ae-b896-79ca43802619,744,2023-05-09T05:23:49.611556+01:00,unclassified,?,11923,0,0,359,376,?
abfe822c-6ada-48a1-ad13-c93e843ed306,813,2023-05-09T05:24:42.611556+01:00,unclassified,?,11923,0,0,379,385,?
1794e700-8275-491c-8038-7e8eda109081,327,2023-05-09T05:23:50.611556+01:00,unclassified,rabv_ea,11923,11410,11594,166,171,RABV_EA
0da272b6-2948-4471-b435-897c3aeeddc1,869,2023-05-09T05:24:41.611556+01:00,unclassified,?,11923,0,0,366,384,?
cfba171e-0b9a-4f61-ba41-cf6adb6f8758,1345,2023-05-09T05:23:49.611556+01:00,unclassified,?,11923,0,0,777,807,?
f1efa868-2465-4e69-92d4-eee52ab2c286,503,2023-05-09T05:23:52.611556+01:00,unclassified,rabv_ea,11923,3397,3790,341,371,RABV_EA
c576aee3-f695-4ca0-a5c6-54633b768237,4041,2023-05-09T05:24:29.611556+01:00,unclassified,?,11923,0,0,371,385,?
df67418e-731b-43cc-ae31-78b78008d6fc,1551,2023-05-09T05:24:43.611556+01:00,unclassified,?,11923,0,0,342,365,?
08a758b4-6a0e-4bc3-9720-87af702b4b1c,1003,2023-05-09T05:24:44.611556+01:00,unclassified,?,11923,0,0,346,359,?
58504285-9769-4756-acb2-6c0763d8fbb6,666,2023-05-09T05:24:44.611556+01:00,unclassified,?,11923,0,0,361,378,?
0147916a-6e40-41ad-a7c4-a63fd0f9fee4,845,2023-05-09T05:24:41.611556+01:00,unclassified,?,11923,0,0,359,367,?
5d08b063-b115-4dbe-bf31-feb5c8fd5732,457,2023-05-09T05:24:44.611556+01:00,unclassified,rabv_ea,11923,11408,11794,351,377,RABV_EA
dd4df8db-61fe-4c94-86c3-8c100d84fdb6,430,2023-05-09T05:24:46.611556+01:00,unclassified,rabv_ea,11923,7704,8082,343,357,RABV_EA
f7c6020d-8a38-4f3a-ac41-e5a852bdba0b,471,2023-05-09T05:24:50.611556+01:00,unclassified,rabv_ea,11923,5212,5608,352,375,RABV_EA
de4ab9a0-b4af-4782-b6ff-3a0903d6a3d4,1642,2023-05-09T05:23:47.611556+01:00,unclassified,?,11923,0,0,368,384,?
30fdc134-d26d-4bc6-9d14-3e51a880d2cb,443,2023-05-09T05:24:43.611556+01:00,unclassified,rabv_ea,11923,5837,6221,357,369,RABV_EA
7a1fa1de-97a5-4c8c-bef6-23285bae1b4a,830,2023-05-09T05:24:41.611556+01:00,unclassified,?,11923,0,0,331,352,?
6bb50837-df26-409a-9d9a-becf43530a74,480,2023-05-09T05:24:47.611556+01:00,unclassified,rabv_ea,11923,10164,10563,378,392,RABV_EA
9ff49565-2455-4385-8b5c-54f21afcd92a,446,2023-05-09T05:24:44.611556+01:00,unclassified,rabv_ea,11923,319,696,342,361,RABV_EA
96f374e3-4af4-4b8c-bab4-d3476b206a21,529,2023-05-09T05:23:47.611556+01:00,unclassified,rabv_ea,11923,10170,10576,364,389,RABV_EA
57334bfe-6b3a-4a26-8968-cc6467a6d016,443,2023-05-09T05:23:46.611556+01:00,unclassified,rabv_ea,11923,5853,6223,332,351,RABV_EA
545af6bd-35c8-4d90-8264-e8244228f1ff,442,2023-05-09T05:23:49.611556+01:00,unclassified,rabv_ea,11923,7703,8081,362,369,RABV_EA
a2773bb3-7ef6-40cc-ad57-c3e53afe5ced,456,2023-05-09T05:23:58.611556+01:00,unclassified,rabv_ea,11923,1587,1958,343,353,RABV_EA
238c5250-c43b-4786-908e-f43c257eeb1b,939,2023-05-09T05:24:43.611556+01:00,unclassified,?,11923,0,0,385,401,?
95cc42d2-d80c-4b88-ac8d-a34f72d1335c,874,2023-05-09T05:23:47.611556+01:00,unclassified,?,11923,0,0,382,400,?
0339f378-5cb0-46c6-ad85-ec04e46c3d10,182,2023-05-09T05:00:55.611556+01:00,unclassified,*,0,0,0,0,0,*
6b220f39-9108-417e-ba01-1707e4cb6df1,457,2023-05-09T05:00:45.611556+01:00,unclassified,rabv_ea,11923,11115,11493,353,366,RABV_EA
0d2b7281-18dd-46c3-8a07-d0ed2f950d9c,721,2023-05-09T05:24:46.611556+01:00,unclassified,?,11923,0,0,351,368,?
3c4f6594-90c3-4210-9317-33106d75b93a,895,2023-05-09T05:00:50.611556+01:00,unclassified,?,11923,0,0,357,375,?
0aee71fe-c6da-4d2a-aea5-afcc808dded3,1613,2023-05-09T05:00:51.611556+01:00,unclassified,?,11923,0,0,381,390,?
b089b5b1-834b-4a5c-bb3a-d483305e9588,468,2023-05-09T05:00:52.611556+01:00,unclassified,rabv_ea,11923,4637,4937,273,287,RABV_EA
0e0240cd-ef00-4577-9217-de5ca6bcbef3,471,2023-05-09T05:00:53.611556+01:00,unclassified,rabv_ea,11923,5213,5608,356,377,RABV_EA
27bc6454-f14a-4406-bd35-482b8ff0a7f3,842,2023-05-09T05:23:59.611556+01:00,unclassified,?,11923,0,0,305,323,?
9a04a0e7-2000-4ed2-a507-3a1b049ca6b6,894,2023-05-09T05:24:10.611556+01:00,unclassified,?,11923,0,0,393,402,?
031ea7be-b055-438b-b26a-1e51d1eb5354,1830,2023-05-09T05:24:00.611556+01:00,unclassified,?,11923,0,0,363,374,?
b3eb0a66-9250-4243-b38a-0cdcb49b7c83,496,2023-05-09T05:24:03.611556+01:00,unclassified,rabv_ea,11923,7690,8075,364,373,RABV_EA
2b3e448e-3da1-4eea-b2c8-e85933ebf6e5,445,2023-05-09T05:24:00.611556+01:00,unclassified,rabv_ea,11923,5846,6223,353,361,RABV_EA
5cf62ba0-f236-4ea9-a3e8-658f74fdd774,459,2023-05-09T05:24:02.611556+01:00,unclassified,rabv_ea,11923,3062,3410,307,334,RABV_EA
9ea21e50-0960-426f-8487-21d443c2589d,1243,2023-05-09T05:23:55.611556+01:00,unclassified,rabv_ea,11923,65,1324,994,1101,RABV_EA
4c76c99a-b733-4c41-8de8-4d1c2d71ce0c,909,2023-05-09T05:23:58.611556+01:00,unclassified,?,11923,0,0,370,382,?
8fdd510d-f5d1-4af2-b1ea-7e92c94da620,460,2023-05-09T05:24:00.611556+01:00,unclassified,rabv_ea,11923,5200,5587,358,372,RABV_EA
7109cfa6-b985-4401-bf97-8dfab8202156,831,2023-05-09T05:24:05.611556+01:00,unclassified,?,11923,0,0,363,390,?
90c64767-72fa-48bf-9701-bc90685bd315,448,2023-05-09T05:24:59.611556+01:00,unclassified,rabv_ea,11923,1569,1947,355,361,RABV_EA
f41254ca-c797-48bd-aa5b-f81d83623a12,2092,2023-05-09T05:24:06.611556+01:00,unclassified,?,11923,0,0,362,375,?
9eb7c626-0f32-4edc-873c-003d8754a574,678,2023-05-09T05:24:14.611556+01:00,unclassified,rabv_ea,11923,1194,1576,356,367,RABV_EA
08771c89-3557-4d5d-abcc-282049cb7785,866,2023-05-09T05:24:15.611556+01:00,unclassified,?,11923,0,0,368,381,?
0b5a47f8-8aff-4b5c-8fd9-f40935826b64,478,2023-05-09T05:24:16.611556+01:00,unclassified,rabv_ea,11923,3422,3791,332,353,RABV_EA
85d75339-02cf-4c50-b53f-9990d671ba67,294,2023-05-09T05:24:13.611556+01:00,unclassified,*,0,0,0,0,0,*
390efe20-f610-40cf-9edc-72869e7f44f8,554,2023-05-09T05:24:15.611556+01:00,unclassified,rabv_ea,11923,9851,10266,379,400,RABV_EA
9b03d1a1-1578-44d2-878a-79c9f266feaa,3019,2023-05-09T05:24:53.611556+01:00,unclassified,?,11923,0,0,393,404,?
879cb039-7f86-40e4-bf3c-0d51492598bc,2697,2023-05-09T05:24:52.611556+01:00,unclassified,?,11923,0,0,337,362,?
270aa4f8-9d09-455e-8fa9-0cf527816e79,490,2023-05-09T05:25:00.611556+01:00,unclassified,rabv_ea,11923,3047,3455,357,390,RABV_EA
5f4d063b-39e5-4392-8c45-39ad7366e4ca,481,2023-05-09T05:24:16.611556+01:00,unclassified,rabv_ea,11923,1567,1930,338,349,RABV_EA
1a687c73-72c5-4cf7-b889-563ae37921f3,443,2023-05-09T05:24:02.611556+01:00,unclassified,rabv_ea,11923,1567,1958,346,358,RABV_EA
988343c1-03e7-410f-98be-da18462f30bb,677,2023-05-09T05:24:58.611556+01:00,unclassified,?,11923,0,0,304,312,?
55116766-aabf-49c4-a702-225dab715b8f,470,2023-05-09T05:24:58.611556+01:00,unclassified,rabv_ea,11923,6134,6528,311,336,RABV_EA
0413797b-94ab-4397-88ef-7d9e527d01a3,483,2023-05-09T05:24:11.611556+01:00,unclassified,rabv_ea,11923,7690,8081,337,357,RABV_EA
b63875d2-2742-49ee-9632-49927b3a9cdb,1316,2023-05-09T05:24:56.611556+01:00,unclassified,?,11923,0,0,373,387,?
ff6defb1-9336-4b89-95ac-0052301f584d,469,2023-05-09T05:24:10.611556+01:00,unclassified,rabv_ea,11923,3062,3457,365,381,RABV_EA
fdb22b05-0ece-4ee2-bc49-f7e8987bfbd2,550,2023-05-09T05:24:58.611556+01:00,unclassified,rabv_ea,11923,10164,10570,364,394,RABV_EA
9bfe30da-6402-4562-aa9f-79a01ca555ad,500,2023-05-09T05:00:40.611556+01:00,unclassified,rabv_ea,11923,9863,10258,351,374,RABV_EA
1a4d99d8-0b2a-4ab6-8463-f62092aeb501,866,2023-05-09T05:00:42.611556+01:00,unclassified,?,11923,0,0,378,387,?
984c1757-5506-4869-a1c7-c5336069a5e2,372,2023-05-09T05:24:12.611556+01:00,unclassified,rabv_ea,11923,5743,5916,160,168,RABV_EA
777f1cf0-a457-4e17-b8ec-14fe0711e545,990,2023-05-09T05:24:59.611556+01:00,unclassified,?,11923,0,0,367,385,?
ab79ee60-6195-46d4-9bff-06d891d43f84,480,2023-05-09T05:00:45.611556+01:00,unclassified,rabv_ea,11923,7690,8081,351,377,RABV_EA
da39c7e3-44e9-4f02-9d14-efb3d1ff99be,235,2023-05-09T05:24:08.611556+01:00,unclassified,*,0,0,0,0,0,*
f05fd42d-b540-4eae-9cfe-a5e39ac6742e,1282,2023-05-09T05:24:05.611556+01:00,unclassified,?,11923,0,0,370,388,?
9fee590b-89fc-4d83-a07d-8d800dc1db23,459,2023-05-09T05:00:44.611556+01:00,unclassified,rabv_ea,11923,7690,8066,343,360,RABV_EA
3a1d9855-e728-43fd-9622-8bb730b065e8,458,2023-05-09T05:00:41.611556+01:00,unclassified,rabv_ea,11923,7074,7467,368,380,RABV_EA
5924125a-67c3-480c-b038-238ab22e33e3,432,2023-05-09T05:25:00.611556+01:00,unclassified,rabv_ea,11923,9858,10247,356,371,RABV_EA
7907c4e6-4581-48ad-b05c-05101626712e,907,2023-05-09T05:24:58.611556+01:00,unclassified,?,11923,0,0,328,354,?
93c5075d-b783-4459-8e9a-4a9cf59a95e5,867,2023-05-09T05:00:42.611556+01:00,unclassified,?,11923,0,0,341,368,?
dda73d59-46fc-437e-8fe9-d18b445929c9,449,2023-05-09T05:24:54.611556+01:00,unclassified,rabv_ea,11923,7703,8078,362,363,RABV_EA
463a3202-b93e-4900-97b9-8196d46d2284,221,2023-05-09T04:59:44.611556+01:00,unclassified,rabv_ea,11923,10164,10319,143,149,RABV_EA
d9b07baa-4c70-48d6-afe3-5ace64e4e3dd,475,2023-05-09T05:24:08.611556+01:00,unclassified,rabv_ea,11923,3386,3775,363,381,RABV_EA
fee41ea9-0e0c-4db5-91ae-ade044ce434e,881,2023-05-09T05:24:54.611556+01:00,unclassified,?,11923,0,0,354,365,?
9d9e484c-7ab2-4d76-9f5c-197c764eb93f,452,2023-05-09T05:24:56.611556+01:00,unclassified,rabv_ea,11923,11407,11788,357,369,RABV_EA
8636c3e7-1160-443c-ace1-6ee4cb70396e,678,2023-05-09T05:24:10.611556+01:00,unclassified,?,11923,0,0,324,361,?
b790996b-8101-468e-9ffa-11d1a9657dc3,418,2023-05-09T05:24:07.611556+01:00,unclassified,rabv_ea,11923,6752,7155,325,344,RABV_EA
3c6f65ca-1d32-4be9-9f62-2c77e20f14d7,437,2023-05-09T05:24:57.611556+01:00,unclassified,rabv_ea,11923,6146,6528,344,360,RABV_EA
be688629-f09c-4d4b-97cb-f9c003f0d16c,530,2023-05-09T05:24:06.611556+01:00,unclassified,rabv_ea,11923,10168,10565,343,365,RABV_EA
3f9f6125-9d7e-4025-ba22-042bc5778c82,472,2023-05-09T05:24:12.611556+01:00,unclassified,rabv_ea,11923,10164,10559,376,390,RABV_EA
7b730a86-e447-4f3c-9f52-ced069c544b6,473,2023-05-09T05:24:56.611556+01:00,unclassified,rabv_ea,11923,10164,10564,370,390,RABV_EA
2c1d0249-d196-4164-ac8c-9aa9e32cb9a7,855,2023-05-09T05:00:44.611556+01:00,unclassified,?,11923,0,0,345,359,?
39ee21f4-4fa0-4895-b634-864061b13ad1,456,2023-05-09T05:24:54.611556+01:00,unclassified,rabv_ea,11923,1567,1955,352,365,RABV_EA
373cf393-e4df-4853-89f6-9ff4579c6cba,510,2023-05-09T05:24:55.611556+01:00,unclassified,rabv_ea,11923,7699,8081,341,361,RABV_EA
5b8c7120-f04b-42c4-a389-0a5d18bf3759,1303,2023-05-09T05:24:53.611556+01:00,unclassified,?,11923,0,0,366,389,?
e14a611b-71c8-443d-9f86-cf300bd0ec1d,476,2023-05-09T04:59:42.611556+01:00,unclassified,rabv_ea,11923,6424,6820,381,388,RABV_EA
f1911ef6-3d93-4c63-bedf-3110d05559b6,476,2023-05-09T05:24:56.611556+01:00,unclassified,rabv_ea,11923,7717,8070,328,348,RABV_EA
b8a1150c-b57d-47eb-abf9-66fa16643ce9,473,2023-05-09T05:00:46.611556+01:00,unclassified,rabv_ea,11923,10164,10562,353,382,RABV_EA
9b754b5d-e6bc-4dc9-bbd8-5a5c30ea51bf,501,2023-05-09T05:00:40.611556+01:00,unclassified,rabv_ea,11923,2750,3143,352,375,RABV_EA
6adc4f15-3583-43a9-9253-08448cd0c63b,513,2023-05-09T05:00:43.611556+01:00,unclassified,rabv_ea,11923,7690,8077,364,377,RABV_EA
84af0ba9-98f1-4a0c-9535-cabdb0034ddc,1727,2023-05-09T05:00:37.611556+01:00,unclassified,?,11923,0,0,363,383,?
21085bff-d420-4ed8-9cff-92a061dabb50,482,2023-05-09T05:24:55.611556+01:00,unclassified,rabv_ea,11923,10164,10563,368,389,RABV_EA
7340d1c6-2956-414b-8a2d-b9f2852092a2,563,2023-05-09T04:59:42.611556+01:00,unclassified,rabv_ea,11923,10164,10562,375,388,RABV_EA
d8194be8-d06f-4d6b-bda0-50c216d20028,853,2023-05-09T05:25:01.611556+01:00,unclassified,?,11923,0,0,388,389,?
a068d5d5-2dfc-448b-9347-d046b5b80c1f,1359,2023-05-09T05:24:54.611556+01:00,unclassified,?,11923,0,0,371,383,?
18bacbbc-07b3-4e50-979c-09fad743df30,465,2023-05-09T05:24:23.611556+01:00,unclassified,rabv_ea,11923,5200,5595,351,376,RABV_EA
cd307c89-1b54-4206-8fc7-3c9096fb471d,878,2023-05-09T05:24:54.611556+01:00,unclassified,?,11923,0,0,366,391,?
d04db2a2-4c56-4698-8bae-7e9bc5d27173,400,2023-05-09T05:24:58.611556+01:00,unclassified,rabv_ea,11923,9062,9306,198,219,RABV_EA
cf7f5936-dfc5-4ee2-8ca6-dd828c1a3638,870,2023-05-09T05:24:56.611556+01:00,unclassified,?,11923,0,0,359,363,?
a9eaaf45-f0c2-4313-aad0-1f70eb4cc7b1,432,2023-05-09T05:24:57.611556+01:00,unclassified,rabv_ea,11923,7704,8081,346,358,RABV_EA
6acc597a-0dab-4857-a825-64417eb3162b,1594,2023-05-09T05:00:37.611556+01:00,unclassified,?,11923,0,0,387,393,?
4c21b52b-e8dd-441e-8f6e-aaaef0a3a668,1067,2023-05-09T05:24:23.611556+01:00,unclassified,?,11923,0,0,378,394,?
5b696744-024b-4e7f-9f23-15537c82a642,234,2023-05-09T05:24:19.611556+01:00,unclassified,rabv_ea,11923,9154,9323,158,165,RABV_EA
481314e9-3b18-46bc-aa51-f7e3971d1352,1629,2023-05-09T05:24:17.611556+01:00,unclassified,?,11923,0,0,392,402,?
92053463-65ce-437b-a746-7edd1083b23b,464,2023-05-09T05:24:27.611556+01:00,unclassified,rabv_ea,11923,1566,1958,379,385,RABV_EA
2e89c149-1837-45cd-a72d-ab9981d904b2,567,2023-05-09T05:24:27.611556+01:00,unclassified,rabv_ea,11923,345,688,307,331,RABV_EA
94f154a0-f87a-4e43-9ba8-64004ca497ec,860,2023-05-09T05:24:20.611556+01:00,unclassified,?,11923,0,0,362,388,?
8ab848cb-1199-4db5-85a1-c47b41310cec,875,2023-05-09T05:00:41.611556+01:00,unclassified,?,11923,0,0,394,406,?
5b872fd5-12ee-49f4-a01b-362533c33df4,462,2023-05-09T05:24:18.611556+01:00,unclassified,rabv_ea,11923,6450,6817,331,354,RABV_EA
7b332fed-9356-4d91-bec0-ec2e284affee,885,2023-05-09T05:00:40.611556+01:00,unclassified,rabv_ea,11923,1864,3119,736,769,RABV_EA
0aec154b-bb51-443b-8123-2b324c2dc9f9,651,2023-05-09T05:25:09.611556+01:00,unclassified,rabv_ea,11923,9861,10261,354,377,RABV_EA
5a36b20b-4a4a-4313-8be6-59dda609b879,877,2023-05-09T05:24:56.611556+01:00,unclassified,?,11923,0,0,388,400,?
b7c98bc2-22f0-4cfb-a179-d0dcf42758dc,2250,2023-05-09T05:00:41.611556+01:00,unclassified,?,11923,0,0,371,382,?
86a7f2d0-114f-4e08-ab19-757a3306cff7,448,2023-05-09T05:25:04.611556+01:00,unclassified,rabv_ea,11923,7707,8071,355,360,RABV_EA
13c93dcb-0185-4918-8745-8e842242b41a,1553,2023-05-09T05:25:00.611556+01:00,unclassified,?,11923,0,0,359,367,?
ff8a43c7-5e2e-45f1-8cec-2f1d0dc39930,454,2023-05-09T05:25:25.611556+01:00,unclassified,rabv_ea,11923,8934,9313,354,366,RABV_EA
1e15d17c-1afc-4475-a85e-ff085e9e0043,448,2023-05-09T05:25:03.611556+01:00,unclassified,rabv_ea,11923,1567,1956,351,369,RABV_EA
1da332d8-4f93-4651-acfe-65721d9032fd,474,2023-05-09T05:25:03.611556+01:00,unclassified,rabv_ea,11923,10164,10563,368,394,RABV_EA
02c91f0a-90c4-4cf6-9248-e366d1874262,537,2023-05-09T05:25:10.611556+01:00,unclassified,rabv_ea,11923,7693,8081,349,372,RABV_EA
3629c590-97eb-43aa-88f3-8273fe78ce3f,456,2023-05-09T05:24:20.611556+01:00,unclassified,rabv_ea,11923,9571,9936,325,344,RABV_EA
205ceefb-6ddf-4408-8199-9c936bffa05a,463,2023-05-09T05:25:07.611556+01:00,unclassified,rabv_ea,11923,10164,10562,355,384,RABV_EA
d4916ba8-43b4-47d9-ae07-d20d0000a117,2491,2023-05-09T05:24:34.611556+01:00,unclassified,?,11923,0,0,398,411,?
c388df05-ef94-46d7-bcfa-557754654f09,852,2023-05-09T05:24:28.611556+01:00,unclassified,?,11923,0,0,340,367,?
5d84c684-4efa-41de-889a-381dd80a7273,642,2023-05-09T05:24:31.611556+01:00,unclassified,?,11923,0,0,346,363,?
a0e9dae2-87a1-44f9-8122-ab4c3c354bdc,466,2023-05-09T05:24:32.611556+01:00,unclassified,rabv_ea,11923,1567,1949,356,371,RABV_EA
5394bec6-6f2a-4878-9009-b609339b7d4d,490,2023-05-09T05:24:28.611556+01:00,unclassified,rabv_ea,11923,10170,10563,368,385,RABV_EA
ca52e462-9ef6-4817-bbfe-234aa9d415a8,431,2023-05-09T05:24:21.611556+01:00,unclassified,rabv_ea,11923,10172,10511,288,317,RABV_EA
04e7830d-96b2-4a3f-ba43-22500d127c9d,1671,2023-05-09T05:24:24.611556+01:00,unclassified,?,11923,0,0,348,370,?
f2768d37-b256-4d71-83d6-64120fd87bb4,491,2023-05-09T05:24:19.611556+01:00,unclassified,rabv_ea,11923,7690,8081,353,373,RABV_EA
4870a632-f6af-4a6c-bc8b-eeed67ba9c34,468,2023-05-09T05:25:11.611556+01:00,unclassified,rabv_ea,11923,1566,1958,357,380,RABV_EA
fee179a5-12fb-48d7-b7e4-6e2aa10c5930,457,2023-05-09T05:24:37.611556+01:00,unclassified,rabv_ea,11923,5196,5593,382,386,RABV_EA
672e31d5-13d5-45cf-9747-6ceb86f90463,873,2023-05-09T05:24:39.611556+01:00,unclassified,?,11923,0,0,367,384,?
321ca970-7ac0-46fd-ac96-dd52903762cf,2714,2023-05-09T05:25:00.611556+01:00,unclassified,?,11923,0,0,380,401,?
c41e7128-fcac-4663-80ee-6224ef64510f,442,2023-05-09T05:24:41.611556+01:00,unclassified,rabv_ea,11923,10165,10572,361,374,RABV_EA
4af3c8ca-4fff-4dd9-8551-e4c1dd212c01,1322,2023-05-09T05:24:25.611556+01:00,unclassified,?,11923,0,0,374,383,?
1871d702-5aba-4a7a-bfa5-85858f619098,452,2023-05-09T05:24:39.611556+01:00,unclassified,rabv_ea,11923,11111,11493,361,374,RABV_EA
07fe23e8-8141-4240-8061-ce99efa8e768,2119,2023-05-09T05:25:02.611556+01:00,unclassified,rabv_ea,11923,7699,8081,347,359,RABV_EA
1568d1c2-541f-4b9e-9d17-2d6a9c2d2c90,265,2023-05-09T05:25:20.611556+01:00,unclassified,*,0,0,0,0,0,*
79eecef0-e2a4-4740-96e0-f96601c96c94,754,2023-05-09T05:25:20.611556+01:00,unclassified,?,11923,0,0,374,397,?
bb00dfc4-7208-4781-a133-476e7454bf4e,4539,2023-05-09T05:25:15.611556+01:00,unclassified,?,11923,0,0,379,398,?
84a5985b-e958-4ef3-8247-22f45378c4da,918,2023-05-09T05:24:33.611556+01:00,unclassified,?,11923,0,0,379,392,?
d91a5663-d66e-4f0f-9cf2-a9f29a19dba8,1323,2023-05-09T05:25:26.611556+01:00,unclassified,?,11923,0,0,378,392,?
b21e4b05-2fa1-4862-961c-7b428cf5b1ec,720,2023-05-09T05:25:26.611556+01:00,unclassified,?,11923,0,0,351,380,?
1a8f8563-f45e-411b-81b3-4e539623ef03,447,2023-05-09T05:25:18.611556+01:00,unclassified,rabv_ea,11923,7075,7467,369,375,RABV_EA
de0e0323-2a1e-414b-86cc-8e9bfef6264f,517,2023-05-09T05:00:42.611556+01:00,unclassified,rabv_ea,11923,10164,10562,371,389,RABV_EA
16507b4b-fc49-4882-ad5b-eec11d2679c6,218,2023-05-09T05:24:37.611556+01:00,unclassified,*,0,0,0,0,0,*
1855e0c4-29ca-489e-be68-2f83031a530e,1827,2023-05-09T05:00:36.611556+01:00,unclassified,?,11923,0,0,381,404,?
388c8bba-9ca7-432d-9550-4d0e3b287674,503,2023-05-09T05:24:40.611556+01:00,unclassified,rabv_ea,11923,7693,8079,349,365,RABV_EA
fb7aba37-e740-4bf9-b7d7-ab2d55ddd66a,811,2023-05-09T05:24:36.611556+01:00,unclassified,?,11923,0,0,361,384,?
c9e5a75c-c59b-47ee-b6f2-fc1b3a5ef130,1555,2023-05-09T05:25:12.611556+01:00,unclassified,?,11923,0,0,387,392,?
7da888e7-8fdf-437c-8d44-35f93ba25861,465,2023-05-09T05:24:51.611556+01:00,unclassified,rabv_ea,11923,10170,10563,380,385,RABV_EA
3882adfb-6071-46ae-b95a-ebf40543916c,1209,2023-05-09T05:24:34.611556+01:00,unclassified,?,11923,0,0,347,363,?
61ff25b8-b98f-4309-847c-815195d2b3f8,281,2023-05-09T05:25:22.611556+01:00,unclassified,*,0,0,0,0,0,*
f46f5c8a-e1b5-474b-ab47-688f9c90bf78,935,2023-05-09T05:25:16.611556+01:00,unclassified,?,11923,0,0,386,397,?
24b37dd3-90a6-4d65-892f-144b73d22cb9,831,2023-05-09T05:25:15.611556+01:00,unclassified,?,11923,0,0,341,354,?
c4d6ed6b-1fd1-4c00-a2a5-e7b286a4ad2a,531,2023-05-09T05:25:23.611556+01:00,unclassified,rabv_ea,11923,5199,5608,379,394,RABV_EA
71ec2910-c142-4f48-9d70-a5fec8313989,1354,2023-05-09T05:25:14.611556+01:00,unclassified,?,11923,0,0,377,390,?
85f491d8-0ff7-4e0c-9d53-9a3904ec8395,863,2023-05-09T05:25:22.611556+01:00,unclassified,?,11923,0,0,364,374,?
ba54224b-6d4b-4ec6-8a4e-ed80d8018bd2,459,2023-05-09T05:25:22.611556+01:00,unclassified,rabv_ea,11923,9851,10244,357,373,RABV_EA
33dceaf2-5ac1-4eeb-a6fa-ff154ce0d657,1727,2023-05-09T05:25:30.611556+01:00,unclassified,?,11923,0,0,395,400,?
d395602f-3728-4dac-a0d1-7ad3872583d8,458,2023-05-09T05:25:11.611556+01:00,unclassified,rabv_ea,11923,11111,11494,372,374,RABV_EA
dbf9e60e-256f-471d-a67f-a864cfb56a45,1183,2023-05-09T05:25:24.611556+01:00,unclassified,?,11923,0,0,393,396,?
3fe4f8b1-3e1f-4283-ae1e-2f405706acb4,470,2023-05-09T05:25:19.611556+01:00,unclassified,rabv_ea,11923,10166,10562,379,386,RABV_EA
f67abe98-777a-4ef9-b8dd-dd8311519b4e,904,2023-05-09T05:25:32.611556+01:00,unclassified,?,11923,0,0,355,381,?
5c274369-08bd-40a7-8d44-bd35eebf4fa1,2122,2023-05-09T05:00:03.611556+01:00,unclassified,?,11923,0,0,371,387,?
da16a849-0b56-42c4-a1c6-844d34c61283,442,2023-05-09T05:25:33.611556+01:00,unclassified,rabv_ea,11923,7705,8081,348,359,RABV_EA
31fe8dcf-9f9d-40ec-b684-a553b733b2e8,1259,2023-05-09T05:00:06.611556+01:00,unclassified,?,11923,0,0,352,362,?
665637d6-1934-4f35-93e1-72301a346c1a,301,2023-05-09T05:25:33.611556+01:00,unclassified,*,0,0,0,0,0,*
3afa5d77-cf0f-48fd-a50e-4274d8ec772c,517,2023-05-09T05:25:16.611556+01:00,unclassified,rabv_ea,11923,319,697,337,358,RABV_EA
2b73069d-923b-4670-89de-ffaec9bc9fd4,471,2023-05-09T05:25:26.611556+01:00,unclassified,*,0,0,0,0,0,*
4ca23c10-ef6b-4138-8ae3-d2bee5b9b003,496,2023-05-09T04:59:44.611556+01:00,unclassified,rabv_ea,11923,9851,10258,365,378,RABV_EA
2ec1470c-f20e-4939-844a-9c8368f47d24,473,2023-05-09T04:59:43.611556+01:00,unclassified,rabv_ea,11923,5208,5608,361,382,RABV_EA
a71df9eb-e8ec-40ef-b245-8ba4cba1727c,882,2023-05-09T05:25:16.611556+01:00,unclassified,?,11923,0,0,387,406,?
7f05dfcb-efed-4efa-bdd6-d085491687c5,879,2023-05-09T05:25:25.611556+01:00,unclassified,?,11923,0,0,381,392,?
767b3ce4-84e6-4fa4-92e0-2efbe75e791c,862,2023-05-09T05:25:29.611556+01:00,unclassified,?,11923,0,0,364,393,?
2d1c8a64-b967-4d26-a9dd-51363f68babd,519,2023-05-09T05:25:32.611556+01:00,unclassified,rabv_ea,11923,9851,10263,371,395,RABV_EA
23676f16-9b75-4916-836f-41d2529f72c2,937,2023-05-09T05:25:09.611556+01:00,unclassified,?,11923,0,0,398,404,?
7823b550-bc04-4f80-859b-8f9aa4791b94,460,2023-05-09T04:40:25.611556+01:00,unclassified,rabv_ea,11923,11111,11494,359,368,RABV_EA
95da5654-7b8c-4027-a81f-4ed40710749a,485,2023-05-09T04:40:20.611556+01:00,unclassified,rabv_ea,11923,1549,1958,358,365,RABV_EA
30bd1c8e-c1c0-4f82-8212-2ba3734a7941,1300,2023-05-09T05:25:06.611556+01:00,unclassified,rabv_ea,11923,11096,11494,370,385,RABV_EA
671891d5-be40-4a46-81cb-5b10324224f0,1271,2023-05-09T05:25:14.611556+01:00,unclassified,?,11923,0,0,360,380,?
5cffa51b-ff56-4a97-a904-07d74fd90835,479,2023-05-09T05:25:07.611556+01:00,unclassified,rabv_ea,11923,3383,3774,370,388,RABV_EA
46d5d461-c5bd-4405-b370-72ffbea71896,871,2023-05-09T05:25:12.611556+01:00,unclassified,?,11923,0,0,362,373,?
7b35bcf9-9820-4bea-93d3-26e43fdefe80,866,2023-05-09T05:25:08.611556+01:00,unclassified,?,11923,0,0,335,347,?
be3d66f1-a99b-4297-82cf-71d0323c1c4f,430,2023-05-09T04:59:56.611556+01:00,unclassified,rabv_ea,11923,6138,6514,334,350,RABV_EA
7f37b7ec-d707-4139-b2ce-b067f027a884,465,2023-05-09T05:25:34.611556+01:00,unclassified,rabv_ea,11923,11111,11488,345,366,RABV_EA
a114bfab-bae1-44da-ba1d-288931fc6ba0,507,2023-05-09T05:25:16.611556+01:00,unclassified,rabv_ea,11923,7690,8081,371,382,RABV_EA
0ace97dc-b9d2-4af8-bf1c-07741d7c37be,1277,2023-05-09T05:25:04.611556+01:00,unclassified,?,11923,0,0,386,404,?
c6c253e6-6956-4c3c-818a-62a65de374d2,463,2023-05-09T05:25:15.611556+01:00,unclassified,rabv_ea,11923,4651,5036,332,354,RABV_EA
ec533e29-65c4-4797-b827-4c35bbd5095f,444,2023-05-09T05:25:29.611556+01:00,unclassified,rabv_ea,11923,3061,3437,339,353,RABV_EA
996e4334-339b-4f6e-b1c2-b09f3ee7880c,415,2023-05-09T04:40:17.611556+01:00,unclassified,rabv_ea,11923,2733,3066,310,323,RABV_EA
02e4d0e2-9a13-4d69-b88b-2eac5ef27292,265,2023-05-09T04:40:20.611556+01:00,unclassified,*,0,0,0,0,0,*
34848a4c-51d7-41ff-ab62-185512f5e8ed,460,2023-05-09T04:40:19.611556+01:00,unclassified,rabv_ea,11923,7693,8066,359,367,RABV_EA
64a83a1e-a72e-4a20-ba40-6bd963e5350f,453,2023-05-09T04:40:17.611556+01:00,unclassified,rabv_ea,11923,3390,3777,337,357,RABV_EA
d08325db-b71a-4e19-baf9-df4b21471257,2936,2023-05-09T04:40:10.611556+01:00,unclassified,?,11923,0,0,762,778,?
a164c298-0e87-445a-9469-7673c4d7c6e5,443,2023-05-09T05:25:28.611556+01:00,unclassified,rabv_ea,11923,1566,1958,357,368,RABV_EA
007d9d75-c13b-41b1-b7dd-a8b35cc50cbf,252,2023-05-09T04:59:42.611556+01:00,unclassified,*,0,0,0,0,0,*
2defe0e0-5079-4db5-8df6-5a75168594d8,470,2023-05-09T05:25:46.611556+01:00,unclassified,rabv_ea,11923,4908,5299,361,382,RABV_EA
48cdde05-3e6f-429d-8eef-852f0d114f8f,437,2023-05-09T05:25:40.611556+01:00,unclassified,rabv_ea,11923,9551,9940,320,358,RABV_EA
5e06201c-4e6e-4fcd-9371-bee2fe5484ae,437,2023-05-09T05:25:38.611556+01:00,unclassified,rabv_ea,11923,11105,11469,330,350,RABV_EA
486ab124-9468-4392-a8e5-8d70d6237399,288,2023-05-09T05:25:37.611556+01:00,unclassified,rabv_ea,11923,3071,3252,173,180,RABV_EA
1988e753-6f0c-4b6b-a53f-dd85efeb670a,354,2023-05-09T05:25:37.611556+01:00,unclassified,rabv_ea,11923,5025,5284,240,253,RABV_EA
ecb534b3-ecd3-4e4f-9bdc-ea8cd41adc44,459,2023-05-09T05:25:36.611556+01:00,unclassified,rabv_ea,11923,1567,1955,362,377,RABV_EA
d9067e5f-3a7e-4dbc-b94a-2cf788b8ec52,826,2023-05-09T04:40:23.611556+01:00,unclassified,?,11923,0,0,362,386,?
7c75564d-54a5-4ef1-bb3b-7949e1a72b85,569,2023-05-09T05:25:44.611556+01:00,unclassified,rabv_ea,11923,9550,9940,362,374,RABV_EA
9358479a-2d18-4b65-bf0b-b97543d07d73,796,2023-05-09T05:25:36.611556+01:00,unclassified,?,11923,0,0,358,370,?
82967014-a198-48e4-a098-ab1788b701d6,1267,2023-05-09T05:25:26.611556+01:00,unclassified,?,11923,0,0,368,384,?
85a51e67-3826-4721-a85f-3c8564602407,1257,2023-05-09T04:40:21.611556+01:00,unclassified,?,11923,0,0,378,395,?
c2ca1f79-029f-420f-bff3-8dc7f655c580,462,2023-05-09T05:25:36.611556+01:00,unclassified,rabv_ea,11923,4894,5282,364,376,RABV_EA
dedce528-578b-4d4f-8edd-eb64b0d53fed,464,2023-05-09T04:40:17.611556+01:00,unclassified,rabv_ea,11923,9556,9940,339,366,RABV_EA
2decaa3f-ac9f-4a80-a76b-052c94ceb6bb,521,2023-05-09T05:25:41.611556+01:00,unclassified,rabv_ea,11923,7690,8081,370,386,RABV_EA
7aeb5854-6d15-43fe-8f11-095f70d690be,856,2023-05-09T04:40:21.611556+01:00,unclassified,?,11923,0,0,380,388,?
5aa5040d-19ae-410b-bbbf-66b37913c520,424,2023-05-09T05:25:43.611556+01:00,unclassified,rabv_ea,11923,5196,5592,377,388,RABV_EA
c51fb580-a450-4f20-87f0-9baaf6423c27,858,2023-05-09T05:25:39.611556+01:00,unclassified,?,11923,0,0,381,391,?
5bde0cdc-7481-450f-8acc-4085ab69221b,523,2023-05-09T05:25:30.611556+01:00,unclassified,rabv_ea,11923,9854,10260,365,392,RABV_EA
3e364f66-51d7-436d-a4a9-09554bf302f0,675,2023-05-09T05:25:40.611556+01:00,unclassified,?,11923,0,0,329,345,?
8e9a7495-3df7-48ca-a945-db8d7b5f9e11,269,2023-05-09T05:25:29.611556+01:00,unclassified,?,11923,0,0,110,111,?
2b2fec7c-5121-4d47-b791-69dd7d09b683,858,2023-05-09T05:25:35.611556+01:00,unclassified,?,11923,0,0,388,401,?
aa25be39-fdff-423b-8e35-a0d3281abb54,469,2023-05-09T04:40:20.611556+01:00,unclassified,rabv_ea,11923,11109,11494,364,381,RABV_EA
712915a3-c884-42ab-a9df-9ef0dca294cb,862,2023-05-09T05:25:37.611556+01:00,unclassified,?,11923,0,0,347,367,?
525928ea-ec81-44d7-913c-bb4fcc75dbd2,915,2023-05-09T04:40:19.611556+01:00,unclassified,?,11923,0,0,388,399,?
c5799b88-5d18-44b1-b5bb-59aa23d4533a,1294,2023-05-09T05:25:50.611556+01:00,unclassified,?,11923,0,0,384,394,?
6e71d113-b5ba-4ba6-a1a6-899164097e23,892,2023-05-09T05:25:51.611556+01:00,unclassified,?,11923,0,0,381,398,?
ccde4bb8-4d0a-46f6-bcdb-fba037c9b560,491,2023-05-09T05:25:47.611556+01:00,unclassified,rabv_ea,11923,7706,8082,342,351,RABV_EA
42b60be6-f7f9-42a7-90e4-00b7872a1e1f,450,2023-05-09T05:25:47.611556+01:00,unclassified,rabv_ea,11923,7712,8070,339,350,RABV_EA
4036c8eb-00c2-4a92-821b-22766e504a21,463,2023-05-09T04:40:21.611556+01:00,unclassified,rabv_ea,11923,10170,10554,350,372,RABV_EA
c1cecff5-68e4-4f64-8cb7-612ba898f9cb,470,2023-05-09T05:25:55.611556+01:00,unclassified,rabv_ea,11923,1561,1955,375,387,RABV_EA
71ba5fb2-6cac-47b1-8593-6e1f1e2073e5,391,2023-05-09T05:25:42.611556+01:00,unclassified,rabv_ea,11923,9020,9325,280,297,RABV_EA
8aa3ad16-b6a8-446c-a8f8-140e756c8de4,454,2023-05-09T05:25:42.611556+01:00,unclassified,rabv_ea,11923,9551,9936,348,367,RABV_EA
f83e63a5-3220-4f94-9fad-dc21f023d55f,1225,2023-05-09T05:25:50.611556+01:00,unclassified,?,11923,0,0,353,368,?
e5e7d0d1-2bed-4f15-b0d5-c5da6d069586,464,2023-05-09T05:25:51.611556+01:00,unclassified,rabv_ea,11923,9855,10244,337,371,RABV_EA
3ad8e600-5efd-4fec-b2e3-92b5c295fb02,894,2023-05-09T05:25:38.611556+01:00,unclassified,?,11923,0,0,357,376,?
af248ba6-5538-4a83-9fc7-301980420a2a,847,2023-05-09T05:25:55.611556+01:00,unclassified,?,11923,0,0,360,372,?
90eddfdf-882a-4fdd-8128-e034a26b5f91,359,2023-05-09T04:40:07.611556+01:00,unclassified,?,11923,0,0,122,122,?
c3cd1247-8e32-4666-931b-a72beab726a7,457,2023-05-09T05:26:04.611556+01:00,unclassified,rabv_ea,11923,9851,10247,369,386,RABV_EA
9cfd61ef-8c17-4a07-8e84-8935cf4901c7,465,2023-05-09T05:25:48.611556+01:00,unclassified,rabv_ea,11923,3066,3459,379,385,RABV_EA
915c3524-d237-4735-8323-a7142e2e7513,501,2023-05-09T05:25:49.611556+01:00,unclassified,rabv_ea,11923,1564,1941,342,362,RABV_EA
0838a934-f470-41ac-bfdf-1ef4a0902dce,331,2023-05-09T05:25:51.611556+01:00,unclassified,*,0,0,0,0,0,*
fc148036-e649-4fbf-acbc-2813a85f3cbd,922,2023-05-09T05:25:43.611556+01:00,unclassified,?,11923,0,0,348,363,?
fb9ef177-39aa-442d-9095-0cdabfe3c286,3358,2023-05-09T05:25:40.611556+01:00,unclassified,?,11923,0,0,383,395,?
879ca9d1-3a09-485b-b39e-c820fb79954d,510,2023-05-09T05:25:49.611556+01:00,unclassified,rabv_ea,11923,7693,8058,339,359,RABV_EA
47ef8c1b-8405-4fa2-b9c8-47eecee23549,347,2023-05-09T05:26:01.611556+01:00,unclassified,rabv_ea,11923,9866,10117,235,241,RABV_EA
eb7b8a54-dadd-42a4-8fa6-fd920f32aa17,432,2023-05-09T05:26:09.611556+01:00,unclassified,rabv_ea,11923,6147,6528,338,357,RABV_EA
40ed179f-1c1e-4062-8f0e-bd078c836a8d,821,2023-05-09T05:26:04.611556+01:00,unclassified,?,11923,0,0,350,373,?
f7c252cb-7b89-427b-927f-a0ddb7922989,866,2023-05-09T05:26:01.611556+01:00,unclassified,?,11923,0,0,363,372,?
b71bc628-2d4a-490d-bc1b-b16a1c2106c4,2014,2023-05-09T05:26:19.611556+01:00,unclassified,?,11923,0,0,616,651,?
a31732aa-5480-453c-9170-bcf4c15700f2,1267,2023-05-09T05:26:07.611556+01:00,unclassified,?,11923,0,0,394,402,?
407f89fb-8e22-47ee-bb92-b3b892988086,455,2023-05-09T05:26:09.611556+01:00,unclassified,rabv_ea,11923,3399,3790,367,381,RABV_EA
d399e969-8410-4a7f-96c6-36376beac5b8,448,2023-05-09T04:40:06.611556+01:00,unclassified,rabv_ea,11923,7704,8080,359,365,RABV_EA
71012453-2a9e-4d29-8386-87915893559e,316,2023-05-09T04:40:08.611556+01:00,unclassified,rabv_ea,11923,9126,9316,171,188,RABV_EA
17c61427-bcb6-4a34-962a-4086ab194c3a,446,2023-05-09T05:25:46.611556+01:00,unclassified,rabv_ea,11923,1869,2240,347,362,RABV_EA
c755c711-d1aa-4cab-b7ed-3f05792a0fd5,460,2023-05-09T05:25:54.611556+01:00,unclassified,rabv_ea,11923,9548,9940,371,382,RABV_EA
5d57c9fc-199d-422f-a0f2-4a2026736230,929,2023-05-09T05:26:01.611556+01:00,unclassified,?,11923,0,0,380,392,?
f1f8533f-409e-4b46-885e-d073eb7be327,232,2023-05-09T05:25:48.611556+01:00,unclassified,rabv_ea,11923,7926,8081,148,152,RABV_EA
2deb32d0-3423-48e6-9603-a6b2f86ba5c1,207,2023-05-09T05:26:00.611556+01:00,unclassified,rabv_ea,11923,669,814,134,140,RABV_EA
9f3464af-8e1e-4c31-b00f-2ce844a425b4,449,2023-05-09T05:25:48.611556+01:00,unclassified,rabv_ea,11923,1873,2246,335,358,RABV_EA
5713489a-d385-4770-bf67-fa92af4e31b6,625,2023-05-09T05:26:08.611556+01:00,unclassified,rabv_ea,11923,2748,3149,362,378,RABV_EA
ef7b0821-29bd-4a39-8fd3-ac15dbbe3511,468,2023-05-09T05:26:01.611556+01:00,unclassified,rabv_ea,11923,3399,3790,364,387,RABV_EA
5fd848b3-7adf-4687-a955-aebf7a3820ef,943,2023-05-09T05:26:01.611556+01:00,unclassified,?,11923,0,0,392,405,?
6ce37dc8-f6dc-4479-b679-b0ee6389f7f9,466,2023-05-09T05:26:07.611556+01:00,unclassified,rabv_ea,11923,5211,5593,336,368,RABV_EA
659c694d-b35e-4805-8fdf-9bf9ab8f6f11,459,2023-05-09T05:26:25.611556+01:00,unclassified,rabv_ea,11923,11406,11795,337,366,RABV_EA
04992cb2-e16a-4904-85ce-f6ce4c828f1c,854,2023-05-09T05:26:00.611556+01:00,unclassified,?,11923,0,0,347,361,?
0fbe0c8c-0c60-435c-8d73-965d3d78edbf,621,2023-05-09T05:26:06.611556+01:00,unclassified,?,11923,0,0,356,377,?
ab713ae9-8276-49e5-b5b2-bfab5f2d54d8,655,2023-05-09T05:26:23.611556+01:00,unclassified,rabv_ea,11923,1864,2221,334,347,RABV_EA
653c5b3b-db52-45f4-8342-0a6df7e6dca9,455,2023-05-09T05:26:00.611556+01:00,unclassified,rabv_ea,11923,9534,9924,366,380,RABV_EA
91e3bcc7-7da9-4198-8e2c-818165f90eb0,453,2023-05-09T05:26:25.611556+01:00,unclassified,rabv_ea,11923,613,1015,373,382,RABV_EA
f69686aa-5ead-4132-a5c3-fca6c51a7ab6,452,2023-05-09T04:40:08.611556+01:00,unclassified,rabv_ea,11923,7719,8068,323,339,RABV_EA
ede21d97-6a98-4a82-9b38-3c7de36a8378,429,2023-05-09T05:26:18.611556+01:00,unclassified,rabv_ea,11923,3062,3454,334,359,RABV_EA
a2f88d58-c45c-4a44-81c2-7b5ed232cb51,1325,2023-05-09T05:26:15.611556+01:00,unclassified,?,11923,0,0,331,358,?
3d5b1be2-9096-40c2-8abf-2eca9de44499,1444,2023-05-09T05:26:00.611556+01:00,unclassified,?,11923,0,0,359,367,?
631a3101-9a5d-4e45-bc61-958c2c6d72eb,485,2023-05-09T05:26:21.611556+01:00,unclassified,rabv_ea,11923,5211,5608,366,388,RABV_EA
3bafbf92-5088-48ce-98e7-dccec4a85507,918,2023-05-09T04:40:08.611556+01:00,unclassified,?,11923,0,0,380,389,?
e9202f23-4865-4e91-a7e5-6849a6ddb883,238,2023-05-09T05:26:20.611556+01:00,unclassified,rabv_ea,11923,9188,9318,130,130,RABV_EA
8d207531-8992-4d70-8e33-a7f8482e8cdb,463,2023-05-09T04:39:40.611556+01:00,unclassified,rabv_ea,11923,10170,10553,343,365,RABV_EA
017aa18b-bdc7-459e-8688-106811f5c4bc,508,2023-05-09T05:27:02.611556+01:00,unclassified,rabv_ea,11923,7690,8081,369,380,RABV_EA
46059222-3d4b-4313-abb6-c1dbd0ebab82,1834,2023-05-09T05:26:55.611556+01:00,unclassified,?,11923,0,0,908,942,?
08d3c0cd-ae61-4c80-a1f7-521cf8538fd1,460,2023-05-09T05:26:20.611556+01:00,unclassified,rabv_ea,11923,2733,3136,376,387,RABV_EA
e14b0dd4-e32a-4188-8de2-c0768d52e2f0,1693,2023-05-09T04:39:20.611556+01:00,unclassified,?,11923,0,0,369,379,?
5bc74c40-f2a8-45fb-a386-569b0f21ea9c,437,2023-05-09T05:26:19.611556+01:00,unclassified,rabv_ea,11923,7690,8059,361,366,RABV_EA
2a025e2f-156e-4f3d-b7c3-32aa0e2cd7b0,1276,2023-05-09T05:26:18.611556+01:00,unclassified,?,11923,0,0,350,375,?
fc8ac0ef-805b-46cf-a1d4-c711b77c0051,177,2023-05-09T04:39:02.611556+01:00,unclassified,*,0,0,0,0,0,*
abe2d510-61a2-4750-a320-1dfa6d00f2ed,304,2023-05-09T04:39:26.611556+01:00,unclassified,rabv_ea,11923,1580,1873,279,286,RABV_EA
30a15d78-ce6b-4835-acfc-7a2df7583a0c,448,2023-05-09T04:39:24.611556+01:00,unclassified,rabv_ea,11923,319,697,340,370,RABV_EA
fee6cdc2-45d8-4a7d-a61b-95a0e97eb6e9,1691,2023-05-09T05:25:51.611556+01:00,unclassified,?,11923,0,0,392,407,?
4312d7e3-0a1b-4c6f-92e2-ebd2f3246b66,834,2023-05-09T04:39:02.611556+01:00,unclassified,?,11923,0,0,358,368,?
54c4dfce-3bc9-4feb-8b9e-298c46e1cfe5,826,2023-05-09T04:39:03.611556+01:00,unclassified,?,11923,0,0,340,378,?
91e8234f-9a97-4261-9e9b-f223fdbb6166,1240,2023-05-09T04:40:05.611556+01:00,unclassified,?,11923,0,0,374,398,?
da4c58fa-579e-4365-8d4a-971a0d573e8a,469,2023-05-09T04:40:10.611556+01:00,unclassified,rabv_ea,11923,9557,9922,336,356,RABV_EA
cc73c3c3-dfbb-4c40-9320-cfac30faff39,1015,2023-05-09T05:26:10.611556+01:00,unclassified,rabv_ea,11923,9852,10254,379,382,RABV_EA
e408d225-430b-4536-939b-b2988183809e,1330,2023-05-09T05:27:00.611556+01:00,unclassified,?,11923,0,0,370,386,?
03387bca-bf24-4d9e-8aa7-2d3b59ae74e7,489,2023-05-09T04:39:03.611556+01:00,unclassified,rabv_ea,11923,6424,6676,236,244,RABV_EA
a80ff612-2d0f-497b-aee0-3b57f7cd4217,851,2023-05-09T04:39:04.611556+01:00,unclassified,?,11923,0,0,377,383,?
9f18ecf4-5b72-4d0a-a036-b4f42cc12094,881,2023-05-09T04:39:03.611556+01:00,unclassified,?,11923,0,0,356,379,?
cde9776c-8459-4ead-945f-9bca70b94aef,386,2023-05-09T05:26:12.611556+01:00,unclassified,rabv_ea,11923,4187,4424,221,231,RABV_EA
7681e51c-f421-4d38-836a-cad69a472a03,275,2023-05-09T05:27:02.611556+01:00,unclassified,rabv_ea,11923,4225,4422,180,189,RABV_EA
b5b35b3f-2619-4d73-a10d-6cc3b7d31b59,440,2023-05-09T05:26:12.611556+01:00,unclassified,rabv_ea,11923,7714,8081,333,354,RABV_EA
823e3bf4-239b-4f19-820c-d43e29fbf91c,2214,2023-05-09T04:38:56.611556+01:00,unclassified,?,11923,0,0,384,391,?
0af0db5f-1a70-4aeb-85bc-c3c47504c204,517,2023-05-09T05:26:44.611556+01:00,unclassified,rabv_ea,11923,7691,8075,354,368,RABV_EA
f8d4e4b6-2c8f-4ec5-a1e1-19d93a3f38e5,784,2023-05-09T04:39:03.611556+01:00,unclassified,?,11923,0,0,345,364,?
fa85fb9b-a9cc-49da-9465-e720cd0e8045,902,2023-05-09T05:26:43.611556+01:00,unclassified,?,11923,0,0,317,332,?
85d35a3b-cdad-4718-8453-b73354819022,888,2023-05-09T05:26:11.611556+01:00,unclassified,?,11923,0,0,371,390,?
d2f8aabe-0bcd-40f5-82d3-a9e85b3c5ff2,442,2023-05-09T04:39:05.611556+01:00,unclassified,rabv_ea,11923,1588,1958,347,354,RABV_EA
a5c5d732-10cc-4486-9018-a21ac676a915,1282,2023-05-09T04:39:02.611556+01:00,unclassified,?,11923,0,0,382,396,?
6fbb9af3-79d5-4031-b1e8-08e321cc797d,421,2023-05-09T05:26:45.611556+01:00,unclassified,rabv_ea,11923,4352,4718,328,343,RABV_EA
0fbe2c0b-0266-44e7-88e0-100f04702295,458,2023-05-09T05:26:14.611556+01:00,unclassified,rabv_ea,11923,5197,5596,359,378,RABV_EA
1ff0b29f-7d7a-4a4f-8eab-76da9b06e157,926,2023-05-09T05:26:11.611556+01:00,unclassified,?,11923,0,0,385,399,?
5a710599-374c-4558-b7e5-ceaaabb95fcb,465,2023-05-09T04:39:02.611556+01:00,unclassified,rabv_ea,11923,5223,5607,348,371,RABV_EA
50a088f0-0bc1-4b19-8861-e370726deda8,521,2023-05-09T04:39:05.611556+01:00,unclassified,rabv_ea,11923,7693,8078,358,371,RABV_EA
40a750c2-37e5-4e45-8916-ade0a1cedeaa,576,2023-05-09T05:26:12.611556+01:00,unclassified,?,11923,0,0,343,364,?
f8c078a5-5648-4b45-a401-23baf118a56d,1307,2023-05-09T05:26:42.611556+01:00,unclassified,?,11923,0,0,368,376,?
50e6607f-601b-4810-a3df-f4983abd6c33,458,2023-05-09T05:26:12.611556+01:00,unclassified,rabv_ea,11923,6442,6835,366,382,RABV_EA
1e3a8ef3-3991-4056-8c74-24ed8153da14,974,2023-05-09T04:38:52.611556+01:00,unclassified,?,11923,0,0,344,357,?
6e4c3438-8a6f-44fa-83ef-750168579bec,444,2023-05-09T05:26:10.611556+01:00,unclassified,rabv_ea,11923,10193,10328,119,129,RABV_EA
fca7bc70-6516-4e33-86b8-1218e7d75a7a,340,2023-05-09T04:38:21.611556+01:00,unclassified,*,0,0,0,0,0,*
2dc6f829-8ec6-487e-8777-7f5e9937cc81,445,2023-05-09T05:26:55.611556+01:00,unclassified,rabv_ea,11923,939,1319,348,369,RABV_EA
5b2ddffc-dade-427a-a7f8-9addff3ced82,471,2023-05-09T05:26:57.611556+01:00,unclassified,rabv_ea,11923,5196,5592,366,378,RABV_EA
13d4531c-050d-4861-b7fd-a4073c70cdb8,540,2023-05-09T04:39:03.611556+01:00,unclassified,rabv_ea,11923,10165,10576,361,388,RABV_EA
e5d60b37-15d1-4f55-bc2b-e0fddb37197e,456,2023-05-09T04:39:02.611556+01:00,unclassified,rabv_ea,11923,3062,3455,340,368,RABV_EA
94df7a35-c08a-41c1-b408-4fb22cfebae3,442,2023-05-09T04:39:04.611556+01:00,unclassified,rabv_ea,11923,7722,8081,323,335,RABV_EA
d58653d3-a7aa-4bde-b4bc-e28653c34858,434,2023-05-09T04:38:20.611556+01:00,unclassified,rabv_ea,11923,5837,6223,367,374,RABV_EA
ed3763b7-fd56-4bf3-86fb-7aa6cd8456a4,1257,2023-05-09T05:26:50.611556+01:00,unclassified,?,11923,0,0,374,389,?
9482e68a-404d-4e5b-bf48-ce0a562ccc42,1710,2023-05-09T05:26:21.611556+01:00,unclassified,?,11923,0,0,403,418,?
04516013-088f-4bb3-8dfc-7c4a2b0d80ad,2022,2023-05-09T05:26:22.611556+01:00,unclassified,?,11923,0,0,352,375,?
462e55b4-814b-4a9c-9b70-f783ea27518f,484,2023-05-09T05:26:38.611556+01:00,unclassified,rabv_ea,11923,4910,5299,351,373,RABV_EA
a7d7f4b8-7071-4209-aae9-724c9abe8583,1334,2023-05-09T05:26:21.611556+01:00,unclassified,?,11923,0,0,374,383,?
3b0fbf5f-84bc-4c91-a53b-61f9baecdf8f,461,2023-05-09T05:26:51.611556+01:00,unclassified,rabv_ea,11923,1565,1958,368,388,RABV_EA
d30341e6-c6d3-45fa-8fdc-0b0b9a2ac5a6,491,2023-05-09T05:26:25.611556+01:00,unclassified,rabv_ea,11923,1551,1943,346,362,RABV_EA
9883063a-e3b1-4f1a-a5ef-a884d34f5cc3,464,2023-05-09T05:26:38.611556+01:00,unclassified,rabv_ea,11923,3063,3456,372,387,RABV_EA
3c12985a-c632-4c3b-8892-3099eb8c63cb,453,2023-05-09T05:26:28.611556+01:00,unclassified,rabv_ea,11923,11111,11488,347,362,RABV_EA
f8584d30-ad27-4968-8ad2-345eb87b8bfc,480,2023-05-09T05:26:23.611556+01:00,unclassified,rabv_ea,11923,9549,9940,354,372,RABV_EA
1346a2bb-73f9-4457-87a1-ec3aa3269eca,918,2023-05-09T05:26:50.611556+01:00,unclassified,?,11923,0,0,398,406,?
a84e7232-6cfc-4c8f-b024-bead40a17f08,614,2023-05-09T05:26:51.611556+01:00,unclassified,?,11923,0,0,373,389,?
d53447a9-9b54-4865-8001-97ce769da0e0,425,2023-05-09T05:26:08.611556+01:00,unclassified,rabv_ea,11923,5748,5916,148,157,RABV_EA
5a1fd589-93d8-4ac9-a725-873b28934575,2564,2023-05-09T05:27:03.611556+01:00,unclassified,?,11923,0,0,371,393,?
5b581b2f-1556-46e0-a104-2fb0db59624b,457,2023-05-09T05:27:10.611556+01:00,unclassified,rabv_ea,11923,9550,9931,327,360,RABV_EA
c6f9ca8b-ea9a-478c-9636-5ec0fc9966f1,487,2023-05-09T05:26:50.611556+01:00,unclassified,rabv_ea,11923,10164,10575,369,392,RABV_EA
d17ace19-f04b-44b2-acc3-bd1d42d7d7dc,863,2023-05-09T05:26:53.611556+01:00,unclassified,?,11923,0,0,372,390,?
ce3fb345-1f08-4b6e-be02-3b1dda57c0f0,457,2023-05-09T05:26:07.611556+01:00,unclassified,rabv_ea,11923,6464,6820,327,342,RABV_EA
95151b7f-659e-4c51-824e-786c3ba721d8,826,2023-05-09T05:27:09.611556+01:00,unclassified,?,11923,0,0,347,366,?
f440ce93-ed58-4b37-8b3a-50d5e2ceac6b,726,2023-05-09T05:26:31.611556+01:00,unclassified,?,11923,0,0,341,374,?
054b9d8e-eca0-4c63-9083-87368fee8fac,188,2023-05-09T05:26:53.611556+01:00,unclassified,rabv_ea,11923,10164,10284,116,118,RABV_EA
71e5de2c-4c86-41ec-bc28-4051ce0845c4,875,2023-05-09T05:26:08.611556+01:00,unclassified,?,11923,0,0,377,389,?
06db945a-ff7f-4943-99bd-b8378f50c159,838,2023-05-09T05:26:31.611556+01:00,unclassified,?,11923,0,0,355,369,?
9903b428-6ebc-4998-912f-29bdd322632f,1250,2023-05-09T05:27:08.611556+01:00,unclassified,?,11923,0,0,387,396,?
fc37d648-0e88-44c9-825c-080d8469544c,1300,2023-05-09T05:27:08.611556+01:00,unclassified,?,11923,0,0,345,368,?
90482c95-feae-4bfe-a1b1-8bfa9cf162d4,862,2023-05-09T04:38:19.611556+01:00,unclassified,?,11923,0,0,365,389,?
bd620360-85f4-4017-9742-50763295bcb6,513,2023-05-09T05:26:23.611556+01:00,unclassified,rabv_ea,11923,10164,10570,362,376,RABV_EA
5d744817-58dc-4c12-83a6-5fd22a6557c6,1260,2023-05-09T05:26:24.611556+01:00,unclassified,?,11923,0,0,364,375,?
88ee1e31-f150-401b-9f69-a2a793b95c0f,458,2023-05-09T05:26:36.611556+01:00,unclassified,rabv_ea,11923,7075,7467,351,367,RABV_EA
3bf91283-5dd4-4c36-ab1b-05bf0a5fa72d,455,2023-05-09T05:27:00.611556+01:00,unclassified,rabv_ea,11923,328,697,335,351,RABV_EA
80ef8d27-0e7d-4b43-8a6e-5befa5c8b223,438,2023-05-09T05:27:01.611556+01:00,unclassified,rabv_ea,11923,7703,8081,356,368,RABV_EA
01767601-c27a-48b1-94ad-cea22bbc8c3c,542,2023-05-09T05:27:08.611556+01:00,unclassified,rabv_ea,11923,10164,10576,384,401,RABV_EA
8a8e0243-a615-4496-b3ea-565f91212e63,2866,2023-05-09T05:27:03.611556+01:00,unclassified,?,11923,0,0,672,694,?
8dd12a03-b86d-4066-b1c0-e47212a7bc19,610,2023-05-09T05:26:51.611556+01:00,unclassified,rabv_ea,11923,10173,10576,359,393,RABV_EA
e8a9ec51-3806-459b-80cf-a821a6c190f7,406,2023-05-09T05:26:54.611556+01:00,unclassified,rabv_ea,11923,6530,6828,271,291,RABV_EA
2c2f7ed4-18b8-45d7-94bf-cafafaf4c8d5,187,2023-05-09T05:26:53.611556+01:00,unclassified,rabv_ea,11923,10164,10285,116,117,RABV_EA
94f26dd3-3dac-41dd-8904-17c66188ae91,457,2023-05-09T05:26:39.611556+01:00,unclassified,rabv_ea,11923,6178,6528,303,327,RABV_EA
f6b78a1a-a4e0-4974-92ec-48e684e64ecb,482,2023-05-09T05:27:07.611556+01:00,unclassified,*,0,0,0,0,0,*
a003a939-0888-4272-8af1-20d5121daa12,293,2023-05-09T05:27:11.611556+01:00,unclassified,*,0,0,0,0,0,*
2c27d4ce-e05e-45c5-b512-e86d66e13b3e,1057,2023-05-09T05:26:24.611556+01:00,unclassified,?,11923,0,0,395,403,?
5660d9f9-6587-43de-9585-ee6a79e2dd16,454,2023-05-09T05:26:23.611556+01:00,unclassified,rabv_ea,11923,5846,6223,357,366,RABV_EA
ac8320fa-b50d-4c12-9c78-cd5a38967fe3,446,2023-05-09T04:38:17.611556+01:00,unclassified,rabv_ea,11923,945,1324,354,362,RABV_EA
21803c2e-f368-4e75-8907-32b728364d26,512,2023-05-09T04:38:16.611556+01:00,unclassified,rabv_ea,11923,7690,8081,368,380,RABV_EA
b15cad5e-ed62-4545-98a3-50868582add7,449,2023-05-09T05:26:59.611556+01:00,unclassified,rabv_ea,11923,6424,6821,356,381,RABV_EA
19564546-1b89-4199-8153-1de9d73ffc02,867,2023-05-09T05:27:00.611556+01:00,unclassified,?,11923,0,0,370,385,?
97b5e278-7e61-49e6-b947-179d5216742c,694,2023-05-09T05:26:24.611556+01:00,unclassified,rabv_ea,11923,11097,11494,355,371,RABV_EA
67220413-5f2c-4126-92af-8dbf981bcfe7,883,2023-05-09T05:26:34.611556+01:00,unclassified,?,11923,0,0,370,384,?
dab9cd74-be2e-485e-b3c7-bb22c97483df,886,2023-05-09T05:26:56.611556+01:00,unclassified,?,11923,0,0,377,392,?
f4d621db-3f1c-44be-b9e5-1b0515df35a0,437,2023-05-09T05:27:00.611556+01:00,unclassified,rabv_ea,11923,4690,5051,342,354,RABV_EA
763dea3e-2b31-4a36-934b-a8d487589a5e,1653,2023-05-09T05:26:35.611556+01:00,unclassified,?,11923,0,0,735,774,?
7d169786-ed61-48f6-9d22-e81ee02a5ae6,398,2023-05-09T05:27:14.611556+01:00,unclassified,rabv_ea,11923,4187,4424,222,230,RABV_EA
28d950b1-dc42-4d88-8b0b-ab7659208b40,479,2023-05-09T05:27:10.611556+01:00,unclassified,rabv_ea,11923,2733,3134,379,394,RABV_EA
ae5dd010-621a-4820-827f-ec6543f33dae,451,2023-05-09T05:27:12.611556+01:00,unclassified,rabv_ea,11923,6429,6815,368,379,RABV_EA
4f774954-ed55-431f-adbd-1305a9d8487c,1195,2023-05-09T05:27:02.611556+01:00,unclassified,?,11923,0,0,405,412,?
1c210373-fdfa-4569-8cb1-b28622f68c6a,552,2023-05-09T05:27:11.611556+01:00,unclassified,rabv_ea,11923,6427,6835,389,399,RABV_EA
31567d0c-442f-413a-a86d-06ae3690bb00,450,2023-05-09T05:26:59.611556+01:00,unclassified,rabv_ea,11923,10169,10570,311,332,RABV_EA
03bec735-1c96-48b6-9f5f-c17fe914478b,460,2023-05-09T04:38:15.611556+01:00,unclassified,rabv_ea,11923,11131,11494,346,356,RABV_EA
ea895f39-9040-405f-94bb-d33d351fed17,1257,2023-05-09T05:26:15.611556+01:00,unclassified,?,11923,0,0,795,817,?
166ddced-c874-4cbd-9e2a-343c5ff1d63c,461,2023-05-09T05:26:18.611556+01:00,unclassified,rabv_ea,11923,7702,8078,353,368,RABV_EA
94139828-e07e-4cad-a7ca-6a9bdfb0af6a,513,2023-05-09T05:26:16.611556+01:00,unclassified,*,0,0,0,0,0,*
5ff37d51-0990-4e8b-abbc-9c6861ca9a8d,470,2023-05-09T05:27:01.611556+01:00,unclassified,rabv_ea,11923,10164,10563,373,391,RABV_EA
6162e009-6c0d-4d44-a68a-1ed29b8cb714,862,2023-05-09T04:38:14.611556+01:00,unclassified,rabv_ea,11923,6437,6834,377,390,RABV_EA
0eb98bef-f355-4775-9052-70287668fce9,478,2023-05-09T04:38:18.611556+01:00,unclassified,rabv_ea,11923,4670,5051,329,358,RABV_EA
570b1969-6eaf-4c74-bbfc-e95884dced99,631,2023-05-09T05:27:12.611556+01:00,unclassified,?,11923,0,0,336,360,?
460380a9-f767-4e3f-987c-78a7b3e73aca,785,2023-05-09T05:27:11.611556+01:00,unclassified,?,11923,0,0,359,368,?
c82b3805-4343-454e-90aa-284c1983d304,871,2023-05-09T05:26:31.611556+01:00,unclassified,?,11923,0,0,371,382,?
44899c14-f927-47a7-b4e6-4d19b0c5e422,469,2023-05-09T05:26:19.611556+01:00,unclassified,rabv_ea,11923,9854,10234,361,369,RABV_EA
abaf07c6-7694-437f-a5a5-2c9cc98516c9,1763,2023-05-09T05:26:10.611556+01:00,unclassified,rabv_ea,11923,11392,11778,358,376,RABV_EA
9ee7ca92-c4c9-4464-9666-22ba8e9a0e25,1622,2023-05-09T05:27:08.611556+01:00,unclassified,?,11923,0,0,381,397,?
ea6b59fb-050f-473c-ac1e-171f26b4e4bd,894,2023-05-09T05:27:21.611556+01:00,unclassified,?,11923,0,0,326,349,?
40fae596-5e8f-47c7-97a1-5787e8e61a80,550,2023-05-09T05:26:41.611556+01:00,unclassified,rabv_ea,11923,1583,1958,366,370,RABV_EA
ee13b2fe-ee8c-4105-b7bd-62f37829a666,443,2023-05-09T04:39:03.611556+01:00,unclassified,rabv_ea,11923,1869,2248,348,366,RABV_EA
6bc107c2-6862-4129-a504-6b8ef6c6562f,495,2023-05-09T05:27:02.611556+01:00,unclassified,rabv_ea,11923,7693,8074,352,369,RABV_EA
af5298f7-8c99-4694-a8bc-c08755916438,854,2023-05-09T05:27:13.611556+01:00,unclassified,?,11923,0,0,369,376,?
71bde4dd-0b82-470f-a3c1-8418c57c480b,430,2023-05-09T05:27:30.611556+01:00,unclassified,rabv_ea,11923,7722,8078,309,331,RABV_EA
e12f09e3-410d-4200-b3b2-b016fc276b80,465,2023-05-09T05:27:22.611556+01:00,unclassified,rabv_ea,11923,5837,6197,339,352,RABV_EA
c669e17c-27e2-44a5-9f1c-2b23c5b2c029,497,2023-05-09T05:27:20.611556+01:00,unclassified,rabv_ea,11923,10164,10564,373,384,RABV_EA
63583409-7bc6-450f-a938-f1ff1b3a99f5,345,2023-05-09T05:26:33.611556+01:00,unclassified,rabv_ea,11923,4233,4421,165,181,RABV_EA
189d0d24-10dc-473b-969e-8459a02a167d,849,2023-05-09T05:26:40.611556+01:00,unclassified,?,11923,0,0,345,368,?
12832d8d-816c-45db-adfa-4d36f9d44fbf,315,2023-05-09T04:38:51.611556+01:00,unclassified,?,11923,0,0,104,108,?
2f5a8256-5835-49bb-8ae9-790bfb512052,461,2023-05-09T05:26:45.611556+01:00,unclassified,rabv_ea,11923,9851,10248,366,388,RABV_EA
748fda26-cefb-4db4-aa3f-29f4950627e4,430,2023-05-09T05:27:14.611556+01:00,unclassified,rabv_ea,11923,7718,8081,331,347,RABV_EA
91396bc8-4f69-4ada-ac50-fb94ce90603c,533,2023-05-09T05:27:23.611556+01:00,unclassified,rabv_ea,11923,10164,10576,367,394,RABV_EA
780d0f7f-a98e-46a8-ba18-53d642205f29,842,2023-05-09T05:26:42.611556+01:00,unclassified,?,11923,0,0,354,373,?
1281d48e-90f3-4e37-a2c5-be8bd9f09575,445,2023-05-09T05:27:30.611556+01:00,unclassified,rabv_ea,11923,7690,8064,336,355,RABV_EA
9afe5e7d-b2e3-4366-98c6-122ac0be1ef2,867,2023-05-09T05:26:40.611556+01:00,unclassified,?,11923,0,0,394,403,?
31a04766-8ab6-4a39-9d01-8b74fde59e81,390,2023-05-09T05:27:18.611556+01:00,unclassified,rabv_ea,11923,4187,4375,166,175,RABV_EA
154c5613-8796-4396-bdae-628ae9653109,451,2023-05-09T05:27:28.611556+01:00,unclassified,rabv_ea,11923,1571,1956,360,369,RABV_EA
72ec92ec-7912-4f3b-8930-3368d2b9ac1c,476,2023-05-09T05:27:20.611556+01:00,unclassified,rabv_ea,11923,7700,8074,342,353,RABV_EA
e38b4461-a365-4b83-8a8c-2ef5f6fda32e,481,2023-05-09T05:27:19.611556+01:00,unclassified,rabv_ea,11923,6424,6821,377,389,RABV_EA
0d54ec29-a2f9-4948-81ac-3f7e53b28401,397,2023-05-09T05:26:43.611556+01:00,unclassified,rabv_ea,11923,7715,8081,332,338,RABV_EA
b7be79ed-3aee-4fe5-a6d4-6f51c10dbc9f,402,2023-05-09T05:27:22.611556+01:00,unclassified,?,11923,0,0,136,138,?
086fe462-5020-436f-9148-0cca22522501,2017,2023-05-09T05:27:27.611556+01:00,unclassified,?,11923,0,0,352,369,?
690b76c6-ddba-492e-b39b-f9559d70b99b,448,2023-05-09T05:26:38.611556+01:00,unclassified,rabv_ea,11923,6424,6803,337,357,RABV_EA
e8670ddb-e9e7-4a34-81c3-861f1b3437ae,867,2023-05-09T05:26:56.611556+01:00,unclassified,?,11923,0,0,378,389,?
9108a721-2394-49bf-8bda-505c1cf1eb95,439,2023-05-09T05:26:39.611556+01:00,unclassified,rabv_ea,11923,336,706,318,354,RABV_EA
4b40e899-8684-43cd-82ab-11a0ec84b657,1204,2023-05-09T05:26:38.611556+01:00,unclassified,rabv_ea,11923,7690,8081,361,381,RABV_EA
55c4ccb8-c4d7-471b-8035-3ac5a7a26d1a,771,2023-05-09T05:27:30.611556+01:00,unclassified,rabv_ea,11923,5199,5608,393,397,RABV_EA
08ba7448-2833-4b07-929b-a90f4ba4830f,470,2023-05-09T05:26:55.611556+01:00,unclassified,rabv_ea,11923,4626,5036,361,384,RABV_EA
d6177a14-6bd7-485c-a198-c521cc956bbc,511,2023-05-09T05:26:35.611556+01:00,unclassified,rabv_ea,11923,7692,8068,341,357,RABV_EA
d6b013ca-d019-43c7-bb05-475b6d3b1e52,318,2023-05-09T05:27:19.611556+01:00,unclassified,rabv_ea,11923,3049,3274,209,219,RABV_EA
137be926-3058-40d0-ab85-591c08099c21,501,2023-05-09T05:27:20.611556+01:00,unclassified,rabv_ea,11923,10164,10562,358,383,RABV_EA
ee4017f0-48f4-40a6-a4de-7b1cff453666,1526,2023-05-09T05:26:52.611556+01:00,unclassified,?,11923,0,0,354,383,?
7b57bf51-d504-43de-ad39-ca7601274751,882,2023-05-09T05:26:56.611556+01:00,unclassified,?,11923,0,0,366,381,?
0530a21f-0aca-48fa-960d-4ea60ce59c1a,450,2023-05-09T05:27:04.611556+01:00,unclassified,rabv_ea,11923,7703,8081,365,370,RABV_EA
ac4a864d-a0db-4614-809f-ce7f4318a76b,450,2023-05-09T05:26:50.611556+01:00,unclassified,rabv_ea,11923,11406,11783,343,359,RABV_EA
d9455fe2-42c3-4e15-97af-f2a8f38ee763,460,2023-05-09T04:38:17.611556+01:00,unclassified,rabv_ea,11923,1566,1958,379,383,RABV_EA
a9322c23-cf3f-47b4-bf6e-6e74b6dbfac8,473,2023-05-09T05:26:56.611556+01:00,unclassified,rabv_ea,11923,10166,10554,359,381,RABV_EA
97909913-f277-44cb-8bb0-f8f24450136f,544,2023-05-09T05:27:30.611556+01:00,unclassified,rabv_ea,11923,5822,6217,364,386,RABV_EA
dee88f61-362a-41b1-a79c-f81ee8ca6594,2804,2023-05-09T05:27:23.611556+01:00,unclassified,?,11923,0,0,339,366,?
6a99438c-2002-4b6e-b790-eeccbf4a23ec,1143,2023-05-09T05:26:54.611556+01:00,unclassified,?,11923,0,0,290,302,?
934c17aa-d470-4d07-9053-2e08d2733d65,919,2023-05-09T05:26:47.611556+01:00,unclassified,?,11923,0,0,346,377,?
332faf64-0a0e-4f71-a333-e13fffb7b63d,3019,2023-05-09T05:26:52.611556+01:00,unclassified,?,11923,0,0,384,401,?
d357dc77-8c2f-46e1-9031-12591c61117a,449,2023-05-09T04:38:16.611556+01:00,unclassified,rabv_ea,11923,943,1324,360,371,RABV_EA
06d172d0-8fe4-4a77-b179-5c8eb5e75a67,958,2023-05-09T05:26:41.611556+01:00,unclassified,?,11923,0,0,389,402,?
f8b3438a-2f1f-4886-a8f1-79befca45571,443,2023-05-09T05:26:49.611556+01:00,unclassified,rabv_ea,11923,957,1337,351,365,RABV_EA
b98a9e55-e7b3-490e-a03c-c9786990612a,428,2023-05-09T05:27:06.611556+01:00,unclassified,rabv_ea,11923,7690,8068,344,352,RABV_EA
b214e809-3472-41d5-836a-30e83206b9a7,498,2023-05-09T04:38:15.611556+01:00,unclassified,rabv_ea,11923,3076,3473,348,362,RABV_EA
113a5fd2-90f5-464f-9fd5-8825fa61e1fc,881,2023-05-09T05:27:02.611556+01:00,unclassified,?,11923,0,0,375,390,?
f8df348c-89ba-4798-8a68-741cef01c5e5,504,2023-05-09T04:38:15.611556+01:00,unclassified,rabv_ea,11923,6424,6835,392,404,RABV_EA
9ace8607-61d1-430a-a220-6801c800fdee,456,2023-05-09T05:26:48.611556+01:00,unclassified,rabv_ea,11923,5846,6223,327,356,RABV_EA
0352bda3-a862-4ace-ba6c-15ad0b520d67,868,2023-05-09T05:27:38.611556+01:00,unclassified,?,11923,0,0,396,409,?
821eb4d0-0ba6-4552-b288-e9b9effe299b,507,2023-05-09T05:27:04.611556+01:00,unclassified,rabv_ea,11923,8927,9324,361,379,RABV_EA
b7a056f8-e0a3-43a3-9ab8-cbab1da93f21,485,2023-05-09T04:38:17.611556+01:00,unclassified,rabv_ea,11923,1565,1958,365,375,RABV_EA
e67d6d90-4da1-4d8c-8ec1-81a0192050a6,505,2023-05-09T05:27:03.611556+01:00,unclassified,rabv_ea,11923,10164,10543,312,337,RABV_EA
218c0076-bbc4-4da9-a79f-8c2e7876efd8,869,2023-05-09T05:27:03.611556+01:00,unclassified,?,11923,0,0,377,392,?
98d71c19-1e8c-4878-b49d-b6a25ac24d40,318,2023-05-09T05:27:07.611556+01:00,unclassified,rabv_ea,11923,3063,3308,232,241,RABV_EA
3ce9f9fe-bbae-449a-9e88-d195bcdb4db8,852,2023-05-09T05:27:03.611556+01:00,unclassified,?,11923,0,0,352,366,?
bbc2413b-df66-49ff-9908-ab1dfcb07e5a,460,2023-05-09T05:27:10.611556+01:00,unclassified,rabv_ea,11923,1566,1958,347,369,RABV_EA
8d3de6c1-4e87-4b7d-9266-6c9cf307f70f,492,2023-05-09T05:26:46.611556+01:00,unclassified,rabv_ea,11923,1549,1944,368,381,RABV_EA
c0e61f45-38bb-4dd2-b583-d99b6e5909f0,2098,2023-05-09T05:26:45.611556+01:00,unclassified,?,11923,0,0,370,391,?
84c0a575-3ef8-49c8-b8b8-04b3c77fad37,459,2023-05-09T05:27:39.611556+01:00,unclassified,rabv_ea,11923,9851,10244,348,372,RABV_EA
48c4ce25-94ec-4c68-a8c2-33e72b738d06,457,2023-05-09T05:27:41.611556+01:00,unclassified,rabv_ea,11923,11406,11787,338,360,RABV_EA
446d9afc-9721-4504-a3ac-4675db97f373,463,2023-05-09T05:27:40.611556+01:00,unclassified,rabv_ea,11923,6451,6820,342,357,RABV_EA
cbc6e8c7-688b-4010-a517-aded9f7496e9,861,2023-05-09T05:27:40.611556+01:00,unclassified,?,11923,0,0,364,381,?
eb1dad76-07d7-4f7d-b379-46dac6b7d10e,531,2023-05-09T05:26:46.611556+01:00,unclassified,rabv_ea,11923,11096,11477,346,367,RABV_EA
0291b9de-68ac-4ba0-8ba9-703458892d21,889,2023-05-09T05:26:48.611556+01:00,unclassified,?,11923,0,0,388,404,?
444f67eb-a674-4aec-9410-bc36fbc8fb1f,847,2023-05-09T05:27:28.611556+01:00,unclassified,?,11923,0,0,338,362,?
53ac58b2-bbb5-4acf-abb5-3edcd15f2239,1672,2023-05-09T05:27:24.611556+01:00,unclassified,?,11923,0,0,395,403,?
1656ce31-3432-401f-a0cf-1074f73e5ebc,463,2023-05-09T04:38:16.611556+01:00,unclassified,rabv_ea,11923,5218,5608,343,375,RABV_EA
a2fa9bcd-ea2c-4a76-b589-1d65aee44d3d,1222,2023-05-09T05:27:05.611556+01:00,unclassified,?,11923,0,0,345,371,?
3c6246a2-f0cc-4583-8355-e4419a8ba8b7,1062,2023-05-09T05:27:40.611556+01:00,unclassified,?,11923,0,0,367,388,?
fdb0a0c3-0ffb-46a8-9c21-556c99bf1bca,491,2023-05-09T05:26:50.611556+01:00,unclassified,rabv_ea,11923,10206,10570,327,351,RABV_EA
a34d70e3-00df-4923-a4e7-b4a515574824,444,2023-05-09T04:38:14.611556+01:00,unclassified,rabv_ea,11923,1864,2248,353,368,RABV_EA
d927e35b-4e7b-4624-ac84-eeda313a8fb7,464,2023-05-09T05:27:05.611556+01:00,unclassified,rabv_ea,11923,3062,3458,380,391,RABV_EA
c5d33800-d8b2-4b98-8efe-1324f3ab9682,470,2023-05-09T04:38:15.611556+01:00,unclassified,rabv_ea,11923,3062,3459,358,386,RABV_EA
b64eff53-59a8-4869-9a43-1eddd9e4a74a,872,2023-05-09T05:26:47.611556+01:00,unclassified,?,11923,0,0,372,393,?
615f5b9a-60aa-4f9a-bf80-f0a371b665e1,461,2023-05-09T05:27:04.611556+01:00,unclassified,rabv_ea,11923,10179,10576,370,384,RABV_EA
76aad59e-c559-460e-9e0a-97f5843ba80f,852,2023-05-09T05:27:39.611556+01:00,unclassified,rabv_ea,11923,5817,6219,349,371,RABV_EA
ecc5202b-cbe8-4916-b346-528b869dc8ab,324,2023-05-09T05:27:40.611556+01:00,unclassified,rabv_ea,11923,7830,8079,240,246,RABV_EA
d78685b4-868b-4b55-bfce-91fb817665c8,534,2023-05-09T04:38:18.611556+01:00,unclassified,rabv_ea,11923,9869,10263,375,388,RABV_EA
049a3f03-d768-49a6-aa76-966fba1283a0,1808,2023-05-09T04:38:14.611556+01:00,unclassified,?,11923,0,0,351,364,?
73309ced-d23f-4d56-b0b4-a38ef4715d13,867,2023-05-09T04:38:13.611556+01:00,unclassified,?,11923,0,0,378,400,?
15ddacbc-9c82-4cfd-9ffb-a37becdce450,331,2023-05-09T05:27:12.611556+01:00,unclassified,rabv_ea,11923,4342,4564,204,214,RABV_EA
d9b18a1c-097d-4f4c-90b1-c4cfa271d562,752,2023-05-09T05:27:56.611556+01:00,unclassified,?,11923,0,0,367,384,?
5a2b190e-c4f2-41e8-a635-dfd863f05a56,641,2023-05-09T05:27:52.611556+01:00,unclassified,?,11923,0,0,366,376,?
4c0541d5-6860-4ad3-98b8-fc704b910a42,431,2023-05-09T05:27:59.611556+01:00,unclassified,rabv_ea,11923,11172,11436,227,241,RABV_EA
485836fa-cbe3-4193-86ff-072b6c6e47e3,715,2023-05-09T05:26:46.611556+01:00,unclassified,rabv_ea,11923,6427,6834,373,390,RABV_EA
4ad21a38-7524-4e6a-a3b3-2a8a0ea84180,485,2023-05-09T05:27:08.611556+01:00,unclassified,rabv_ea,11923,11110,11486,362,372,RABV_EA
8b44a16a-66c5-4ad4-bccc-458e120ca494,413,2023-05-09T05:27:53.611556+01:00,unclassified,rabv_ea,11923,5212,5607,357,377,RABV_EA
71f7e1a8-2471-4a63-9368-c6bcbe186a40,773,2023-05-09T04:37:28.611556+01:00,unclassified,?,11923,0,0,330,348,?
001dd56a-ff6b-4bd1-9785-2cb678966ebd,936,2023-05-09T05:27:16.611556+01:00,unclassified,?,11923,0,0,365,383,?
04d548cb-6e8c-4b8e-879b-a583469684fc,459,2023-05-09T04:37:09.611556+01:00,unclassified,rabv_ea,11923,1567,1952,367,372,RABV_EA
678f0f16-cb29-4501-bcb7-81162a422a88,876,2023-05-09T05:27:55.611556+01:00,unclassified,?,11923,0,0,372,390,?
31df53f0-79e8-428f-9827-151747f1a7c4,437,2023-05-09T05:27:13.611556+01:00,unclassified,rabv_ea,11923,7152,7459,297,302,RABV_EA
f9ad2354-cc64-4af9-80aa-f67eec3f08b8,1339,2023-05-09T04:37:26.611556+01:00,unclassified,?,11923,0,0,389,404,?
712d895f-623a-4bb4-bca9-a55ee4a5fe27,873,2023-05-09T04:38:16.611556+01:00,unclassified,?,11923,0,0,376,393,?
1ce819ae-eb3d-4171-bdc5-4da7678d7cc9,428,2023-05-09T04:37:13.611556+01:00,unclassified,rabv_ea,11923,6159,6519,313,342,RABV_EA
b240c297-79c6-49e9-a5fa-feac494d704a,829,2023-05-09T05:27:17.611556+01:00,unclassified,?,11923,0,0,374,388,?
54437bdb-2885-4b42-bae3-923237318de1,832,2023-05-09T05:27:54.611556+01:00,unclassified,?,11923,0,0,328,366,?
b0ae165b-787c-4058-849d-0b60566d171e,463,2023-05-09T04:37:07.611556+01:00,unclassified,rabv_ea,11923,10175,10557,359,363,RABV_EA
e099fe73-6b87-4c49-855f-f7758ddad8ce,836,2023-05-09T04:38:16.611556+01:00,unclassified,?,11923,0,0,362,377,?
129d7b9e-f4a1-438a-a4d6-ea9b0ef18f4b,1162,2023-05-09T04:38:12.611556+01:00,unclassified,?,11923,0,0,357,380,?
3b830ecf-f4a0-4cac-bf13-59cac8bce79a,323,2023-05-09T05:27:19.611556+01:00,unclassified,rabv_ea,11923,613,854,216,234,RABV_EA
ecc5c6a3-f8c2-4162-a208-8f99bf45fce0,869,2023-05-09T05:27:24.611556+01:00,unclassified,?,11923,0,0,355,376,?
32fa1444-5f52-480f-9483-3169c0023fc7,885,2023-05-09T05:27:55.611556+01:00,unclassified,?,11923,0,0,361,393,?
97e356df-3166-40a3-bb97-57924fb28077,360,2023-05-09T05:27:25.611556+01:00,unclassified,rabv_ea,11923,4187,4419,216,226,RABV_EA
a33368b5-680e-4112-8b3b-1c317f788f22,855,2023-05-09T05:27:56.611556+01:00,unclassified,?,11923,0,0,351,368,?
0ab8afd6-1e34-477f-98b1-83aefce72122,423,2023-05-09T05:28:06.611556+01:00,unclassified,rabv_ea,11923,5857,6223,340,353,RABV_EA
bc4edeb5-3b01-483a-88a9-58e1612274b4,467,2023-05-09T05:27:33.611556+01:00,unclassified,rabv_ea,11923,319,697,352,370,RABV_EA
4c71371f-dec3-4b88-93be-f1a7b132bb81,521,2023-05-09T05:27:59.611556+01:00,unclassified,rabv_ea,11923,8927,9325,379,389,RABV_EA
e1787cba-ae8d-415e-a7eb-c1c39900bd38,809,2023-05-09T05:27:23.611556+01:00,unclassified,?,11923,0,0,353,368,?
92a70c49-10dc-4026-9559-117ea643f413,825,2023-05-09T05:27:55.611556+01:00,unclassified,?,11923,0,0,366,381,?
fd536a2b-9391-4b2b-8393-9f3999d7d1c9,463,2023-05-09T04:37:07.611556+01:00,unclassified,rabv_ea,11923,89,455,338,353,RABV_EA
6d198fa4-7bfe-462e-ade1-c88b731cb6fe,541,2023-05-09T05:28:03.611556+01:00,unclassified,rabv_ea,11923,4894,5283,370,381,RABV_EA
58bb4099-e309-47ac-b39d-9f5681141c84,410,2023-05-09T05:28:06.611556+01:00,unclassified,?,11923,0,0,237,250,?
133ebf12-069f-47d9-bdd2-ebd5aa4420d2,241,2023-05-09T05:28:03.611556+01:00,unclassified,*,0,0,0,0,0,*
2fd4f3de-9276-4463-86d0-1ef3a9f48890,1429,2023-05-09T05:28:00.611556+01:00,unclassified,?,11923,0,0,380,393,?
53f9638a-b4c1-418c-b1c5-58cf1c968a33,428,2023-05-09T05:28:02.611556+01:00,unclassified,rabv_ea,11923,10218,10576,312,348,RABV_EA
3cfad815-7e89-410a-84ed-993dd48bb726,490,2023-05-09T05:28:02.611556+01:00,unclassified,rabv_ea,11923,10177,10575,374,388,RABV_EA
33a5fc95-a3d7-4ff5-8031-68ec5fe9edbf,468,2023-05-09T05:28:06.611556+01:00,unclassified,rabv_ea,11923,5213,5598,352,372,RABV_EA
05bf9ae4-4b25-452a-a607-428da0f0d652,474,2023-05-09T05:27:35.611556+01:00,unclassified,rabv_ea,11923,7690,8081,333,353,RABV_EA
ca882d65-c007-4489-8684-8bdadbdf5ed1,468,2023-05-09T05:27:33.611556+01:00,unclassified,rabv_ea,11923,9548,9940,349,380,RABV_EA
e5eeeebc-d248-4629-b8f8-e2142641f6ec,471,2023-05-09T05:27:33.611556+01:00,unclassified,rabv_ea,11923,10164,10563,355,381,RABV_EA
ca00b4d8-f2eb-4935-8f11-063c68e435c3,370,2023-05-09T05:27:34.611556+01:00,unclassified,rabv_ea,11923,4187,4422,205,220,RABV_EA
a785eab7-bdc5-4c80-8a81-48bd916dff3f,442,2023-05-09T04:38:14.611556+01:00,unclassified,rabv_ea,11923,1864,2244,347,363,RABV_EA
f5079de1-3d8c-4eee-ac1a-dbf36a864955,454,2023-05-09T04:37:38.611556+01:00,unclassified,rabv_ea,11923,1257,1634,360,373,RABV_EA
6b335df0-ecc2-4045-8264-07a82d45aaf9,746,2023-05-09T05:28:07.611556+01:00,unclassified,?,11923,0,0,364,374,?
52267eec-6c27-41a4-8de4-b45c71470c27,688,2023-05-09T05:28:06.611556+01:00,unclassified,rabv_ea,11923,11106,11473,339,356,RABV_EA
1f5a09d5-43d8-472f-b4db-8d7aaf8e5bdb,459,2023-05-09T05:28:01.611556+01:00,unclassified,rabv_ea,11923,5200,5594,341,367,RABV_EA
fab981b9-72b9-40e6-ba74-7e56ddf88e34,453,2023-05-09T04:38:19.611556+01:00,unclassified,rabv_ea,11923,319,697,347,368,RABV_EA
b67b8f9a-abd5-4eb9-904e-d208db092871,454,2023-05-09T05:28:08.611556+01:00,unclassified,rabv_ea,11923,7692,8065,365,369,RABV_EA
d9b99b6e-38a9-4f63-9fb7-7f3aaf4ada63,1329,2023-05-09T05:27:27.611556+01:00,unclassified,?,11923,0,0,350,365,?
23cfb687-a6b6-485c-a42f-b1e50327228b,522,2023-05-09T05:28:03.611556+01:00,unclassified,rabv_ea,11923,10174,10576,367,394,RABV_EA
7af01fa8-9e26-4717-afd9-3e0b259f26c7,2901,2023-05-09T05:28:06.611556+01:00,unclassified,?,11923,0,0,363,379,?
13689548-4dfd-43a1-a8f0-068df4eddee5,360,2023-05-09T04:37:48.611556+01:00,unclassified,*,0,0,0,0,0,*
8bfc2fb7-5454-4ef1-8cc4-33e2cd7024c4,518,2023-05-09T04:37:50.611556+01:00,unclassified,rabv_ea,11923,9851,10263,383,399,RABV_EA
bfb3a8f2-33c0-47e1-8dfe-c68a40d48ab9,862,2023-05-09T04:37:38.611556+01:00,unclassified,?,11923,0,0,383,392,?
01a23438-fc18-4108-8758-d080d434765c,462,2023-05-09T04:37:51.611556+01:00,unclassified,rabv_ea,11923,7060,7453,365,374,RABV_EA
8c699fe8-612c-498c-8154-93a1692f167c,949,2023-05-09T04:37:38.611556+01:00,unclassified,?,11923,0,0,358,373,?
8ed40c38-b237-42b2-b62b-5bace29aa5a0,868,2023-05-09T05:28:13.611556+01:00,unclassified,?,11923,0,0,372,385,?
e0222d19-8640-4492-8af8-356f7ed1e40b,445,2023-05-09T04:37:39.611556+01:00,unclassified,rabv_ea,11923,319,696,344,362,RABV_EA
9a969c33-dbd6-4e5c-a8c7-4d872758ebf6,455,2023-05-09T04:38:13.611556+01:00,unclassified,rabv_ea,11923,10164,10551,368,377,RABV_EA
c4d93171-bda9-4065-9f70-fa9553019612,465,2023-05-09T04:37:39.611556+01:00,unclassified,rabv_ea,11923,7075,7467,372,386,RABV_EA
c5aa70cd-36bc-4f30-95ec-9b68e8cf2e1b,888,2023-05-09T05:27:50.611556+01:00,unclassified,?,11923,0,0,349,366,?
6141bad4-38f4-43c0-b725-b3cb0d441a5a,439,2023-05-09T05:27:31.611556+01:00,unclassified,rabv_ea,11923,7690,8054,348,356,RABV_EA
e0b80582-7f45-4d09-9040-919d6dd68bcf,751,2023-05-09T05:28:07.611556+01:00,unclassified,rabv_ea,11923,9851,10261,384,399,RABV_EA
d5da3612-b891-4574-a9ec-baec0d8176a7,465,2023-05-09T05:28:09.611556+01:00,unclassified,rabv_ea,11923,1582,1958,342,361,RABV_EA
7da39115-86f0-4231-bb90-f88687e45c0a,583,2023-05-09T04:37:41.611556+01:00,unclassified,?,11923,0,0,388,411,?
ce746ae8-8e5f-449c-847e-fe72a152f327,406,2023-05-09T05:28:13.611556+01:00,unclassified,rabv_ea,11923,7742,8072,304,320,RABV_EA
d5a5365a-25e6-415c-bc84-8ff2dbb78ffc,1506,2023-05-09T05:28:01.611556+01:00,unclassified,?,11923,0,0,389,399,?
71e16c5f-ee7b-42e8-be6a-73c84715841b,505,2023-05-09T04:37:37.611556+01:00,unclassified,rabv_ea,11923,5823,6223,362,376,RABV_EA
fb0537e5-85fc-4f69-8eaf-336d58943218,464,2023-05-09T05:27:55.611556+01:00,unclassified,rabv_ea,11923,7702,8081,355,367,RABV_EA
5b0d58fe-898c-45db-aa41-6240f969bb8a,1738,2023-05-09T05:27:40.611556+01:00,unclassified,?,11923,0,0,412,420,?
ee839c82-17ff-41bd-88da-ed0e2a6a2cb4,872,2023-05-09T04:37:47.611556+01:00,unclassified,rabv_ea,11923,4633,5589,753,782,RABV_EA
449144e1-408e-4ba6-bc44-d3e0d0c3baa8,452,2023-05-09T04:37:51.611556+01:00,unclassified,rabv_ea,11923,6425,6811,340,364,RABV_EA
358b82e7-e4f4-4d57-86ad-1b0d36d0bf19,865,2023-05-09T05:28:08.611556+01:00,unclassified,?,11923,0,0,368,391,?
f25d7a3c-2e05-4bec-aecb-10167d5c4531,522,2023-05-09T05:28:13.611556+01:00,unclassified,rabv_ea,11923,7693,8081,357,376,RABV_EA
d18635a2-6f31-4f33-ad2f-a8ba438d0ec0,549,2023-05-09T05:28:16.611556+01:00,unclassified,rabv_ea,11923,8933,9325,360,384,RABV_EA
1b530b97-a204-4646-9198-3c2ecc371dec,461,2023-05-09T05:27:44.611556+01:00,unclassified,rabv_ea,11923,11109,11492,365,378,RABV_EA
c221bad0-b277-4a01-8a59-b9157d49b3f9,384,2023-05-09T05:28:16.611556+01:00,unclassified,rabv_ea,11923,8930,9251,293,312,RABV_EA
073b0c76-db29-43bf-a55f-51d6f6687179,1101,2023-05-09T05:28:14.611556+01:00,unclassified,?,11923,0,0,379,393,?
d690c162-0eb9-4a6d-86db-a5e6cf0e2e8b,463,2023-05-09T05:28:14.611556+01:00,unclassified,rabv_ea,11923,3062,3457,356,378,RABV_EA
ab034034-4eb3-4845-a676-5c59e1d745ba,459,2023-05-09T05:27:52.611556+01:00,unclassified,rabv_ea,11923,7689,8070,351,362,RABV_EA
5d530581-ffde-4b85-9962-de64d8b3726f,887,2023-05-09T05:27:50.611556+01:00,unclassified,?,11923,0,0,393,406,?
11837051-e664-461f-bb36-25fcd253bf1e,558,2023-05-09T04:37:52.611556+01:00,unclassified,rabv_ea,11923,4626,4984,307,327,RABV_EA
ab13d37a-1560-43a6-b28b-893e12166d13,1691,2023-05-09T05:28:00.611556+01:00,unclassified,?,11923,0,0,352,364,?
57c42641-212b-418a-a9fc-36ade483de41,884,2023-05-09T05:28:41.611556+01:00,unclassified,?,11923,0,0,389,400,?
35e2026c-409a-409e-9041-51357d3269fc,455,2023-05-09T05:27:59.611556+01:00,unclassified,rabv_ea,11923,3076,3447,310,346,RABV_EA
4d523b69-e71f-483f-8651-ddbbc1153774,1287,2023-05-09T04:37:06.611556+01:00,unclassified,?,11923,0,0,378,388,?
f8cc4ca1-7a9b-4452-8f4e-a983e8d7e978,443,2023-05-09T04:37:06.611556+01:00,unclassified,rabv_ea,11923,953,1320,339,352,RABV_EA
e1173373-41a8-4682-b1bc-61c2c2b12ab4,486,2023-05-09T05:28:35.611556+01:00,unclassified,rabv_ea,11923,2733,3105,336,359,RABV_EA
0fc9ca50-537e-43dd-b7a2-3b4343801fae,535,2023-05-09T05:27:40.611556+01:00,unclassified,rabv_ea,11923,7706,8109,371,388,RABV_EA
8e1fdeef-fdd3-4a72-a496-482a940b81f5,522,2023-05-09T05:28:39.611556+01:00,unclassified,rabv_ea,11923,7702,8068,321,344,RABV_EA
9c234744-29a1-4ea9-9397-ddbb1a950c04,467,2023-05-09T04:37:27.611556+01:00,unclassified,rabv_ea,11923,6424,6789,336,354,RABV_EA
a3a68eb2-d34f-404f-9478-1bc066293a95,478,2023-05-09T05:27:59.611556+01:00,unclassified,rabv_ea,11923,10170,10556,344,376,RABV_EA
2e4ff963-a06c-475a-9615-eaeefb1d7fa0,442,2023-05-09T05:27:55.611556+01:00,unclassified,rabv_ea,11923,7703,8081,347,358,RABV_EA
1c37bce7-e66c-461c-938e-5d68ab4d900d,464,2023-05-09T05:27:39.611556+01:00,unclassified,rabv_ea,11923,5212,5608,384,390,RABV_EA
797fae23-57d8-4867-be6e-ab577dd54174,463,2023-05-09T04:37:29.611556+01:00,unclassified,rabv_ea,11923,1567,1958,361,380,RABV_EA
e59d8c65-2806-4929-b244-3148df2fbda5,1099,2023-05-09T05:27:35.611556+01:00,unclassified,?,11923,0,0,390,415,?
3c63d40d-8fdc-4540-b6d5-6eb3398a080c,443,2023-05-09T05:27:39.611556+01:00,unclassified,rabv_ea,11923,7703,8079,344,358,RABV_EA
4463b6e6-27b9-4554-ae4a-838ba1f6d6c4,463,2023-05-09T05:27:37.611556+01:00,unclassified,*,0,0,0,0,0,*
a5a71f53-50c2-46ed-91f4-d66cb6526f91,457,2023-05-09T04:37:08.611556+01:00,unclassified,rabv_ea,11923,941,1324,366,375,RABV_EA
3cff7e0b-2eb2-4e38-aa08-a73b20f7db67,451,2023-05-09T05:28:35.611556+01:00,unclassified,rabv_ea,11923,9548,9940,335,365,RABV_EA
b00582f3-3d45-4dff-82e2-217f4db0481b,449,2023-05-09T05:28:34.611556+01:00,unclassified,rabv_ea,11923,5852,6223,338,355,RABV_EA
66f25216-0b5a-4041-b12b-75a2d100fb98,461,2023-05-09T05:27:37.611556+01:00,unclassified,rabv_ea,11923,5211,5608,377,391,RABV_EA
fd8b9aab-ad70-4f28-999f-165cc40c39a4,475,2023-05-09T05:28:01.611556+01:00,unclassified,rabv_ea,11923,939,1324,358,373,RABV_EA
80e26243-7d09-41ad-bcf1-529b7e77e0e1,451,2023-05-09T05:28:00.611556+01:00,unclassified,rabv_ea,11923,5846,6211,333,349,RABV_EA
bf654735-827e-406c-b479-983635b500f7,1261,2023-05-09T05:27:58.611556+01:00,unclassified,?,11923,0,0,369,384,?
cbb16d59-7cf7-4400-bdf3-0c8f1e9fbc46,918,2023-05-09T05:27:35.611556+01:00,unclassified,?,11923,0,0,345,368,?
51e9122e-7656-4c10-af70-d6b6a0264311,463,2023-05-09T05:27:38.611556+01:00,unclassified,rabv_ea,11923,5196,5592,361,379,RABV_EA
0d519e2e-bf36-4b2c-b53b-c365961aadd2,480,2023-05-09T05:27:36.611556+01:00,unclassified,rabv_ea,11923,10172,10562,364,377,RABV_EA
c0c06696-41fe-43a7-ae0d-03a4dbdfbd7c,524,2023-05-09T05:28:40.611556+01:00,unclassified,rabv_ea,11923,4341,4728,350,384,RABV_EA
4a63b45a-f1ed-4582-b07c-fac7f5257841,1427,2023-05-09T04:37:03.611556+01:00,unclassified,?,11923,0,0,383,391,?
53005f47-405f-40a5-af0d-8696b6061b48,918,2023-05-09T04:37:08.611556+01:00,unclassified,?,11923,0,0,383,395,?
36cfcf78-9116-48ec-93cb-ae977e54dff2,547,2023-05-09T05:28:19.611556+01:00,unclassified,rabv_ea,11923,1551,1958,384,398,RABV_EA
06d71b91-17c6-4206-bab2-cb11ba470618,1323,2023-05-09T05:27:47.611556+01:00,unclassified,?,11923,0,0,380,391,?
1648d7ad-8ee5-40b7-b918-27fd2e6528a9,449,2023-05-09T05:27:49.611556+01:00,unclassified,rabv_ea,11923,7721,8083,346,355,RABV_EA
08b32c36-beec-4a6e-ac75-a8e41c8c141c,449,2023-05-09T05:27:50.611556+01:00,unclassified,rabv_ea,11923,945,1321,352,365,RABV_EA
e0b9f690-fde6-44ee-af0b-b99dbe1c4848,456,2023-05-09T05:28:52.611556+01:00,unclassified,rabv_ea,11923,8940,9325,365,376,RABV_EA
47c69574-4308-49e2-a19c-0253e0787a75,851,2023-05-09T05:28:53.611556+01:00,unclassified,?,11923,0,0,270,276,?
c2282831-fa74-4489-9376-e1b816b0504b,460,2023-05-09T05:27:35.611556+01:00,unclassified,rabv_ea,11923,9857,10248,362,376,RABV_EA
2ffc0fd1-4c97-4a60-b36b-061e222c765e,401,2023-05-09T05:28:26.611556+01:00,unclassified,rabv_ea,11923,3062,3445,290,311,RABV_EA
95b9834b-7a3f-4f3f-9e7b-e46bac10ca7b,461,2023-05-09T04:36:47.611556+01:00,unclassified,rabv_ea,11923,6437,6820,341,366,RABV_EA
438b9460-e41c-4135-ac08-ef3da5af85e5,309,2023-05-09T04:36:45.611556+01:00,unclassified,*,0,0,0,0,0,*
bb7f2487-d666-42cc-abd0-1c4312f6aed6,1009,2023-05-09T04:36:42.611556+01:00,unclassified,?,11923,0,0,364,385,?
84506e98-244c-4169-964a-0d5c805296e4,1024,2023-05-09T05:28:20.611556+01:00,unclassified,rabv_ea,11923,8927,9307,325,367,RABV_EA
62db0a56-1726-4e7a-9b19-5d5040008f8a,870,2023-05-09T04:37:29.611556+01:00,unclassified,?,11923,0,0,362,372,?
b0d04073-0fe4-4d25-b7d3-02b1dc09cd89,1309,2023-05-09T05:28:09.611556+01:00,unclassified,?,11923,0,0,385,403,?
f1f79453-6262-4fb1-9737-a719b0c2ea97,437,2023-05-09T05:28:28.611556+01:00,unclassified,rabv_ea,11923,1566,1956,349,360,RABV_EA
477e78db-e905-41db-aa2e-c5b2438b84cb,408,2023-05-09T04:36:44.611556+01:00,unclassified,*,0,0,0,0,0,*
2c97a5a6-49ed-46a4-a8a1-b6cff2b2599e,833,2023-05-09T05:28:52.611556+01:00,unclassified,?,11923,0,0,372,375,?
cf2ce1da-5e53-4cc5-8e42-e4b05a74d98d,446,2023-05-09T05:28:18.611556+01:00,unclassified,rabv_ea,11923,7693,8063,345,358,RABV_EA
daa04930-8b34-455b-a2bd-43b0825ed651,501,2023-05-09T05:28:47.611556+01:00,unclassified,rabv_ea,11923,8927,9325,374,386,RABV_EA
3b77883b-5291-4e90-bc17-20327928b109,458,2023-05-09T05:27:50.611556+01:00,unclassified,rabv_ea,11923,358,693,304,320,RABV_EA
71202bc1-6775-4fe9-b3d6-6d406c04998b,962,2023-05-09T05:27:49.611556+01:00,unclassified,?,11923,0,0,349,358,?
a847b151-5b50-44c4-8a05-55174a925c3d,878,2023-05-09T05:27:50.611556+01:00,unclassified,?,11923,0,0,375,389,?
60a3bf6d-14d7-431d-a7ce-7d95627c7c27,851,2023-05-09T04:37:26.611556+01:00,unclassified,?,11923,0,0,354,376,?
bad1b993-0a64-4b04-930c-4b0e3f7c2844,245,2023-05-09T04:37:42.611556+01:00,unclassified,rabv_ea,11923,61,187,125,126,RABV_EA
3b56685b-2e8a-44c4-bd2e-35f9ffa80113,466,2023-05-09T05:28:25.611556+01:00,unclassified,rabv_ea,11923,4626,5023,374,385,RABV_EA
0205434b-1dbd-4b0b-ba64-5694d7ca274b,523,2023-05-09T04:37:26.611556+01:00,unclassified,rabv_ea,11923,3383,3791,388,404,RABV_EA
8a36178f-4637-40a4-a1a6-ccb3d038ef08,525,2023-05-09T05:28:25.611556+01:00,unclassified,rabv_ea,11923,10164,10570,355,378,RABV_EA
df1c5ea3-3dee-4ba7-8ec7-2dc27c5ca299,509,2023-05-09T05:29:19.611556+01:00,unclassified,rabv_ea,11923,11096,11494,377,386,RABV_EA
c846ce4e-dd88-44b6-b302-59458dd86490,466,2023-05-09T05:28:53.611556+01:00,unclassified,rabv_ea,11923,9550,9940,352,376,RABV_EA
ff87914d-1e8f-4217-ba35-df85e2c4934b,1264,2023-05-09T05:28:49.611556+01:00,unclassified,?,11923,0,0,359,375,?
a1dfec1c-e88c-4265-81c0-c1440faf676b,2664,2023-05-09T04:36:36.611556+01:00,unclassified,?,11923,0,0,378,397,?
4643f509-0438-4ff1-b73f-ba34c40d07c5,1326,2023-05-09T05:28:22.611556+01:00,unclassified,?,11923,0,0,338,354,?
b213a97a-cc85-4887-be17-cba510e5c623,1956,2023-05-09T05:28:16.611556+01:00,unclassified,?,11923,0,0,329,356,?
04255549-7d1b-4f95-a305-fd6dbedb08db,458,2023-05-09T05:28:22.611556+01:00,unclassified,rabv_ea,11923,1569,1955,365,377,RABV_EA
7f46934f-0d99-44d1-b5d4-798fb80e0510,474,2023-05-09T05:28:22.611556+01:00,unclassified,rabv_ea,11923,7690,8045,328,341,RABV_EA
47ceae86-63f0-4b82-bb8c-2878a266eacd,440,2023-05-09T05:28:22.611556+01:00,unclassified,rabv_ea,11923,11120,11485,308,338,RABV_EA
8ff40a43-eeab-40de-9ab0-fa5740be7873,343,2023-05-09T05:28:17.611556+01:00,unclassified,*,0,0,0,0,0,*
e7df88eb-c84d-4b57-b6f3-65b600f178de,850,2023-05-09T05:28:48.611556+01:00,unclassified,?,11923,0,0,341,357,?
531b55c6-95e5-4ffd-950b-e8e5927a2ca6,466,2023-05-09T05:28:50.611556+01:00,unclassified,rabv_ea,11923,2733,3136,381,402,RABV_EA
a165f68e-3069-4744-901a-fb6bd21fe09e,729,2023-05-09T05:28:41.611556+01:00,unclassified,?,11923,0,0,373,386,?
ef158fd5-cafc-4f75-9bb6-9d07bd501e87,462,2023-05-09T05:29:19.611556+01:00,unclassified,rabv_ea,11923,9851,10248,365,384,RABV_EA
771d074e-3aeb-40d2-b845-e5717f0b8a96,460,2023-05-09T05:28:24.611556+01:00,unclassified,rabv_ea,11923,1569,1958,339,369,RABV_EA
7671915d-79b0-4052-90db-b41fed8c8eb8,1239,2023-05-09T05:28:40.611556+01:00,unclassified,?,11923,0,0,371,388,?
03a85ca4-0066-4acf-94f9-86baa37e9315,1146,2023-05-09T05:28:23.611556+01:00,unclassified,?,11923,0,0,368,387,?
134efeba-8ac3-4ea9-b5dd-e3297057ca80,466,2023-05-09T05:28:11.611556+01:00,unclassified,rabv_ea,11923,3062,3457,355,375,RABV_EA
dc3741c7-f9f5-4584-99bd-f9f48f2abf8b,456,2023-05-09T05:28:08.611556+01:00,unclassified,rabv_ea,11923,319,691,335,359,RABV_EA
1306f8e6-dc80-446b-94d0-5e6e9a932631,1347,2023-05-09T05:28:13.611556+01:00,unclassified,?,11923,0,0,388,408,?
5c7770fe-d400-42cc-b34c-0a45e6acda00,867,2023-05-09T05:28:46.611556+01:00,unclassified,?,11923,0,0,379,382,?
b3de4b83-caf8-4f61-af03-4f92ba16dbb2,294,2023-05-09T05:28:44.611556+01:00,unclassified,rabv_ea,11923,6424,6652,210,217,RABV_EA
1caf063d-c6cb-4676-80c8-455b9a9fed24,413,2023-05-09T05:28:32.611556+01:00,unclassified,rabv_ea,11923,10187,10573,331,361,RABV_EA
e7baaa88-7803-47d1-b83f-94fac277cb83,470,2023-05-09T05:28:22.611556+01:00,unclassified,rabv_ea,11923,1563,1955,367,384,RABV_EA
bdf45c45-162d-48c0-8f65-b1ae08661fd9,455,2023-05-09T05:28:45.611556+01:00,unclassified,rabv_ea,11923,7690,8058,341,357,RABV_EA
f49c2f86-a5eb-4b7e-a652-d25511ec5600,1250,2023-05-09T05:28:46.611556+01:00,unclassified,?,11923,0,0,366,389,?
58419fc7-f366-43c1-9456-249c44098401,236,2023-05-09T05:28:10.611556+01:00,unclassified,*,0,0,0,0,0,*
7fc32a57-6cd8-4aad-a97b-b76c75b4d94d,1243,2023-05-09T05:28:46.611556+01:00,unclassified,rabv_ea,11923,8927,9324,389,393,RABV_EA
2d3940b9-a03f-4226-b536-d654c66bac2f,326,2023-05-09T05:29:17.611556+01:00,unclassified,*,0,0,0,0,0,*
2352754c-a478-4c9f-b7bd-85bd9f0230de,455,2023-05-09T05:28:23.611556+01:00,unclassified,rabv_ea,11923,10170,10561,347,359,RABV_EA
44c053ae-bb5c-4ebb-b1ed-b5cc3f5de70d,2014,2023-05-09T05:28:14.611556+01:00,unclassified,?,11923,0,0,349,369,?
e93a4814-b947-4957-83ef-cee3233cd868,461,2023-05-09T05:28:47.611556+01:00,unclassified,rabv_ea,11923,3400,3774,335,356,RABV_EA
92178bae-4046-421f-8ab1-6d1b789de207,466,2023-05-09T05:29:22.611556+01:00,unclassified,rabv_ea,11923,5196,5593,358,385,RABV_EA
da929840-8e03-40b0-ab1a-59dd5a48ccd9,459,2023-05-09T05:29:15.611556+01:00,unclassified,rabv_ea,11923,9851,10246,376,384,RABV_EA
90d4bbd3-94e2-47df-bc53-bcfc64f0b08a,522,2023-05-09T05:29:15.611556+01:00,unclassified,rabv_ea,11923,7700,8070,332,355,RABV_EA
084d4af5-cd44-4d01-9d8f-f431e02a6e1f,863,2023-05-09T04:36:43.611556+01:00,unclassified,?,11923,0,0,376,395,?
b7c5d1c4-1500-42ca-8eac-f2972c3a1a4b,1791,2023-05-09T04:36:40.611556+01:00,unclassified,?,11923,0,0,393,397,?
f8f87b98-0f6c-4090-a12e-3829f0a0a03d,441,2023-05-09T04:37:08.611556+01:00,unclassified,rabv_ea,11923,7704,8081,360,365,RABV_EA
f5955103-2e28-480e-af97-7b08e18f046e,464,2023-05-09T04:36:48.611556+01:00,unclassified,rabv_ea,11923,3062,3459,370,385,RABV_EA
e266095b-1fd5-4b2b-8c4f-e62027cbf490,856,2023-05-09T05:29:23.611556+01:00,unclassified,?,11923,0,0,356,371,?
48c5aa28-37e8-4609-809c-dd7f6ad525ff,1418,2023-05-09T05:28:42.611556+01:00,unclassified,?,11923,0,0,389,395,?
1a085b55-ab74-42f6-8a1a-62f394b01fcc,870,2023-05-09T05:28:44.611556+01:00,unclassified,?,11923,0,0,338,356,?
8a11801f-5ee1-4fc8-89c9-e8092e1df4a4,500,2023-05-09T05:28:53.611556+01:00,unclassified,rabv_ea,11923,7692,8080,350,372,RABV_EA
0d467636-4570-4597-b31b-eeafe9507261,844,2023-05-09T05:28:50.611556+01:00,unclassified,?,11923,0,0,370,383,?
d6280200-062e-40c0-a4ec-a8e98c2d4751,456,2023-05-09T05:29:00.611556+01:00,unclassified,rabv_ea,11923,1879,2252,342,360,RABV_EA
25149ea3-57fe-4ea9-ad8c-6c45d5331ff7,466,2023-05-09T04:36:00.611556+01:00,unclassified,rabv_ea,11923,1576,1958,372,377,RABV_EA
9df28d82-b978-4a2f-bc4b-bc5b72455add,466,2023-05-09T05:29:13.611556+01:00,unclassified,rabv_ea,11923,5211,5608,370,382,RABV_EA
ee7156a3-34fc-4c31-a2f1-698c1a3845b1,520,2023-05-09T04:35:59.611556+01:00,unclassified,rabv_ea,11923,7690,8081,368,383,RABV_EA
e24d995d-d653-4655-9e78-0c59db5de016,476,2023-05-09T05:28:36.611556+01:00,unclassified,rabv_ea,11923,10173,10564,365,382,RABV_EA
e1ccef77-0a71-49d1-9a7d-ff7b254b1e18,465,2023-05-09T04:36:45.611556+01:00,unclassified,rabv_ea,11923,11392,11781,364,377,RABV_EA
44c50799-c0ca-4abe-baa5-9a3aa985c122,448,2023-05-09T05:28:35.611556+01:00,unclassified,rabv_ea,11923,6424,6816,353,375,RABV_EA
96f6bb77-54b1-43ac-a468-6bb0d8ec11ec,1701,2023-05-09T05:28:29.611556+01:00,unclassified,?,11923,0,0,383,399,?
428ec3be-5f4f-4b2f-b81b-c4c997565d1c,844,2023-05-09T05:28:44.611556+01:00,unclassified,?,11923,0,0,340,366,?
ffbaea4f-867a-4e98-a143-d2758fefc457,507,2023-05-09T05:28:44.611556+01:00,unclassified,rabv_ea,11923,9853,10257,371,385,RABV_EA
6f5ac9bc-3e1f-4079-894d-be2743716dad,839,2023-05-09T05:28:38.611556+01:00,unclassified,?,11923,0,0,373,392,?
de3a3ddf-684c-4800-8913-0a906c825790,463,2023-05-09T05:29:31.611556+01:00,unclassified,rabv_ea,11923,3073,3455,337,363,RABV_EA
556c1700-171c-48ff-aba3-010689514f74,1277,2023-05-09T05:28:33.611556+01:00,unclassified,?,11923,0,0,371,393,?
891b9b6a-74df-4f04-9cd7-78250afe8dc7,613,2023-05-09T05:28:33.611556+01:00,unclassified,rabv_ea,11923,7690,8059,338,354,RABV_EA
39754278-d01f-4063-b83c-ac89d9d712fb,2166,2023-05-09T05:28:28.611556+01:00,unclassified,?,11923,0,0,400,409,?
23842cf5-bbbc-4a17-9bd5-f024b30c2053,450,2023-05-09T05:28:38.611556+01:00,unclassified,rabv_ea,11923,5837,6222,361,373,RABV_EA
39a51b27-70f7-4227-99f2-c2b2cf385da7,646,2023-05-09T05:29:14.611556+01:00,unclassified,?,11923,0,0,361,377,?
f52f8e35-8928-4904-a8af-6f3e75d330a0,359,2023-05-09T04:35:59.611556+01:00,unclassified,rabv_ea,11923,1864,2158,264,279,RABV_EA
e88c58f0-3132-4fe9-8c8a-74de1fdd6005,1251,2023-05-09T05:29:27.611556+01:00,unclassified,?,11923,0,0,389,404,?
a557426d-a67f-4e65-91e7-a126b3f25e6b,563,2023-05-09T05:29:32.611556+01:00,unclassified,rabv_ea,11923,4894,5283,337,370,RABV_EA
302a01bb-308f-4b53-854c-58a73c32ba22,455,2023-05-09T05:28:40.611556+01:00,unclassified,rabv_ea,11923,5211,5608,377,388,RABV_EA
83eb1c87-53a4-4d31-924a-5bf1322cf3c2,191,2023-05-09T05:28:43.611556+01:00,unclassified,*,0,0,0,0,0,*
bb5b5f8b-f781-4ab1-b5e5-7f732c89ba05,312,2023-05-09T05:28:57.611556+01:00,unclassified,*,0,0,0,0,0,*
ae9cae57-17ff-40c4-8bf6-c028d4c5fe71,841,2023-05-09T05:28:28.611556+01:00,unclassified,?,11923,0,0,341,356,?
0df01243-8966-45f2-b061-2d05051e57f8,944,2023-05-09T05:28:42.611556+01:00,unclassified,?,11923,0,0,372,393,?
e64d86d7-dc5c-4dcb-bc3a-e171f514616c,923,2023-05-09T05:29:31.611556+01:00,unclassified,?,11923,0,0,373,382,?
a23f8ae0-4d25-4616-99e6-b6f9782380d9,436,2023-05-09T05:28:58.611556+01:00,unclassified,rabv_ea,11923,11110,11464,318,338,RABV_EA
41530214-3ddb-406e-8c6f-6495c2958447,398,2023-05-09T05:28:40.611556+01:00,unclassified,rabv_ea,11923,4626,4971,294,331,RABV_EA
d3a4a25f-09cf-480c-84e7-87f6f25b36b8,847,2023-05-09T04:36:23.611556+01:00,unclassified,?,11923,0,0,380,398,?
026f5784-9e98-42d3-8f5f-24e5aa74c95d,876,2023-05-09T04:36:20.611556+01:00,unclassified,?,11923,0,0,381,392,?
6ee29b41-2ba1-41ba-8e2f-914fb0e169ed,555,2023-05-09T05:28:56.611556+01:00,unclassified,rabv_ea,11923,6424,6778,340,347,RABV_EA
3e657610-75a5-45f8-b868-73f4b3dc86fc,1169,2023-05-09T04:36:22.611556+01:00,unclassified,?,11923,0,0,351,366,?
e26e47de-607d-4e22-af70-f5b494ac3604,505,2023-05-09T05:28:28.611556+01:00,unclassified,rabv_ea,11923,11435,11796,332,344,RABV_EA
31c27222-89d0-48ac-80b2-386329c0a510,731,2023-05-09T05:28:45.611556+01:00,unclassified,?,11923,0,0,358,386,?
1f693504-8c2f-46e1-8c61-74a3a894f642,1707,2023-05-09T05:29:28.611556+01:00,unclassified,?,11923,0,0,390,411,?
aebdcaa1-8106-4b3a-ae87-8e3229b75ed7,870,2023-05-09T05:29:28.611556+01:00,unclassified,?,11923,0,0,386,405,?
5358bb25-dd9a-4ac0-80da-9d37d4d7fa05,345,2023-05-09T05:29:30.611556+01:00,unclassified,?,11923,0,0,113,125,?
f0d7ee3e-0f2c-48c3-a172-acafe770fbfb,521,2023-05-09T05:28:56.611556+01:00,unclassified,rabv_ea,11923,10164,10574,358,394,RABV_EA
2f505a6d-ef0e-45ed-a95e-a4e3227b8a18,451,2023-05-09T05:29:30.611556+01:00,unclassified,rabv_ea,11923,3383,3777,358,380,RABV_EA
45cbfa61-7ffb-4402-b2ac-ae2c2e05bda3,285,2023-05-09T05:28:57.611556+01:00,unclassified,rabv_ea,11923,10164,10367,178,194,RABV_EA
7eb6ec3f-e7af-4dd1-9596-647f27ba36e4,1269,2023-05-09T05:28:39.611556+01:00,unclassified,?,11923,0,0,386,394,?
93c7efc8-c4a2-4a8e-83d5-9e58affaf240,835,2023-05-09T04:36:23.611556+01:00,unclassified,?,11923,0,0,348,357,?
5e3f448d-c103-46eb-b17e-c91d9da6f4aa,1266,2023-05-09T05:28:54.611556+01:00,unclassified,?,11923,0,0,344,367,?
5a78bccb-424c-4f35-a8d1-e46eeb165724,467,2023-05-09T05:28:55.611556+01:00,unclassified,rabv_ea,11923,6438,6828,358,377,RABV_EA
6f187885-c572-43d7-8561-7c39ac08b6db,1262,2023-05-09T05:28:40.611556+01:00,unclassified,?,11923,0,0,356,378,?
85cf122b-3c31-481e-90bc-b29c9c3ac295,1193,2023-05-09T04:36:20.611556+01:00,unclassified,?,11923,0,0,318,326,?
2cf0003f-9545-4112-bc37-b8a41a2a39f8,939,2023-05-09T05:28:53.611556+01:00,unclassified,?,11923,0,0,387,401,?
d2f6d926-20fd-4b82-b5fc-b2f1df241128,2380,2023-05-09T05:29:06.611556+01:00,unclassified,?,11923,0,0,375,390,?
82fa6cb6-73b3-4557-b864-0e5998b75771,902,2023-05-09T05:29:28.611556+01:00,unclassified,?,11923,0,0,389,397,?
9810b79b-f3e3-43c5-8c4d-7bc7b148295c,473,2023-05-09T05:29:36.611556+01:00,unclassified,rabv_ea,11923,5838,6223,358,378,RABV_EA
db71214a-c9e6-4840-8b69-7edf7736dbe1,451,2023-05-09T05:28:57.611556+01:00,unclassified,rabv_ea,11923,7702,8081,355,371,RABV_EA
78ac97ba-0ac3-4b4d-be39-9f2ec21590d0,447,2023-05-09T04:36:16.611556+01:00,unclassified,rabv_ea,11923,10157,10522,305,337,RABV_EA
f368ee8c-b950-4382-9d08-81431f7e698d,1205,2023-05-09T05:28:50.611556+01:00,unclassified,?,11923,0,0,355,374,?
82858c4f-7244-4f31-98c5-b7a1abbcf45d,888,2023-05-09T05:29:10.611556+01:00,unclassified,?,11923,0,0,361,376,?
db183764-bcc4-46d7-9cea-7b0ba8149d83,879,2023-05-09T05:28:52.611556+01:00,unclassified,?,11923,0,0,388,402,?
1399b993-074b-45aa-b4ee-557eb5892757,943,2023-05-09T05:28:56.611556+01:00,unclassified,rabv_ea,11923,5822,6223,367,386,RABV_EA
b111f959-4129-4b53-99c2-1bd3b92145a3,900,2023-05-09T05:29:34.611556+01:00,unclassified,?,11923,0,0,365,379,?
7f18978e-c15f-4c95-8473-f6eed97ca5aa,858,2023-05-09T05:29:30.611556+01:00,unclassified,?,11923,0,0,355,380,?
2b977c91-aa41-407f-98b4-03278fbaac00,486,2023-05-09T05:29:36.611556+01:00,unclassified,rabv_ea,11923,7701,8080,361,367,RABV_EA
22571b41-a45d-4af8-a50c-0b54b737c565,1450,2023-05-09T05:29:33.611556+01:00,unclassified,?,11923,0,0,379,391,?
9a977ace-ce8b-4e0b-806b-f6207227908c,449,2023-05-09T05:29:25.611556+01:00,unclassified,rabv_ea,11923,1568,1955,338,363,RABV_EA
9be1d8f9-8ef2-4d36-8e51-9aaf37cbbe83,469,2023-05-09T05:29:02.611556+01:00,unclassified,rabv_ea,11923,10176,10576,386,391,RABV_EA
4d90da35-7978-448a-980f-221a8f4a8f6e,859,2023-05-09T05:28:59.611556+01:00,unclassified,?,11923,0,0,380,393,?
5a41dddf-f339-4704-a7d6-3d97b3c322f6,749,2023-05-09T05:29:34.611556+01:00,unclassified,?,11923,0,0,351,374,?
19410f65-f4e3-4ffe-b7f8-b64896e1bc3e,463,2023-05-09T05:29:34.611556+01:00,unclassified,rabv_ea,11923,6442,6825,367,371,RABV_EA
5a3db1fb-ad31-4084-b3c9-e4b55b4c5c42,758,2023-05-09T05:29:08.611556+01:00,unclassified,?,11923,0,0,378,391,?
ecd90ce3-7732-4798-aad5-d4208265e006,478,2023-05-09T05:29:06.611556+01:00,unclassified,rabv_ea,11923,4894,5285,350,377,RABV_EA
0d41f55b-eb71-4351-814a-b8205ac4e055,1575,2023-05-09T05:29:00.611556+01:00,unclassified,?,11923,0,0,359,379,?
e481f84d-8009-44d3-8c0f-606dce20f69e,767,2023-05-09T05:29:32.611556+01:00,unclassified,?,11923,0,0,369,397,?
f0ee80e0-ab3b-46b3-8510-b56573c89219,447,2023-05-09T05:29:30.611556+01:00,unclassified,rabv_ea,11923,1575,1944,332,340,RABV_EA
bff36a48-a97b-4b48-8dd3-ca2633ffa729,2365,2023-05-09T04:36:09.611556+01:00,unclassified,?,11923,0,0,319,327,?
bd44285f-c6e6-44d6-b53f-94978662a72a,764,2023-05-09T05:29:42.611556+01:00,unclassified,?,11923,0,0,401,412,?
39753148-7c53-4847-b538-dcea32f9afea,869,2023-05-09T05:29:43.611556+01:00,unclassified,?,11923,0,0,372,400,?
598ee6de-2962-4b3e-b2f9-01d5ce128793,856,2023-05-09T05:29:26.611556+01:00,unclassified,?,11923,0,0,363,374,?
f29b50d5-82fd-4e24-b33f-db07a3de1f59,947,2023-05-09T05:29:25.611556+01:00,unclassified,?,11923,0,0,379,388,?
4f39189e-9d17-41f9-9909-ec50424f648b,476,2023-05-09T05:29:26.611556+01:00,unclassified,rabv_ea,11923,3062,3458,375,390,RABV_EA
d6f054a6-fbec-464e-bc04-3c0458665c95,325,2023-05-09T05:29:27.611556+01:00,unclassified,rabv_ea,11923,1693,1958,251,256,RABV_EA
464e8ce2-d519-450a-9d5f-8c162ecf7e68,445,2023-05-09T05:29:01.611556+01:00,unclassified,rabv_ea,11923,1864,2240,335,354,RABV_EA
718a04a1-0be4-4ca7-bb4d-032bc7b87a74,1337,2023-05-09T05:29:08.611556+01:00,unclassified,?,11923,0,0,335,352,?
b76698c3-3647-422e-9c5a-4b9fc4b25bf8,477,2023-05-09T04:36:13.611556+01:00,unclassified,rabv_ea,11923,4632,5037,369,393,RABV_EA
2935d15c-3247-40c8-99ab-599e33ad7cf4,870,2023-05-09T05:29:26.611556+01:00,unclassified,?,11923,0,0,391,395,?
589a8b8c-8ca2-4518-9bd7-579039f01de2,466,2023-05-09T05:29:44.611556+01:00,unclassified,rabv_ea,11923,10178,10576,365,384,RABV_EA
fbc2732d-8111-41e4-83fd-a435b45af9c5,838,2023-05-09T05:29:08.611556+01:00,unclassified,?,11923,0,0,297,321,?
78fb2084-67e4-4919-9838-78af768f4d30,307,2023-05-09T05:29:41.611556+01:00,unclassified,rabv_ea,11923,2445,2692,222,231,RABV_EA
0d8e7ca1-48b6-4502-9ec3-909d536d5d5f,434,2023-05-09T05:29:41.611556+01:00,unclassified,rabv_ea,11923,8946,9322,331,352,RABV_EA
1d4e9f04-cb53-412b-b61f-d955a1686aad,450,2023-05-09T05:29:44.611556+01:00,unclassified,rabv_ea,11923,3067,3456,344,363,RABV_EA
13159eba-f56e-45b6-8f70-8c1745af92ce,492,2023-05-09T04:36:01.611556+01:00,unclassified,rabv_ea,11923,4626,5005,341,367,RABV_EA
68939349-1075-44c4-8dcb-3fb883d19dac,879,2023-05-09T05:29:07.611556+01:00,unclassified,?,11923,0,0,379,398,?
befff8df-685e-4067-a14d-e9bfc0445d72,879,2023-05-09T04:35:57.611556+01:00,unclassified,?,11923,0,0,383,392,?
4baf5202-82fc-4947-b51e-42c2086e6fca,513,2023-05-09T04:35:59.611556+01:00,unclassified,rabv_ea,11923,7689,8081,335,371,RABV_EA
67b35284-7cd9-4c28-9e74-884041041443,875,2023-05-09T05:29:48.611556+01:00,unclassified,?,11923,0,0,343,357,?
93b25d1d-efb8-46cd-9fb3-b9efc73af2f7,1694,2023-05-09T04:35:58.611556+01:00,unclassified,?,11923,0,0,356,372,?
0fa6bbfb-7724-466a-9824-ecd09f0a6bd6,437,2023-05-09T05:30:00.611556+01:00,unclassified,rabv_ea,11923,7704,8081,333,350,RABV_EA
4c438df5-4801-4473-b85c-9c641cdcd3de,464,2023-05-09T05:29:59.611556+01:00,unclassified,rabv_ea,11923,1566,1958,351,374,RABV_EA
06d7871b-7b01-45fa-bc16-c344f2da6797,1290,2023-05-09T05:29:56.611556+01:00,unclassified,?,11923,0,0,375,397,?
233b725f-8253-4cf4-9f34-e72783d70e14,934,2023-05-09T05:29:58.611556+01:00,unclassified,?,11923,0,0,388,401,?
8edf7b50-92d1-405c-85dc-0984612b7d8c,456,2023-05-09T05:29:41.611556+01:00,unclassified,rabv_ea,11923,9853,10247,355,375,RABV_EA
9b242913-3df2-4a5c-98dc-b42b9c457028,557,2023-05-09T05:29:05.611556+01:00,unclassified,rabv_ea,11923,10164,10575,370,400,RABV_EA
5688b513-94e1-4c8f-a394-4d6f027cdc04,886,2023-05-09T05:29:46.611556+01:00,unclassified,?,11923,0,0,372,387,?
33c17124-92e5-48f5-a74e-f0bb169f1499,3235,2023-05-09T05:29:34.611556+01:00,unclassified,?,11923,0,0,349,366,?
0a649317-fe75-4a9d-a0fb-705d38477983,518,2023-05-09T05:29:40.611556+01:00,unclassified,rabv_ea,11923,7697,8080,337,357,RABV_EA
311d37a4-fe04-485e-a222-c5be033bb1e7,483,2023-05-09T05:30:01.611556+01:00,unclassified,rabv_ea,11923,10164,10530,316,336,RABV_EA
7341b972-6aaf-421f-a8a0-e33ee831f316,471,2023-05-09T05:29:09.611556+01:00,unclassified,rabv_ea,11923,10165,10558,348,366,RABV_EA
258aff5f-87db-4634-8002-59b94997d969,382,2023-05-09T05:29:23.611556+01:00,unclassified,rabv_ea,11923,3710,4086,340,371,RABV_EA
a0061586-a03a-436b-8e3d-9e78e9ad97b5,467,2023-05-09T05:30:01.611556+01:00,unclassified,rabv_ea,11923,8992,9310,284,308,RABV_EA
7a562fe8-fbd8-48a9-bc2b-2b12acccccaa,451,2023-05-09T05:29:59.611556+01:00,unclassified,rabv_ea,11923,7714,8070,344,352,RABV_EA
a6f8a2e0-051a-4416-ae9c-c55d81a072b1,475,2023-05-09T05:29:18.611556+01:00,unclassified,rabv_ea,11923,2733,3129,363,384,RABV_EA
50cab62a-a893-43c5-bdfb-f58944db63b4,442,2023-05-09T05:29:21.611556+01:00,unclassified,rabv_ea,11923,10164,10556,319,362,RABV_EA
5c1d8d56-9d9e-4e91-8731-0c59d8f8fc0c,457,2023-05-09T05:29:23.611556+01:00,unclassified,rabv_ea,11923,5197,5573,335,362,RABV_EA
508e627a-1d01-49e8-b531-5210c0ff56e5,447,2023-05-09T05:30:06.611556+01:00,unclassified,rabv_ea,11923,3717,4095,332,360,RABV_EA
828588e5-1a44-4316-abb2-6f52ff34fec3,1251,2023-05-09T05:29:43.611556+01:00,unclassified,?,11923,0,0,385,395,?
7d039ab6-cc94-4d01-bc91-ea9b3acc00fe,837,2023-05-09T05:29:58.611556+01:00,unclassified,?,11923,0,0,372,388,?
ae92039a-0c81-4738-a9f9-4fa00d22ebb7,360,2023-05-09T05:29:06.611556+01:00,unclassified,rabv_ea,11923,613,750,126,130,RABV_EA
b8a2836a-f854-4160-b8b6-7e0d0f689d6c,487,2023-05-09T05:30:07.611556+01:00,unclassified,rabv_ea,11923,10164,10561,364,390,RABV_EA
5fcd4ee1-5f31-4c9b-81fe-e19624cba7bd,1683,2023-05-09T05:29:57.611556+01:00,unclassified,?,11923,0,0,376,388,?
b3e2f93a-7714-4f54-a2c8-306aaf54c81a,451,2023-05-09T05:29:07.611556+01:00,unclassified,rabv_ea,11923,7713,8074,341,353,RABV_EA
45efa125-41bb-41a0-8c1a-55463cb6e583,1293,2023-05-09T05:29:19.611556+01:00,unclassified,?,11923,0,0,341,362,?
1eef7a55-1e4b-4961-8c53-3d123fdaf6e6,339,2023-05-09T05:29:43.611556+01:00,unclassified,rabv_ea,11923,4187,4422,214,227,RABV_EA
edae9a36-d8c0-4736-808c-c422c5857d92,882,2023-05-09T05:29:41.611556+01:00,unclassified,?,11923,0,0,381,392,?
58b36717-a512-4234-adaa-a65adcf6e921,886,2023-05-09T04:35:28.611556+01:00,unclassified,?,11923,0,0,357,366,?
c2bd06c5-2f50-45c1-89a9-83c9dbfb6299,453,2023-05-09T04:35:28.611556+01:00,unclassified,rabv_ea,11923,10172,10559,341,369,RABV_EA
70d62413-ac7c-47f5-9f65-19505960df5a,399,2023-05-09T04:35:28.611556+01:00,unclassified,rabv_ea,11923,11406,11778,337,355,RABV_EA
9b64b1c3-76d5-47fd-8db2-6867dd45b7f7,598,2023-05-09T05:30:08.611556+01:00,unclassified,rabv_ea,11923,6424,6827,375,389,RABV_EA
4c941cc1-8100-49fd-b711-37510ac36215,1612,2023-05-09T05:30:06.611556+01:00,unclassified,?,11923,0,0,366,379,?
1be5f3d3-48ce-4a55-8362-8b89d2d0c426,710,2023-05-09T05:30:06.611556+01:00,unclassified,?,11923,0,0,348,359,?
d9aa969e-3eba-4f5d-aa0e-c90b036031d0,1286,2023-05-09T05:29:35.611556+01:00,unclassified,?,11923,0,0,351,362,?
fd0d9ceb-27c4-4b09-92ef-ca3fe4609bee,446,2023-05-09T05:29:22.611556+01:00,unclassified,rabv_ea,11923,7712,8081,354,363,RABV_EA
12379530-590b-4a23-b0c1-f3d2770d5898,1683,2023-05-09T05:29:18.611556+01:00,unclassified,?,11923,0,0,1036,1156,?
d3bd0d99-b037-4850-85b5-21847d539dc9,456,2023-05-09T05:29:23.611556+01:00,unclassified,rabv_ea,11923,7081,7467,366,372,RABV_EA
4be5511d-415f-42f3-879f-ae55e53e1062,531,2023-05-09T05:29:14.611556+01:00,unclassified,rabv_ea,11923,8927,9324,366,391,RABV_EA
d4103f1c-2117-4ada-b83f-aafaafbfff85,452,2023-05-09T04:35:29.611556+01:00,unclassified,rabv_ea,11923,1573,1956,345,367,RABV_EA
c495993f-420c-4002-898f-a84d6a5551ec,461,2023-05-09T04:35:32.611556+01:00,unclassified,rabv_ea,11923,11406,11794,351,373,RABV_EA
79dbc0bf-3917-430e-8cee-9d682fb30108,1232,2023-05-09T05:29:22.611556+01:00,unclassified,?,11923,0,0,357,382,?
8046937d-9357-4572-8a22-1754978b9b25,282,2023-05-09T04:35:46.611556+01:00,unclassified,rabv_ea,11923,11407,11602,175,188,RABV_EA
c31e1c9f-1a32-43c8-aa95-466bd65d60be,1296,2023-05-09T05:30:04.611556+01:00,unclassified,?,11923,0,0,367,379,?
30c5b6b2-47c2-4a43-b1ab-9db4348d6e62,873,2023-05-09T05:30:04.611556+01:00,unclassified,?,11923,0,0,369,387,?
8eb6cc43-419c-48ef-926f-cfd085e691f1,449,2023-05-09T05:30:08.611556+01:00,unclassified,rabv_ea,11923,11405,11796,371,377,RABV_EA
53d45a5b-7045-4e0f-8846-a6d2a6290dd7,481,2023-05-09T05:30:07.611556+01:00,unclassified,rabv_ea,11923,4626,5039,368,392,RABV_EA
c48df5b2-51fa-4c80-890a-953976e064d1,995,2023-05-09T05:29:28.611556+01:00,unclassified,?,11923,0,0,362,380,?
f80ee283-b691-498a-8825-a40886dd7e3c,429,2023-05-09T05:30:07.611556+01:00,unclassified,rabv_ea,11923,1864,2244,329,344,RABV_EA
bfa5c2a9-e7f3-49dc-960e-622031c1ccea,445,2023-05-09T05:30:08.611556+01:00,unclassified,rabv_ea,11923,7720,8082,333,345,RABV_EA
4d825952-1ce5-4718-80a2-1a77a7d766fd,448,2023-05-09T05:30:06.611556+01:00,unclassified,rabv_ea,11923,11111,11486,326,351,RABV_EA
facfd736-01ed-4226-809c-e9a9bd0a7ecf,548,2023-05-09T05:30:06.611556+01:00,unclassified,rabv_ea,11923,5205,5608,366,392,RABV_EA
bd69e52c-bb37-42b6-8bee-e9b818b624cc,467,2023-05-09T05:30:06.611556+01:00,unclassified,rabv_ea,11923,10175,10561,350,373,RABV_EA
4c1f5888-9c91-43d2-8db6-825cd224ade1,443,2023-05-09T04:35:29.611556+01:00,unclassified,rabv_ea,11923,69,443,340,364,RABV_EA
7e80982d-a3c6-4bda-acfd-99ae60a0c7d2,614,2023-05-09T04:35:29.611556+01:00,unclassified,rabv_ea,11923,2733,3150,401,412,RABV_EA
8896a595-63fb-47ba-9167-d348b92c42de,849,2023-05-09T05:29:26.611556+01:00,unclassified,?,11923,0,0,356,373,?
bce00ceb-b0a3-468c-82f1-931e3493c8a3,928,2023-05-09T05:29:24.611556+01:00,unclassified,?,11923,0,0,377,396,?
73b6cb47-c88a-4883-8900-9268ad809971,447,2023-05-09T05:30:21.611556+01:00,unclassified,rabv_ea,11923,5852,6210,327,343,RABV_EA
0751759e-1352-4bff-a22b-5e022471010d,1298,2023-05-09T04:35:51.611556+01:00,unclassified,?,11923,0,0,369,379,?
280ee813-e05d-4421-bccc-3eda90bc31c5,857,2023-05-09T04:35:55.611556+01:00,unclassified,?,11923,0,0,373,383,?
e2bab301-5367-439a-9cfd-92c75dc34c0d,1157,2023-05-09T05:29:59.611556+01:00,unclassified,?,11923,0,0,364,385,?
b00788d2-6e75-4004-b0fd-20273f522b6b,461,2023-05-09T05:30:20.611556+01:00,unclassified,rabv_ea,11923,10167,10562,360,370,RABV_EA
e609d7e1-5e49-4938-8a8b-026773fa58d4,995,2023-05-09T05:30:03.611556+01:00,unclassified,rabv_ea,11923,3374,3772,343,365,RABV_EA
a318b1a4-cf3a-40e9-9883-b3e01836248b,359,2023-05-09T05:30:06.611556+01:00,unclassified,*,0,0,0,0,0,*
2118d718-28dc-4ed9-a25e-00bd53c536f3,780,2023-05-09T05:29:29.611556+01:00,unclassified,?,11923,0,0,314,319,?
162b120a-0b4d-45c0-8a83-ddaf01ac79c1,523,2023-05-09T04:35:58.611556+01:00,unclassified,rabv_ea,11923,9536,9940,357,381,RABV_EA
3c742f60-e92f-42f9-8f81-46b797feeda9,839,2023-05-09T04:35:56.611556+01:00,unclassified,?,11923,0,0,335,351,?
3b197515-94a6-4c03-b29d-1739badb349d,457,2023-05-09T05:29:28.611556+01:00,unclassified,rabv_ea,11923,1565,1958,366,378,RABV_EA
2483f6c8-4507-427f-9c6e-843a98800333,467,2023-05-09T05:29:27.611556+01:00,unclassified,rabv_ea,11923,5196,5592,370,389,RABV_EA
9a44e5a8-c128-44c1-acd0-cb8b027389fa,470,2023-05-09T05:29:39.611556+01:00,unclassified,rabv_ea,11923,6424,6815,368,378,RABV_EA
85a73dc8-8c95-41c7-8a7d-17a25c4b9c4d,903,2023-05-09T05:29:38.611556+01:00,unclassified,rabv_ea,11923,1553,1958,358,375,RABV_EA
f5761301-932d-4fb8-9f53-5acf8dc8e9c3,446,2023-05-09T05:29:37.611556+01:00,unclassified,rabv_ea,11923,7714,8081,343,356,RABV_EA
6efc48ac-2548-4df7-8135-bf0445aa55bf,1099,2023-05-09T05:29:39.611556+01:00,unclassified,?,11923,0,0,363,380,?
cef7136f-063a-442f-bc1f-48f5478eceea,1834,2023-05-09T05:29:40.611556+01:00,unclassified,?,11923,0,0,360,379,?
3452e993-6698-4555-ab22-5ba84febf8de,855,2023-05-09T05:30:08.611556+01:00,unclassified,?,11923,0,0,349,361,?
b0bd4416-22a9-4a1d-84c7-9f03af3a18ab,438,2023-05-09T04:35:28.611556+01:00,unclassified,rabv_ea,11923,1567,1947,355,363,RABV_EA
e65519d6-653c-441d-a623-3513ee8176ec,892,2023-05-09T05:29:38.611556+01:00,unclassified,?,11923,0,0,382,396,?
53fef703-e81f-4667-88ce-3042d1f022b8,852,2023-05-09T04:35:39.611556+01:00,unclassified,?,11923,0,0,372,383,?
68c0c1c9-9acc-45d0-8e7f-fdf2f741d2a6,189,2023-05-09T05:30:33.611556+01:00,unclassified,*,0,0,0,0,0,*
220b304e-e483-472a-b608-7df18f3746d4,924,2023-05-09T05:30:10.611556+01:00,unclassified,?,11923,0,0,396,400,?
ab01d6e4-bd9f-4a09-8376-6ef2dd42df29,461,2023-05-09T04:35:51.611556+01:00,unclassified,rabv_ea,11923,3081,3458,355,367,RABV_EA
e3794d7f-aa6d-4b63-838c-9c190bf760f5,337,2023-05-09T05:30:29.611556+01:00,unclassified,*,0,0,0,0,0,*
d15110aa-a517-495c-b5a0-083f8e7ca77b,453,2023-05-09T05:30:32.611556+01:00,unclassified,rabv_ea,11923,9554,9940,341,373,RABV_EA
1fa78e6f-f2cc-45da-b985-7de959416939,427,2023-05-09T05:30:26.611556+01:00,unclassified,rabv_ea,11923,7722,8075,300,318,RABV_EA
2f4fbe7f-d743-464e-876a-7f249eeee820,511,2023-05-09T04:35:36.611556+01:00,unclassified,rabv_ea,11923,10164,10587,374,390,RABV_EA
64b7c376-7808-4014-947c-1ef272c2cfb5,1285,2023-05-09T05:30:00.611556+01:00,unclassified,?,11923,0,0,385,395,?
77f992d4-7c6f-4b08-9308-431e78ef2665,841,2023-05-09T05:30:09.611556+01:00,unclassified,?,11923,0,0,357,363,?
232174ce-1595-4a58-b39c-7dfd216c3e99,200,2023-05-09T05:29:41.611556+01:00,unclassified,rabv_ea,11923,10164,10290,118,121,RABV_EA
0d517c78-67ee-4f17-9531-e419d56b0c42,872,2023-05-09T04:35:33.611556+01:00,unclassified,?,11923,0,0,363,375,?
9ab76355-0938-4183-a687-c21232baa60b,460,2023-05-09T04:35:29.611556+01:00,unclassified,rabv_ea,11923,9113,9323,186,201,RABV_EA
550f8a5c-cd3d-4757-bbf2-f79cc828f890,807,2023-05-09T05:30:03.611556+01:00,unclassified,?,11923,0,0,341,366,?
07b03f68-3b0a-4c07-b7e7-e64282088bb3,820,2023-05-09T05:30:13.611556+01:00,unclassified,?,11923,0,0,387,397,?
96a61b77-192f-4c2e-adb4-bf8929047f6e,456,2023-05-09T05:29:39.611556+01:00,unclassified,rabv_ea,11923,1577,1958,345,369,RABV_EA
764f4fd9-a259-43a0-9dd4-4412b9901f37,765,2023-05-09T05:29:36.611556+01:00,unclassified,?,11923,0,0,352,364,?
0f30cce9-f656-4ec8-af7f-2873cbd21774,530,2023-05-09T05:30:17.611556+01:00,unclassified,rabv_ea,11923,4896,5297,343,365,RABV_EA
4f079274-3d9a-43f1-a648-80cad0e6b192,461,2023-05-09T05:30:26.611556+01:00,unclassified,rabv_ea,11923,5844,6223,348,363,RABV_EA
1ba9ca71-ec4d-4bae-9f2b-68d06b17168f,856,2023-05-09T05:30:08.611556+01:00,unclassified,?,11923,0,0,362,367,?
21261eb6-9f4d-492a-a989-7939dad2b878,958,2023-05-09T05:30:03.611556+01:00,unclassified,?,11923,0,0,392,405,?
f9af2bdf-731d-4d3e-b530-d0f2a8981f53,2329,2023-05-09T04:35:31.611556+01:00,unclassified,?,11923,0,0,363,377,?
90617560-b3e0-4892-ad2a-3961ade3b8a9,1187,2023-05-09T04:35:30.611556+01:00,unclassified,?,11923,0,0,359,385,?
8b9ea493-a5f2-4b92-b4d6-68de5aa250ba,865,2023-05-09T05:29:36.611556+01:00,unclassified,?,11923,0,0,368,382,?
e8882a0f-021d-4301-9a82-950672861e8a,1275,2023-05-09T05:30:12.611556+01:00,unclassified,?,11923,0,0,394,400,?
1ef4dcfe-b5c1-4028-8580-fadabbb70572,403,2023-05-09T04:35:38.611556+01:00,unclassified,rabv_ea,11923,11188,11472,226,242,RABV_EA
48cdfa57-3bbb-466a-b502-c22a5355d367,459,2023-05-09T05:30:04.611556+01:00,unclassified,rabv_ea,11923,1568,1958,367,379,RABV_EA
7ecff6b0-a57d-41c1-968b-04c5fa832f86,857,2023-05-09T05:30:10.611556+01:00,unclassified,?,11923,0,0,378,395,?
3426c54f-16e7-452b-afca-24709d4b6076,506,2023-05-09T05:29:51.611556+01:00,unclassified,rabv_ea,11923,7690,8077,378,381,RABV_EA
25eb9786-265b-4a77-89c2-92ae364fe471,1318,2023-05-09T05:30:28.611556+01:00,unclassified,?,11923,0,0,378,403,?
a0ad39a9-78f9-42e7-aff1-0da37ab55602,1195,2023-05-09T05:30:29.611556+01:00,unclassified,?,11923,0,0,381,400,?
d0583892-711e-4a39-a1e3-184db84d2344,1617,2023-05-09T04:34:57.611556+01:00,unclassified,?,11923,0,0,393,396,?
923e5e0b-1462-47dc-9df2-198ad006d786,1037,2023-05-09T04:35:24.611556+01:00,unclassified,?,11923,0,0,383,397,?
cedbbcbe-44e2-405e-b993-870aab3ad36a,465,2023-05-09T05:30:38.611556+01:00,unclassified,rabv_ea,11923,2733,3129,368,387,RABV_EA
b7ddd2cb-662a-4116-b50c-cfaa2a45f617,733,2023-05-09T05:29:50.611556+01:00,unclassified,?,11923,0,0,371,374,?
409b4365-ef0d-4800-8e7c-972e1606fe3f,470,2023-05-09T05:29:57.611556+01:00,unclassified,rabv_ea,11923,6753,7155,364,382,RABV_EA
8a447efd-d37a-45c6-9968-6f1f8da99976,441,2023-05-09T05:29:54.611556+01:00,unclassified,rabv_ea,11923,11112,11494,334,366,RABV_EA
811e5748-afd4-4098-ab46-3bee3c095b62,467,2023-05-09T05:30:24.611556+01:00,unclassified,rabv_ea,11923,3383,3777,353,375,RABV_EA
f57e4a29-2a7a-4adf-9444-259b230f3c6d,1246,2023-05-09T05:30:16.611556+01:00,unclassified,?,11923,0,0,369,375,?
c4000ec1-24cc-44f4-92ca-0ce8468624bf,438,2023-05-09T05:30:41.611556+01:00,unclassified,rabv_ea,11923,11110,11480,328,358,RABV_EA
a456db10-5707-429e-8b42-c097b50c1d6e,445,2023-05-09T05:30:37.611556+01:00,unclassified,rabv_ea,11923,939,1319,330,363,RABV_EA
2d1a812a-ca86-45b9-9ad6-0c815c035520,580,2023-05-09T04:35:15.611556+01:00,unclassified,rabv_ea,11923,6424,6819,372,384,RABV_EA
f545dc5c-7717-4852-9c97-602ae749e4b0,1187,2023-05-09T04:35:13.611556+01:00,unclassified,?,11923,0,0,369,376,?
6a9030aa-b0d5-4177-b07a-6a7f6e0ab57f,553,2023-05-09T05:30:25.611556+01:00,unclassified,rabv_ea,11923,10164,10576,368,392,RABV_EA
1ebc15c3-0989-48a2-bf97-effbcbaf9be1,1226,2023-05-09T05:30:37.611556+01:00,unclassified,?,11923,0,0,350,372,?
8c981c4e-f6c6-45e4-8d7d-d3ca4422dc05,390,2023-05-09T04:35:10.611556+01:00,unclassified,rabv_ea,11923,619,747,120,126,RABV_EA
4b2b1198-fe2c-4b73-ae31-06c1ee93c69c,460,2023-05-09T05:29:50.611556+01:00,unclassified,rabv_ea,11923,10178,10571,356,380,RABV_EA
97e3a0e1-8fc5-458d-b5e4-e793ba88bc45,839,2023-05-09T05:29:51.611556+01:00,unclassified,rabv_ea,11923,11097,11493,340,375,RABV_EA
dd63e8ea-001e-42a9-a33a-bb44e66c7e70,465,2023-05-09T04:35:09.611556+01:00,unclassified,rabv_ea,11923,1588,1958,327,357,RABV_EA
a61fa827-0983-4bd0-be1d-b454e21c055f,449,2023-05-09T05:30:24.611556+01:00,unclassified,rabv_ea,11923,3062,3426,328,349,RABV_EA
ac8d6cea-0b8b-4dc2-91ee-b491d2147809,444,2023-05-09T05:30:39.611556+01:00,unclassified,rabv_ea,11923,9851,10245,349,369,RABV_EA
f26fcfdd-4340-4b99-9d43-c7e7b9b0c8c8,336,2023-05-09T05:29:53.611556+01:00,unclassified,rabv_ea,11923,4339,4582,222,234,RABV_EA
c2315148-2ccd-4a47-af89-dc140e160611,362,2023-05-09T05:29:38.611556+01:00,unclassified,?,11923,0,0,152,157,?
0245fed3-6b0c-4609-be11-9bb432559990,1285,2023-05-09T05:29:47.611556+01:00,unclassified,?,11923,0,0,395,409,?
87fd271a-e76e-4e9b-8eab-81ad8c9547b4,834,2023-05-09T05:29:52.611556+01:00,unclassified,?,11923,0,0,344,375,?
50181b50-b942-455a-8fd6-d9d096d2f5ec,763,2023-05-09T05:29:55.611556+01:00,unclassified,rabv_ea,11923,4626,5051,395,406,RABV_EA
df377640-65a2-44a2-bf61-16e61bed046f,1272,2023-05-09T05:30:40.611556+01:00,unclassified,?,11923,0,0,383,401,?
7f06a14a-3457-4b5a-a21e-2ef20d128e10,518,2023-05-09T05:30:21.611556+01:00,unclassified,rabv_ea,11923,10164,10575,355,385,RABV_EA
834bc99d-decb-42dd-b70a-63274e5bfe97,462,2023-05-09T05:30:40.611556+01:00,unclassified,rabv_ea,11923,940,1324,363,373,RABV_EA
889ce8a6-8133-4f44-b88d-d4d242dccceb,1341,2023-05-09T05:30:30.611556+01:00,unclassified,?,11923,0,0,355,368,?
6d63f8a7-d545-4c2d-b728-c7dae9fbced7,864,2023-05-09T04:35:28.611556+01:00,unclassified,?,11923,0,0,362,376,?
80a62384-3379-4300-8cfd-c17425b1ca2f,742,2023-05-09T05:29:48.611556+01:00,unclassified,?,11923,0,0,347,363,?
7fcadfcb-ee03-4a24-a6ac-5d5a492186d3,444,2023-05-09T05:30:32.611556+01:00,unclassified,rabv_ea,11923,7704,8061,329,341,RABV_EA
9db243e8-7ffb-46eb-884e-fea82ac59529,469,2023-05-09T05:30:13.611556+01:00,unclassified,rabv_ea,11923,319,706,317,352,RABV_EA
c0d4ddca-1305-4a99-9257-54f191cfd6fc,1324,2023-05-09T05:30:08.611556+01:00,unclassified,?,11923,0,0,728,772,?
34abfcd0-0ccf-4ad8-bce5-17ebaeffe08c,241,2023-05-09T05:30:41.611556+01:00,unclassified,rabv_ea,11923,1693,1942,226,235,RABV_EA
46ba72eb-a16c-4f0b-86a1-ccb21fdab21e,461,2023-05-09T05:31:00.611556+01:00,unclassified,rabv_ea,11923,1873,2246,324,356,RABV_EA
8c7a4851-f5c4-4dfe-a6b2-e5cc698e2de4,1113,2023-05-09T05:31:01.611556+01:00,unclassified,?,11923,0,0,358,373,?
917e0a74-be84-4f90-b438-96adc2f13769,1123,2023-05-09T05:31:01.611556+01:00,unclassified,?,11923,0,0,359,388,?
4057a6a8-cc8c-4d03-bfff-089f7e3df797,294,2023-05-09T05:31:02.611556+01:00,unclassified,*,0,0,0,0,0,*
de3bc9ff-1fd1-4464-8a59-b25d55c10aee,464,2023-05-09T05:30:09.611556+01:00,unclassified,rabv_ea,11923,9851,10248,380,386,RABV_EA
866499ea-c502-4be0-a46f-c784645d3b60,1294,2023-05-09T04:35:02.611556+01:00,unclassified,?,11923,0,0,375,394,?
68b91353-efd4-4954-ac29-231377412757,435,2023-05-09T04:35:04.611556+01:00,unclassified,rabv_ea,11923,7704,8078,353,361,RABV_EA
59030fa0-6466-4560-a111-6c655ade0e32,906,2023-05-09T04:35:00.611556+01:00,unclassified,rabv_ea,11923,3085,3796,606,655,RABV_EA
fd04f3aa-ab0f-4f33-97a7-9148519c711c,444,2023-05-09T05:31:00.611556+01:00,unclassified,rabv_ea,11923,2747,3149,328,353,RABV_EA
f2e8ebd2-80de-4ff8-89a7-97f49656f915,525,2023-05-09T05:30:17.611556+01:00,unclassified,rabv_ea,11923,1548,1958,388,403,RABV_EA
d1c9a8ed-bfee-42b9-ba56-74c379ea1d9c,1240,2023-05-09T05:31:01.611556+01:00,unclassified,?,11923,0,0,362,379,?
d0d6262e-6b6f-4d2e-8518-a58fe2e1c852,1759,2023-05-09T05:30:10.611556+01:00,unclassified,?,11923,0,0,374,385,?
4eb56380-fb12-4967-ab00-c8690c30542a,903,2023-05-09T05:30:14.611556+01:00,unclassified,?,11923,0,0,352,372,?
218209c7-28d4-4fef-bb88-666cde188383,461,2023-05-09T05:30:15.611556+01:00,unclassified,rabv_ea,11923,1566,1958,366,376,RABV_EA
c695c8a1-c4bd-4536-b57e-fa16ea81caf2,850,2023-05-09T05:31:00.611556+01:00,unclassified,?,11923,0,0,329,350,?
7a4585fd-abd2-4c78-9110-99aa79e49537,698,2023-05-09T05:31:10.611556+01:00,unclassified,?,11923,0,0,343,362,?
fe10821a-6918-43ea-90f0-675fdd63ddde,471,2023-05-09T04:34:57.611556+01:00,unclassified,rabv_ea,11923,10170,10562,364,379,RABV_EA
18f3ffc9-702c-4ed0-be4c-7dc7a4fbac84,183,2023-05-09T05:30:14.611556+01:00,unclassified,rabv_ea,11923,2755,2831,73,75,RABV_EA
efc9c8e1-e811-44eb-a8d0-a1daa0965720,448,2023-05-09T05:30:10.611556+01:00,unclassified,rabv_ea,11923,7683,8063,350,368,RABV_EA
74c8fd2b-033c-4116-9cf9-960028de759e,1252,2023-05-09T04:35:18.611556+01:00,unclassified,?,11923,0,0,393,408,?
25f0f16a-bdf7-4165-98fb-a41412f03487,445,2023-05-09T04:35:01.611556+01:00,unclassified,rabv_ea,11923,316,695,341,363,RABV_EA
9a2e603c-f055-4348-ab48-944eb9dfae8a,430,2023-05-09T04:35:17.611556+01:00,unclassified,rabv_ea,11923,319,604,241,261,RABV_EA
c0e0014b-a4ae-4d9c-b481-a807b414c989,479,2023-05-09T04:35:21.611556+01:00,unclassified,rabv_ea,11923,3049,3458,388,398,RABV_EA
bdf9cde1-aa59-47dc-bb51-b1fdaac28048,465,2023-05-09T04:35:16.611556+01:00,unclassified,rabv_ea,11923,11111,11488,349,370,RABV_EA
9c047e5c-78e2-4814-9ab4-4cccb69a41d3,1749,2023-05-09T04:35:01.611556+01:00,unclassified,?,11923,0,0,388,399,?
cc141629-714d-4aec-91c4-0b4cbc86398f,465,2023-05-09T04:35:20.611556+01:00,unclassified,rabv_ea,11923,11409,11796,364,380,RABV_EA
b139f07f-0461-4a48-bf06-90ac3d40f2da,2122,2023-05-09T05:30:53.611556+01:00,unclassified,?,11923,0,0,354,370,?
b734e68c-9727-4a81-93c6-171926597970,1661,2023-05-09T05:30:17.611556+01:00,unclassified,?,11923,0,0,385,400,?
b90ffea6-678d-4034-be3f-e75a20208212,491,2023-05-09T05:30:27.611556+01:00,unclassified,rabv_ea,11923,2745,3143,361,390,RABV_EA
2a91a743-455b-4268-b5a4-b5b7cc12b09b,444,2023-05-09T05:30:36.611556+01:00,unclassified,rabv_ea,11923,1864,2249,351,374,RABV_EA
bd2ba875-6fad-4a69-8cdf-c3095bc63e3b,441,2023-05-09T05:31:17.611556+01:00,unclassified,rabv_ea,11923,7710,8081,337,356,RABV_EA
ca303a20-d0f7-4440-b240-774219b96265,317,2023-05-09T04:35:00.611556+01:00,unclassified,*,0,0,0,0,0,*
4a1c6bdc-0d2f-4046-98ce-7746334b4d3c,505,2023-05-09T05:30:27.611556+01:00,unclassified,rabv_ea,11923,7690,8081,352,371,RABV_EA
2f014ba9-b182-4300-9967-07d7211b262f,512,2023-05-09T05:30:52.611556+01:00,unclassified,rabv_ea,11923,10173,10573,358,384,RABV_EA
f312eca7-5eae-40fa-a837-d055e5f23d05,447,2023-05-09T05:30:59.611556+01:00,unclassified,rabv_ea,11923,5228,5607,349,368,RABV_EA
bffa271b-0bf0-410f-aea6-88506eb5141c,1102,2023-05-09T05:30:52.611556+01:00,unclassified,?,11923,0,0,390,404,?
f4a87ca3-35df-41a8-957c-64912d4f4380,470,2023-05-09T05:30:22.611556+01:00,unclassified,rabv_ea,11923,4632,5036,374,384,RABV_EA
8cd1c90d-ab9a-4c80-99cf-3e7dff055587,512,2023-05-09T05:30:27.611556+01:00,unclassified,rabv_ea,11923,7690,8070,356,365,RABV_EA
2c5eea99-15a1-409d-b963-6c7eaafd1800,370,2023-05-09T04:35:01.611556+01:00,unclassified,rabv_ea,11923,9116,9325,171,181,RABV_EA
e51b95bb-befb-46f0-a4de-45b95ca12e5c,1393,2023-05-09T05:30:33.611556+01:00,unclassified,?,11923,0,0,353,367,?
cee0f211-0593-428f-8605-e31f2378bbf3,473,2023-05-09T05:31:16.611556+01:00,unclassified,rabv_ea,11923,9864,10247,347,368,RABV_EA
ddd8b6df-de65-49c2-a9fe-50a3dd6fc79f,484,2023-05-09T05:31:18.611556+01:00,unclassified,rabv_ea,11923,9550,9931,364,375,RABV_EA
ff34579f-1576-48c2-87af-089ffc15a60e,1283,2023-05-09T05:31:13.611556+01:00,unclassified,?,11923,0,0,369,388,?
f0345814-073c-44aa-90a2-367a5b41d56e,1251,2023-05-09T04:34:34.611556+01:00,unclassified,?,11923,0,0,379,393,?
60f3051d-c3df-4aee-886d-2e2fb15a0447,461,2023-05-09T05:30:37.611556+01:00,unclassified,rabv_ea,11923,7703,8078,354,370,RABV_EA
edb2afdf-6046-480f-a954-f3759f15f96e,430,2023-05-09T05:31:17.611556+01:00,unclassified,rabv_ea,11923,7722,8081,341,350,RABV_EA
e877e37b-894d-49a8-a104-7bcca47d6b4d,442,2023-05-09T05:31:18.611556+01:00,unclassified,rabv_ea,11923,7707,8081,340,359,RABV_EA
b174bece-5c2e-42e2-a86e-00c292d09c15,811,2023-05-09T05:31:17.611556+01:00,unclassified,?,11923,0,0,334,358,?
f6151b5a-ab19-4ae0-bcb7-d9d28eb13c41,880,2023-05-09T05:30:27.611556+01:00,unclassified,?,11923,0,0,362,374,?
081825c2-09e4-4799-9f65-3b334d7d2140,475,2023-05-09T05:30:40.611556+01:00,unclassified,rabv_ea,11923,2737,3136,359,384,RABV_EA
60b15164-bf23-443a-920f-b1ef1006ffac,1042,2023-05-09T05:30:51.611556+01:00,unclassified,?,11923,0,0,321,335,?
013bd1ac-2d5e-464c-a928-8431e68fdade,446,2023-05-09T04:34:34.611556+01:00,unclassified,rabv_ea,11923,1569,1958,356,369,RABV_EA
ab456002-d134-407f-a1d2-84c04b6e6782,458,2023-05-09T04:35:02.611556+01:00,unclassified,rabv_ea,11923,6424,6813,350,374,RABV_EA
73bcfe5a-de99-4c1b-b7d4-e03f02066749,504,2023-05-09T05:30:29.611556+01:00,unclassified,rabv_ea,11923,1567,1958,371,386,RABV_EA
2793daec-45ca-4543-a6b8-7ba36fce49d2,901,2023-05-09T05:30:35.611556+01:00,unclassified,?,11923,0,0,385,398,?
94ad8296-c377-4c7e-ae65-9c29d892c58e,473,2023-05-09T04:34:35.611556+01:00,unclassified,rabv_ea,11923,2733,3136,372,395,RABV_EA
848ae931-4b3a-4aed-8123-125f444be20e,348,2023-05-09T05:30:30.611556+01:00,unclassified,rabv_ea,11923,938,1239,283,295,RABV_EA
aae750e5-6c04-4946-a5eb-95df555ba522,743,2023-05-09T05:31:18.611556+01:00,unclassified,?,11923,0,0,353,388,?
a73dafd0-537a-496f-a37d-d88df02146ee,463,2023-05-09T05:31:25.611556+01:00,unclassified,rabv_ea,11923,11113,11487,338,363,RABV_EA
630e5f6f-d2d2-44c4-aaf5-d51c754d42a0,319,2023-05-09T05:31:24.611556+01:00,unclassified,*,0,0,0,0,0,*
e489bd2b-b736-4c4b-9d68-dca108276337,1339,2023-05-09T04:34:52.611556+01:00,unclassified,?,11923,0,0,368,390,?
46771049-2556-4d90-94a4-382bd324e72e,506,2023-05-09T05:31:09.611556+01:00,unclassified,rabv_ea,11923,10170,10573,349,381,RABV_EA
ffd95c16-0cea-4748-91dd-26621d001c59,856,2023-05-09T04:34:58.611556+01:00,unclassified,?,11923,0,0,361,373,?
ca22591e-123e-4763-945b-d450d30a3f5a,461,2023-05-09T05:31:09.611556+01:00,unclassified,rabv_ea,11923,9868,10263,358,380,RABV_EA
30070990-ae35-460b-b156-0c33a0cdfe49,329,2023-05-09T05:31:10.611556+01:00,unclassified,*,0,0,0,0,0,*
2fb3f65a-7711-4e6b-96cc-f6d89c5dfdab,1276,2023-05-09T05:31:04.611556+01:00,unclassified,?,11923,0,0,382,400,?
1210c51a-71bd-41a1-9cd2-489cdb3ea5c7,1383,2023-05-09T05:31:13.611556+01:00,unclassified,?,11923,0,0,360,384,?
a01b1bfb-7ff8-4315-81c7-f08024d8e73a,487,2023-05-09T04:34:59.611556+01:00,unclassified,rabv_ea,11923,7690,8068,347,367,RABV_EA
83b15b6c-aadf-4463-afff-41a18801f583,451,2023-05-09T04:34:36.611556+01:00,unclassified,rabv_ea,11923,3062,3458,335,369,RABV_EA
0fa024bd-0eb1-450a-b50f-e9fdfe3644a3,1307,2023-05-09T05:30:26.611556+01:00,unclassified,rabv_ea,11923,9536,9940,380,391,RABV_EA
cb70f34b-c8c7-4f2d-b6d4-27e132ad454c,444,2023-05-09T05:30:53.611556+01:00,unclassified,rabv_ea,11923,11407,11796,355,368,RABV_EA
db0ebfdc-8789-4ed9-a608-8c2b9ca5d6d3,335,2023-05-09T05:30:53.611556+01:00,unclassified,rabv_ea,11923,618,750,125,128,RABV_EA
f708ce2c-5ce7-43c2-b24f-94d4681ed7cc,467,2023-05-09T05:30:50.611556+01:00,unclassified,rabv_ea,11923,5850,6223,353,366,RABV_EA
17a7835e-61cf-4974-8e6b-1e580d0b90c9,330,2023-05-09T04:34:59.611556+01:00,unclassified,rabv_ea,11923,4525,4730,180,196,RABV_EA
65fcdbb5-fc09-41da-a350-ba4f83fdf0e8,565,2023-05-09T04:34:58.611556+01:00,unclassified,rabv_ea,11923,7722,8081,344,354,RABV_EA
4718bd24-6628-48b2-83c4-5bfc40a9666e,456,2023-05-09T05:30:33.611556+01:00,unclassified,rabv_ea,11923,329,709,344,364,RABV_EA
6316e413-9959-4b27-827c-ef8c3c020b02,1175,2023-05-09T04:34:56.611556+01:00,unclassified,?,11923,0,0,355,371,?
ce56e7b6-89de-4495-a397-bb0d9c809f9e,1476,2023-05-09T04:34:57.611556+01:00,unclassified,?,11923,0,0,382,405,?
e57e28ea-7a79-4d11-ac6f-f50a67caad79,487,2023-05-09T05:30:49.611556+01:00,unclassified,rabv_ea,11923,2733,3131,377,388,RABV_EA
83217ee9-deb7-4a3b-9759-f1cc284777b9,411,2023-05-09T05:31:24.611556+01:00,unclassified,rabv_ea,11923,9126,9325,174,188,RABV_EA
6a8f1053-68c2-4676-9cea-c062e3bc9ba0,412,2023-05-09T04:34:56.611556+01:00,unclassified,rabv_ea,11923,629,904,247,258,RABV_EA
c0029037-7e9e-4c0e-ad1f-03fdad97353b,475,2023-05-09T05:30:43.611556+01:00,unclassified,rabv_ea,11923,4626,5035,386,394,RABV_EA
393e8157-d098-4a36-8d70-4cedf1e4ae56,849,2023-05-09T05:31:24.611556+01:00,unclassified,?,11923,0,0,348,370,?
b9639835-f256-4ee7-b844-086efd6c3ce7,473,2023-05-09T05:31:12.611556+01:00,unclassified,rabv_ea,11923,7715,8080,353,360,RABV_EA
96a4cd3b-bc89-4755-9990-3c1e737a48af,882,2023-05-09T05:31:23.611556+01:00,unclassified,?,11923,0,0,363,380,?
9e644e0e-8b2d-4e4c-87e4-2658c32968c0,803,2023-05-09T05:30:42.611556+01:00,unclassified,rabv_ea,11923,11392,11794,368,392,RABV_EA
f41a98dd-1ecb-4cde-90af-080bd07dfcbf,457,2023-05-09T05:30:46.611556+01:00,unclassified,rabv_ea,11923,11408,11795,363,373,RABV_EA
878be119-fdbe-45d2-8015-da21fe135297,448,2023-05-09T05:30:45.611556+01:00,unclassified,rabv_ea,11923,7709,8063,330,342,RABV_EA
bc6ea4dc-0ae8-4d22-8d1b-a52964a504dd,873,2023-05-09T05:30:45.611556+01:00,unclassified,?,11923,0,0,356,371,?
6ff134e8-0b43-4db1-8fd1-e89c434a98c6,417,2023-05-09T05:30:46.611556+01:00,unclassified,rabv_ea,11923,10187,10511,301,320,RABV_EA
b0f1d738-3730-4f26-94d2-8130bc7aadfc,870,2023-05-09T05:30:42.611556+01:00,unclassified,?,11923,0,0,353,377,?
4d867958-a82f-4145-a3ee-bbd81deef9a4,489,2023-05-09T05:30:45.611556+01:00,unclassified,rabv_ea,11923,1551,1948,365,378,RABV_EA
e4cb4dfa-b839-4d62-9a7d-26672bef29f4,1245,2023-05-09T05:31:39.611556+01:00,unclassified,?,11923,0,0,350,369,?
47558b0a-aa17-4ffa-b75a-1b1400db9529,1260,2023-05-09T05:31:25.611556+01:00,unclassified,?,11923,0,0,365,387,?
d620d171-6cfb-48a5-97ab-38d64a575915,376,2023-05-09T05:31:42.611556+01:00,unclassified,rabv_ea,11923,5912,6211,264,276,RABV_EA
c7ba5f39-b203-4667-85ec-6e3a557458a5,460,2023-05-09T05:31:41.611556+01:00,unclassified,rabv_ea,11923,5835,6217,346,362,RABV_EA
13db193a-07a6-44be-80eb-93d1b2a443f7,349,2023-05-09T05:31:12.611556+01:00,unclassified,rabv_ea,11923,9092,9314,200,215,RABV_EA
ed1faa6d-f439-44e8-b85f-ff6cee4fa32f,1443,2023-05-09T05:31:10.611556+01:00,unclassified,?,11923,0,0,373,382,?
999889c8-d40b-4bf4-ae49-2003acba3545,520,2023-05-09T05:30:45.611556+01:00,unclassified,*,0,0,0,0,0,*
0f28f031-9640-4ae2-9491-50a1e8356296,991,2023-05-09T05:31:39.611556+01:00,unclassified,?,11923,0,0,358,387,?
7f866b62-0503-44f0-abca-0bd862566eed,834,2023-05-09T05:31:25.611556+01:00,unclassified,?,11923,0,0,345,360,?
c6c5345d-3f6d-41a7-b58d-bbebfa46f304,535,2023-05-09T05:30:44.611556+01:00,unclassified,rabv_ea,11923,10164,10576,368,398,RABV_EA
dcd7278f-773a-428c-be0d-e8c7eac917b6,681,2023-05-09T05:30:44.611556+01:00,unclassified,?,11923,0,0,342,383,?
dce42358-937e-4cbb-843c-38080ccb9975,453,2023-05-09T05:30:46.611556+01:00,unclassified,rabv_ea,11923,7706,8078,348,361,RABV_EA
a65bbf42-86c7-4256-bd70-a5cd5f4c6a68,412,2023-05-09T05:30:43.611556+01:00,unclassified,rabv_ea,11923,5369,5605,222,229,RABV_EA
fc768d6e-d87c-4cc9-84ea-1afc011e9971,272,2023-05-09T05:31:12.611556+01:00,unclassified,rabv_ea,11923,9133,9330,179,193,RABV_EA
c08adde0-4ad8-4308-ad92-35d16f303e56,465,2023-05-09T04:34:46.611556+01:00,unclassified,rabv_ea,11923,5835,6205,354,365,RABV_EA
ae639850-a7aa-49d1-ae78-c1c33347a777,466,2023-05-09T05:31:03.611556+01:00,unclassified,rabv_ea,11923,3401,3791,372,384,RABV_EA
0a80f339-f6ea-4184-9f5b-a9ed99f9ef51,2037,2023-05-09T04:34:33.611556+01:00,unclassified,?,11923,0,0,376,391,?
b4069f00-ed3a-4d0f-91ca-c9b6039b9ca5,502,2023-05-09T05:30:58.611556+01:00,unclassified,rabv_ea,11923,7702,8074,340,359,RABV_EA
b7f5ff1a-e777-4002-b6b1-7aad6153a69c,695,2023-05-09T05:30:57.611556+01:00,unclassified,?,11923,0,0,384,393,?
cc027571-7984-49c0-9909-70c80cd1cb35,423,2023-05-09T05:30:58.611556+01:00,unclassified,rabv_ea,11923,7706,8050,307,319,RABV_EA
4988ed01-4c1a-444e-b293-78dd88506208,848,2023-05-09T05:30:57.611556+01:00,unclassified,?,11923,0,0,358,367,?
bcb0fd0c-d8cd-4e99-8652-46f10417593a,780,2023-05-09T04:34:18.611556+01:00,unclassified,?,11923,0,0,379,390,?
c4640054-91a4-4a39-be24-da3006c67540,530,2023-05-09T05:31:12.611556+01:00,unclassified,rabv_ea,11923,3383,3791,393,405,RABV_EA
f8d33102-4c07-4405-af31-e281ea0b0493,892,2023-05-09T04:34:32.611556+01:00,unclassified,?,11923,0,0,370,391,?
fc090347-2664-4785-bfd1-cfca4a01ec52,363,2023-05-09T05:31:12.611556+01:00,unclassified,rabv_ea,11923,10164,10408,219,231,RABV_EA
12f7fbfa-dd15-4f81-85de-c0ea499dfbec,439,2023-05-09T04:34:33.611556+01:00,unclassified,rabv_ea,11923,7706,8082,349,366,RABV_EA
42d09181-d37f-4767-bf7e-71f4fffc5bc7,455,2023-05-09T05:31:06.611556+01:00,unclassified,rabv_ea,11923,11392,11780,353,372,RABV_EA
9c48a752-2bc0-4f6e-ad74-052ad8349bf1,450,2023-05-09T05:31:12.611556+01:00,unclassified,rabv_ea,11923,3062,3457,344,363,RABV_EA
9fcfba5d-0d83-4276-b4e4-ba0dcd235971,1537,2023-05-09T05:31:35.611556+01:00,unclassified,?,11923,0,0,384,405,?
28028af4-90c9-4352-a2ca-29334d1a14df,1249,2023-05-09T05:30:49.611556+01:00,unclassified,?,11923,0,0,365,382,?
5345bc9c-0f65-4bcb-afba-8332114db0cf,1340,2023-05-09T04:34:35.611556+01:00,unclassified,?,11923,0,0,364,377,?
334059c7-d600-44ad-a72c-a324c08f13fb,846,2023-05-09T04:34:33.611556+01:00,unclassified,?,11923,0,0,348,359,?
1acc21bd-3479-4721-aea9-eb1bc23dd7fe,461,2023-05-09T04:34:38.611556+01:00,unclassified,rabv_ea,11923,5198,5593,356,371,RABV_EA
fae24ae8-261f-476d-9c36-0b396820a384,447,2023-05-09T05:31:00.611556+01:00,unclassified,rabv_ea,11923,5846,6217,334,352,RABV_EA
920a0d9c-565e-4331-acb1-7d2831782faf,437,2023-05-09T05:30:49.611556+01:00,unclassified,rabv_ea,11923,7704,8074,338,354,RABV_EA
a7500360-dcb1-4ba6-b198-9d2d37675fc7,2436,2023-05-09T05:30:56.611556+01:00,unclassified,?,11923,0,0,382,403,?
e70fefe0-d5a6-4bb0-ba36-d0dd52242ed2,468,2023-05-09T05:30:56.611556+01:00,unclassified,rabv_ea,11923,5837,6223,353,370,RABV_EA
4ae9f66b-563e-4c43-b4d5-7dbf871ece25,451,2023-05-09T05:31:42.611556+01:00,unclassified,rabv_ea,11923,7692,8062,338,359,RABV_EA
417be8fe-de21-4ccb-9e42-643108bdfc3a,1063,2023-05-09T04:34:17.611556+01:00,unclassified,?,11923,0,0,373,381,?
c44c458f-cdb0-4cb4-b1e5-e03779624266,888,2023-05-09T05:30:57.611556+01:00,unclassified,?,11923,0,0,373,398,?
a1fec675-e0a6-4f63-aa2d-e26faaa2fbfe,479,2023-05-09T05:31:42.611556+01:00,unclassified,rabv_ea,11923,10170,10561,356,388,RABV_EA
af028576-22f1-41d8-b8d4-fa5c1f59dc2c,885,2023-05-09T05:31:04.611556+01:00,unclassified,rabv_ea,11923,4626,5283,623,645,RABV_EA
deaa26fe-e267-446c-882d-974d79087d60,465,2023-05-09T05:31:20.611556+01:00,unclassified,rabv_ea,11923,5196,5582,350,373,RABV_EA
ccd8d919-2af5-4167-b864-af6f3f547bd6,425,2023-05-09T05:31:23.611556+01:00,unclassified,*,0,0,0,0,0,*
35ca3e96-6ef1-4bdb-b17f-016844ba957b,2449,2023-05-09T05:31:14.611556+01:00,unclassified,?,11923,0,0,380,388,?
1ea20721-8bf0-47ad-ac66-471a7cc622e1,460,2023-05-09T05:30:49.611556+01:00,unclassified,rabv_ea,11923,9851,10248,358,378,RABV_EA
5e01bbec-27c4-429d-baf8-8d6241307475,1230,2023-05-09T05:31:19.611556+01:00,unclassified,?,11923,0,0,339,357,?
c6fdb37e-c438-4159-a2c2-a852537c6bc2,438,2023-05-09T05:30:49.611556+01:00,unclassified,rabv_ea,11923,1893,2242,322,334,RABV_EA
6d4cd700-e2d4-438c-b14b-2cbcb71de4bd,1285,2023-05-09T05:30:45.611556+01:00,unclassified,?,11923,0,0,382,392,?
4838e542-bdbd-489f-948b-d2448bf3d1b3,452,2023-05-09T05:30:48.611556+01:00,unclassified,rabv_ea,11923,5836,6223,350,373,RABV_EA
71c1f8b4-50b6-4e76-a453-c92c5cacde05,485,2023-05-09T05:31:44.611556+01:00,unclassified,rabv_ea,11923,10170,10563,378,389,RABV_EA
4ac1f56a-27e3-4acc-a693-962edbc7d65e,481,2023-05-09T05:30:50.611556+01:00,unclassified,rabv_ea,11923,628,1029,366,394,RABV_EA
5c200a34-0ebe-4316-8dae-1e7f0c399bee,1258,2023-05-09T05:31:03.611556+01:00,unclassified,?,11923,0,0,321,354,?
f67a5069-e9e3-4a07-b73f-397850303c95,445,2023-05-09T05:31:47.611556+01:00,unclassified,rabv_ea,11923,7704,8061,324,340,RABV_EA
2b80b005-fd1e-44b1-88eb-ec6565814c52,478,2023-05-09T05:31:44.611556+01:00,unclassified,rabv_ea,11923,613,1018,374,392,RABV_EA
43320d2b-6d87-41ad-92a1-144ea1f86aa9,825,2023-05-09T05:30:49.611556+01:00,unclassified,?,11923,0,0,364,372,?
ff4b26ca-cf4b-47a1-aa6c-ece0d6ee9bcd,448,2023-05-09T05:31:52.611556+01:00,unclassified,rabv_ea,11923,7704,8081,366,370,RABV_EA
3d5c8516-1a74-4433-9c46-d7a9d85faeaa,451,2023-05-09T04:34:11.611556+01:00,unclassified,rabv_ea,11923,11098,11472,342,364,RABV_EA
b30aa868-4318-4615-aa45-bd6b1f2d72d2,367,2023-05-09T04:34:14.611556+01:00,unclassified,*,0,0,0,0,0,*
c1a8bb59-2de7-4d96-b609-63b480011576,454,2023-05-09T04:34:12.611556+01:00,unclassified,rabv_ea,11923,319,696,346,363,RABV_EA
fdbadb4b-b9ec-44cc-85f1-19f1bc1750a0,901,2023-05-09T05:31:54.611556+01:00,unclassified,?,11923,0,0,381,397,?
763c2370-218d-4730-813f-71e823b501f4,840,2023-05-09T05:31:45.611556+01:00,unclassified,?,11923,0,0,378,393,?
9805100f-3f5b-492f-812e-f1cc61d5edef,883,2023-05-09T05:31:46.611556+01:00,unclassified,?,11923,0,0,359,383,?
0e5e18fc-9b42-4a0a-a0d7-94a4bf87b608,854,2023-05-09T05:30:49.611556+01:00,unclassified,?,11923,0,0,338,374,?
1950ceb4-992e-422b-b35b-9c322ba511d4,891,2023-05-09T05:30:47.611556+01:00,unclassified,?,11923,0,0,348,377,?
544d1fac-ee19-44a3-b1d3-b6bf96c7b3ed,463,2023-05-09T05:30:48.611556+01:00,unclassified,?,11923,0,0,308,315,?
f11db701-5e7d-4d16-842c-a609393dcc88,1676,2023-05-09T05:30:58.611556+01:00,unclassified,?,11923,0,0,679,702,?
b65ac60c-b211-41b2-a035-97b0d991ed7b,512,2023-05-09T05:31:08.611556+01:00,unclassified,rabv_ea,11923,10164,10482,289,306,RABV_EA
a3799c47-a968-482b-aedb-8ebc7d7a719f,457,2023-05-09T05:31:26.611556+01:00,unclassified,rabv_ea,11923,11400,11782,343,364,RABV_EA
920e27bc-578d-4b18-a365-22f11fbb5be0,876,2023-05-09T05:31:23.611556+01:00,unclassified,?,11923,0,0,365,383,?
5be127a2-1818-4c6e-9016-13f97c15bd15,417,2023-05-09T05:31:24.611556+01:00,unclassified,rabv_ea,11923,1606,1958,322,337,RABV_EA
62a0404c-77a0-4677-bb28-0e5a2f36e510,1054,2023-05-09T05:31:14.611556+01:00,unclassified,?,11923,0,0,367,379,?
e0310d75-2df0-45c3-937d-9146323a9691,1287,2023-05-09T05:31:28.611556+01:00,unclassified,?,11923,0,0,373,394,?
b67e1551-5a4d-4c2f-be48-42b32f92a760,1308,2023-05-09T05:31:29.611556+01:00,unclassified,?,11923,0,0,393,402,?
5d92de35-a60d-49ef-b71d-984eaf74a5e4,530,2023-05-09T05:31:06.611556+01:00,unclassified,rabv_ea,11923,10164,10575,347,387,RABV_EA
d20f5982-2c82-4971-ac8d-d89bfc479ff7,2580,2023-05-09T05:31:24.611556+01:00,unclassified,?,11923,0,0,381,399,?
4e3d2109-be5e-4efe-ab2a-de91d59ed2a9,716,2023-05-09T05:31:53.611556+01:00,unclassified,?,11923,0,0,323,345,?
d62ec655-d4e5-4ed1-9b29-dcd1fa889edc,450,2023-05-09T05:31:05.611556+01:00,unclassified,rabv_ea,11923,942,1324,350,365,RABV_EA
fbc5fc25-80e1-4326-a3dc-cf6b585e886e,462,2023-05-09T05:30:51.611556+01:00,unclassified,rabv_ea,11923,9854,10244,357,372,RABV_EA
891a5695-4e35-40a1-aaef-3c60a22020ef,497,2023-05-09T05:31:22.611556+01:00,unclassified,rabv_ea,11923,1870,2187,283,302,RABV_EA
feac1d7f-62ab-42a5-8267-b33e47d7c1e9,346,2023-05-09T04:34:16.611556+01:00,unclassified,?,11923,0,0,99,99,?
60fcd36b-d8ef-4d2d-a972-ac27a37419dc,2566,2023-05-09T04:34:29.611556+01:00,unclassified,?,11923,0,0,383,393,?
515e9a4e-4c1a-4577-819a-0e6acbdb44c6,398,2023-05-09T05:31:20.611556+01:00,unclassified,rabv_ea,11923,6506,6829,290,311,RABV_EA
c3b1ad62-2adf-45a9-9953-95708bbcb9eb,868,2023-05-09T05:31:20.611556+01:00,unclassified,?,11923,0,0,360,376,?
73df29d0-24c3-4615-ba48-70b92710e154,444,2023-05-09T05:31:52.611556+01:00,unclassified,rabv_ea,11923,955,1337,342,369,RABV_EA
e22b6f53-610a-4881-aab0-cc705d0617d0,409,2023-05-09T05:32:03.611556+01:00,unclassified,rabv_ea,11923,10170,10362,179,189,RABV_EA
3bc7b187-e668-468d-ae66-38e59d40dca1,469,2023-05-09T05:31:28.611556+01:00,unclassified,rabv_ea,11923,9851,10247,376,387,RABV_EA
e40b9f3d-cd49-4d76-9d35-e95d179c3002,500,2023-05-09T05:31:16.611556+01:00,unclassified,rabv_ea,11923,11097,11494,364,377,RABV_EA
8d96d60d-6a7e-447c-b0d2-4c2dca799f56,541,2023-05-09T05:31:27.611556+01:00,unclassified,rabv_ea,11923,10164,10570,379,394,RABV_EA
64e05b08-9018-49d2-965b-124b0a74b995,480,2023-05-09T05:31:26.611556+01:00,unclassified,rabv_ea,11923,1870,2247,339,369,RABV_EA
0dabac58-5f87-4c02-b507-550db1323df7,451,2023-05-09T05:32:02.611556+01:00,unclassified,rabv_ea,11923,7704,8081,340,360,RABV_EA
7422f658-3d8b-4074-90b2-d2f764ef1fb8,444,2023-05-09T05:31:28.611556+01:00,unclassified,rabv_ea,11923,5836,6223,353,372,RABV_EA
1d727613-f1ce-4707-be1b-21687235df4a,1317,2023-05-09T05:31:27.611556+01:00,unclassified,?,11923,0,0,388,393,?
eb1628b8-179d-45f9-9a7c-4cafacdb2f51,855,2023-05-09T05:31:21.611556+01:00,unclassified,?,11923,0,0,349,372,?
08ec73de-6d85-48e6-98db-a7b6ce1d251c,1717,2023-05-09T05:31:19.611556+01:00,unclassified,rabv_ea,11923,615,1032,374,398,RABV_EA
77f2d281-9d34-4bf6-ba63-ba333a08e74b,453,2023-05-09T04:33:51.611556+01:00,unclassified,rabv_ea,11923,5230,5582,318,332,RABV_EA
1b60b3f1-6e3c-4ffa-9fac-8401741a0f28,1651,2023-05-09T05:31:18.611556+01:00,unclassified,?,11923,0,0,352,372,?
85c3ce81-5ff9-4394-ae81-d948666d1a66,358,2023-05-09T05:31:22.611556+01:00,unclassified,*,0,0,0,0,0,*
735ca71c-847f-4b04-9e2c-6ec1375188fe,1538,2023-05-09T05:31:35.611556+01:00,unclassified,?,11923,0,0,397,407,?
02fb4459-62ed-4559-9670-1aad1d5fcc42,841,2023-05-09T05:31:34.611556+01:00,unclassified,?,11923,0,0,370,380,?
3120b339-c777-4c91-8aee-92b6a9047532,504,2023-05-09T05:31:33.611556+01:00,unclassified,rabv_ea,11923,8927,9333,368,387,RABV_EA
aed4ea09-3688-497e-af82-2bd6cb9e6f88,402,2023-05-09T05:31:52.611556+01:00,unclassified,rabv_ea,11923,4342,4623,245,268,RABV_EA
299ef485-cc27-4dfc-b6bf-1c3065743cd9,861,2023-05-09T04:34:11.611556+01:00,unclassified,?,11923,0,0,360,385,?
ed51433d-f8f6-4ef8-948e-23ea94e0f620,455,2023-05-09T05:31:23.611556+01:00,unclassified,rabv_ea,11923,5837,6221,344,365,RABV_EA
61fbfa47-6dc3-498d-941a-7ce2db6ab5fc,843,2023-05-09T05:32:34.611556+01:00,unclassified,?,11923,0,0,330,352,?
b74ffbf1-c022-405d-8277-219c27d91824,1318,2023-05-09T05:32:21.611556+01:00,unclassified,?,11923,0,0,378,396,?
f0de8a8b-3fae-41fa-8424-903e423f418e,880,2023-05-09T05:31:59.611556+01:00,unclassified,?,11923,0,0,335,353,?
fdbeea52-9700-4d94-8225-b14f56a63242,398,2023-05-09T05:31:39.611556+01:00,unclassified,rabv_ea,11923,4187,4420,218,226,RABV_EA
1324540f-ee23-4056-8f3d-1760d41da46f,451,2023-05-09T04:33:55.611556+01:00,unclassified,rabv_ea,11923,9557,9940,341,364,RABV_EA
a533a61f-5092-4e3c-89a3-c425da68e9a3,447,2023-05-09T05:31:38.611556+01:00,unclassified,rabv_ea,11923,7721,8081,344,354,RABV_EA
bfcebd92-c443-4c88-98a0-4257d6c10df7,869,2023-05-09T04:33:54.611556+01:00,unclassified,?,11923,0,0,380,397,?
cb7f18a7-0428-4413-9983-a4e6350c2a26,468,2023-05-09T05:32:01.611556+01:00,unclassified,rabv_ea,11923,6424,6819,351,374,RABV_EA
a83a46c5-4485-4b2b-a8a1-5a25ac865502,2102,2023-05-09T04:33:53.611556+01:00,unclassified,?,11923,0,0,384,399,?
e2be98c2-ea2f-4ca5-9faa-823e2b7375c3,463,2023-05-09T05:31:33.611556+01:00,unclassified,rabv_ea,11923,1567,1958,373,378,RABV_EA
3603f95b-3b4e-475b-a8c2-1239b43e9e68,933,2023-05-09T05:31:30.611556+01:00,unclassified,rabv_ea,11923,9856,10262,335,348,RABV_EA
a13dcecf-56e3-44bd-b23b-507eeb5e7016,481,2023-05-09T05:31:34.611556+01:00,unclassified,rabv_ea,11923,1566,1956,368,385,RABV_EA
c714b42f-2873-4f56-b84c-e7a4018e6e29,920,2023-05-09T05:32:23.611556+01:00,unclassified,?,11923,0,0,392,411,?
64b4f014-f4bb-4243-be75-719829f08ca4,442,2023-05-09T05:32:23.611556+01:00,unclassified,rabv_ea,11923,9864,10240,333,347,RABV_EA
058a269b-51be-4a79-8aa7-9086edbaaa57,494,2023-05-09T05:31:34.611556+01:00,unclassified,rabv_ea,11923,7690,8081,363,380,RABV_EA
bd42f44f-73b0-4c2a-bae8-0ff30277c506,861,2023-05-09T05:32:03.611556+01:00,unclassified,?,11923,0,0,340,368,?
6dad991e-2a1a-4c41-8e56-466fd778b571,873,2023-05-09T04:33:53.611556+01:00,unclassified,?,11923,0,0,372,388,?
c9890783-cce3-4c90-bcb4-04f55c309f24,1325,2023-05-09T04:34:06.611556+01:00,unclassified,?,11923,0,0,372,387,?
3d5b094c-f67e-45ed-8a5d-36d56f53dc9a,476,2023-05-09T04:33:52.611556+01:00,unclassified,rabv_ea,11923,10164,10561,349,382,RABV_EA
ec2ed754-6b81-4884-8fcd-8e7b01c2183b,514,2023-05-09T04:33:51.611556+01:00,unclassified,rabv_ea,11923,7690,8081,371,380,RABV_EA
ad205620-9450-4e3c-8a7a-a88f90a0fba9,215,2023-05-09T05:32:01.611556+01:00,unclassified,*,0,0,0,0,0,*
8eeb2197-0daa-4a44-a436-57a130e19213,1285,2023-05-09T04:34:07.611556+01:00,unclassified,?,11923,0,0,385,391,?
2d13c386-7df9-4e33-900a-959393474159,451,2023-05-09T05:32:00.611556+01:00,unclassified,rabv_ea,11923,9878,10257,341,359,RABV_EA
752290a8-42ff-48d6-bd01-c73e4b94b624,382,2023-05-09T05:31:38.611556+01:00,unclassified,rabv_ea,11923,7174,7467,269,278,RABV_EA
c22b6f97-4044-42e8-a110-4aad6ac430b9,863,2023-05-09T05:32:01.611556+01:00,unclassified,?,11923,0,0,377,388,?
483e4e56-7205-4536-a687-593a1d72a236,422,2023-05-09T05:31:32.611556+01:00,unclassified,rabv_ea,11923,10172,10561,332,371,RABV_EA
8dfb0549-7d41-48cb-b448-b9fcf0a9ef60,2163,2023-05-09T05:31:27.611556+01:00,unclassified,?,11923,0,0,380,398,?
7d0feffc-5ed1-43df-8476-d3c70c2062e9,1736,2023-05-09T05:31:56.611556+01:00,unclassified,?,11923,0,0,385,404,?
10f438d2-cd72-498e-8a6f-5d7a4bc33a99,453,2023-05-09T05:32:00.611556+01:00,unclassified,rabv_ea,11923,7704,8081,350,365,RABV_EA
4f463ef1-befc-4896-8f7b-05f3e19f10f9,515,2023-05-09T05:31:38.611556+01:00,unclassified,rabv_ea,11923,57,459,377,388,RABV_EA
f0ee0b44-3726-4681-af23-3b8d532519d4,911,2023-05-09T05:31:39.611556+01:00,unclassified,?,11923,0,0,362,382,?
720928a9-5594-48d8-a26e-26c997597352,1251,2023-05-09T05:31:57.611556+01:00,unclassified,?,11923,0,0,383,399,?
addaddd2-53fa-460b-aad8-055a67ebb5b5,463,2023-05-09T04:33:50.611556+01:00,unclassified,rabv_ea,11923,70,459,369,386,RABV_EA
44c8d4f9-1475-499f-99a0-f59cf7e482e0,827,2023-05-09T04:33:54.611556+01:00,unclassified,?,11923,0,0,367,385,?
e15b8850-3bd6-4bd6-acf4-c9bb7392aa44,267,2023-05-09T04:33:54.611556+01:00,unclassified,rabv_ea,11923,4647,4751,96,100,RABV_EA
6f41a580-65ac-44af-9bf6-a39f08dbe5f9,479,2023-05-09T05:32:21.611556+01:00,unclassified,rabv_ea,11923,11406,11796,365,384,RABV_EA
3c643dc7-5566-46b2-a9b9-915827e1747c,461,2023-05-09T04:33:52.611556+01:00,unclassified,rabv_ea,11923,10164,10561,370,379,RABV_EA
09fd5855-b62f-4154-b536-6e9ab8363d7e,809,2023-05-09T04:33:55.611556+01:00,unclassified,?,11923,0,0,359,380,?
df720652-21a6-4a06-b4bf-d80b8639ecf3,451,2023-05-09T04:33:58.611556+01:00,unclassified,rabv_ea,11923,3418,3781,325,344,RABV_EA
ae84ad6f-189a-4228-8b99-ab59ec397d32,842,2023-05-09T05:32:31.611556+01:00,unclassified,?,11923,0,0,331,353,?
c18713de-5406-47f3-a9ea-a55e77ae10a7,461,2023-05-09T04:34:00.611556+01:00,unclassified,*,0,0,0,0,0,*
7b6af3f1-974e-4156-bf49-0e3cc76d86a7,1736,2023-05-09T05:32:32.611556+01:00,unclassified,?,11923,0,0,369,377,?
ba9537e8-15e9-448d-9f80-10d536849460,447,2023-05-09T04:33:52.611556+01:00,unclassified,rabv_ea,11923,9553,9931,342,359,RABV_EA
fa46101c-f3ee-43b9-be15-818d59f16992,556,2023-05-09T05:31:59.611556+01:00,unclassified,rabv_ea,11923,9851,10249,370,387,RABV_EA
a1d48629-c7e3-405f-979f-71f16eb081f7,456,2023-05-09T04:33:57.611556+01:00,unclassified,rabv_ea,11923,5209,5586,329,361,RABV_EA
01a5cb50-436a-4dcf-a930-4a31fdf5462b,866,2023-05-09T05:31:47.611556+01:00,unclassified,?,11923,0,0,341,359,?
df2221b0-9173-408f-98b5-df23edf61d58,455,2023-05-09T04:33:50.611556+01:00,unclassified,rabv_ea,11923,9851,10247,351,378,RABV_EA
df2d1061-022e-497b-8753-03228418615e,444,2023-05-09T05:32:04.611556+01:00,unclassified,rabv_ea,11923,3383,3775,361,373,RABV_EA
13156623-71e3-4cdd-90e3-cf4455b7c7d0,387,2023-05-09T04:34:01.611556+01:00,unclassified,rabv_ea,11923,1650,1959,279,293,RABV_EA
4ccc66bb-3b03-4581-b143-c42e581bd8a9,462,2023-05-09T05:31:49.611556+01:00,unclassified,rabv_ea,11923,8941,9320,347,372,RABV_EA
013c31b6-868c-4de3-ba89-dc28ff804322,458,2023-05-09T05:32:36.611556+01:00,unclassified,rabv_ea,11923,5196,5586,355,369,RABV_EA
8d05a07f-c8f5-46c4-a1ad-2e32aa4b4c17,640,2023-05-09T05:32:29.611556+01:00,unclassified,?,11923,0,0,376,380,?
0d3c7edb-b119-4975-a45c-f995c7359cf6,448,2023-05-09T05:31:56.611556+01:00,unclassified,rabv_ea,11923,7721,8082,331,347,RABV_EA
1d1466af-73b9-4274-95b1-71ebc6f0ef08,362,2023-05-09T05:32:35.611556+01:00,unclassified,rabv_ea,11923,4189,4424,220,232,RABV_EA
7ce7b0c1-cd0d-4d12-965a-b2484819bb64,407,2023-05-09T05:32:36.611556+01:00,unclassified,rabv_ea,11923,11410,11742,279,288,RABV_EA
e5533d41-58f2-4026-8d46-f49704bb4656,432,2023-05-09T05:32:06.611556+01:00,unclassified,rabv_ea,11923,7706,8081,325,349,RABV_EA
d45ad381-d56b-44b5-aa57-4b299124b96c,460,2023-05-09T05:32:06.611556+01:00,unclassified,rabv_ea,11923,3383,3774,364,379,RABV_EA
f15b1b89-1f37-432a-9ada-d819dd4eb186,893,2023-05-09T05:31:57.611556+01:00,unclassified,?,11923,0,0,379,391,?
12991556-67cd-41ee-b3f6-b23b25680022,874,2023-05-09T05:31:47.611556+01:00,unclassified,?,11923,0,0,375,393,?
ff9c0788-e506-4ccc-adbf-54339c49cbba,683,2023-05-09T05:31:57.611556+01:00,unclassified,?,11923,0,0,184,191,?
4854bd2b-45f6-4a62-b98b-3c0891ac8d80,865,2023-05-09T05:32:33.611556+01:00,unclassified,?,11923,0,0,365,376,?
641afea4-0f5b-4bdc-b759-2c307fda7048,491,2023-05-09T05:32:10.611556+01:00,unclassified,rabv_ea,11923,7691,8075,337,356,RABV_EA
a26feed8-6dc9-491a-8671-c035245ec1b8,512,2023-05-09T05:32:35.611556+01:00,unclassified,rabv_ea,11923,11097,11494,342,374,RABV_EA
92effa86-1d6b-4953-8c02-5a7abf974f96,366,2023-05-09T05:32:44.611556+01:00,unclassified,rabv_ea,11923,983,1304,251,265,RABV_EA
e1172054-f445-41ac-a1d4-4da481708e41,946,2023-05-09T05:32:41.611556+01:00,unclassified,?,11923,0,0,357,380,?
9caddda7-3aaa-4364-ae12-cd7d9787f742,857,2023-05-09T05:31:44.611556+01:00,unclassified,?,11923,0,0,374,392,?
2546ea28-53af-44db-b147-c6c24d2cd720,960,2023-05-09T05:32:42.611556+01:00,unclassified,?,11923,0,0,366,395,?
e4fb248b-8e9c-4fd9-bc33-0ee9bcc61b15,694,2023-05-09T05:32:42.611556+01:00,unclassified,?,11923,0,0,339,356,?
f5048cab-7b9d-4e4c-8ee0-a207249be15c,454,2023-05-09T05:31:57.611556+01:00,unclassified,rabv_ea,11923,5196,5594,359,383,RABV_EA
4422cbc4-d1dc-451f-8648-87c40e0bfed1,434,2023-05-09T05:32:05.611556+01:00,unclassified,rabv_ea,11923,7690,8063,335,353,RABV_EA
55ec65ba-3078-4800-8955-cd4fcc5aca21,872,2023-05-09T05:32:05.611556+01:00,unclassified,?,11923,0,0,345,366,?
eb1da936-7e7a-4f80-871e-bf88398c52de,860,2023-05-09T05:32:05.611556+01:00,unclassified,?,11923,0,0,351,375,?
cd9e1b3c-6461-446e-b379-6d4ad5d5b536,873,2023-05-09T05:31:58.611556+01:00,unclassified,rabv_ea,11923,9580,10260,614,651,RABV_EA
573bfb3a-a0e6-4709-a39d-ef30af61389b,481,2023-05-09T05:32:30.611556+01:00,unclassified,rabv_ea,11923,10164,10562,358,379,RABV_EA
1c59ad55-f786-49a7-9a0a-b123be4e832d,509,2023-05-09T05:31:59.611556+01:00,unclassified,rabv_ea,11923,7690,8081,370,379,RABV_EA
a65e79de-c8c9-49d2-8e06-51a25407229e,549,2023-05-09T05:32:30.611556+01:00,unclassified,rabv_ea,11923,10165,10570,359,393,RABV_EA
186f0de4-a765-46f5-b94a-5ad16f516a06,464,2023-05-09T05:32:15.611556+01:00,unclassified,rabv_ea,11923,70,459,363,372,RABV_EA
ad6ae240-7f39-4d17-81c2-7b528ebd4337,437,2023-05-09T05:32:06.611556+01:00,unclassified,rabv_ea,11923,8938,9314,335,353,RABV_EA
b2f2d952-9380-4020-8a06-832ec98e9f6e,822,2023-05-09T05:31:48.611556+01:00,unclassified,?,11923,0,0,369,375,?
bb82dbd9-e833-473b-93c6-97a3ee03f9db,456,2023-05-09T05:31:48.611556+01:00,unclassified,rabv_ea,11923,9851,10247,367,381,RABV_EA
854abada-5634-4003-a7ed-df1b42e6b5d9,875,2023-05-09T05:31:48.611556+01:00,unclassified,?,11923,0,0,363,381,?
efcd1901-a4ac-4fd5-9d6b-1d5e3d7e3c4f,884,2023-05-09T05:31:49.611556+01:00,unclassified,?,11923,0,0,366,387,?
6e73fa9d-31ee-4fe5-9e1f-9217d2fefc65,305,2023-05-09T04:33:39.611556+01:00,unclassified,rabv_ea,11923,7237,7468,211,220,RABV_EA
d460872a-650c-489a-9130-8e238e6ffe35,471,2023-05-09T05:31:58.611556+01:00,unclassified,rabv_ea,11923,5199,5591,354,377,RABV_EA
11daffb5-616b-4fb4-a345-35a2977bd3da,510,2023-05-09T05:31:59.611556+01:00,unclassified,rabv_ea,11923,319,709,344,369,RABV_EA
3157a88d-bbf0-4168-a87d-926b57b403aa,445,2023-05-09T05:32:46.611556+01:00,unclassified,rabv_ea,11923,10164,10562,352,379,RABV_EA
f22560de-6463-4abc-a8ca-088a9b41b14d,457,2023-05-09T05:32:32.611556+01:00,unclassified,rabv_ea,11923,7705,8082,347,371,RABV_EA
e4ea13cc-c979-48eb-a209-c1d6d4a90ecf,467,2023-05-09T04:33:29.611556+01:00,unclassified,rabv_ea,11923,9851,10248,375,382,RABV_EA
8394a8ee-1092-41a9-b05e-3b4c7e7b2add,1339,2023-05-09T05:32:30.611556+01:00,unclassified,?,11923,0,0,363,384,?
288fe42e-2bb9-4c12-aa17-c6695541e486,481,2023-05-09T05:32:12.611556+01:00,unclassified,rabv_ea,11923,3062,3459,368,387,RABV_EA
3380838a-36ad-4ac0-b8bb-d7e809d668e9,450,2023-05-09T05:31:46.611556+01:00,unclassified,rabv_ea,11923,1567,1958,353,367,RABV_EA
e3f5db0a-6e36-4d62-a926-d9b1f5e0c282,458,2023-05-09T05:32:32.611556+01:00,unclassified,rabv_ea,11923,5211,5608,365,382,RABV_EA
d5bc5d49-1965-4205-8c2b-04224b7f8956,459,2023-05-09T05:32:05.611556+01:00,unclassified,rabv_ea,11923,5210,5608,371,384,RABV_EA
f9222002-bcb2-4e7e-8a5a-9e1c1d9c4fb5,474,2023-05-09T05:32:04.611556+01:00,unclassified,rabv_ea,11923,2748,3148,365,381,RABV_EA
c11b3812-c640-467d-923c-c0a019ed37da,494,2023-05-09T05:31:51.611556+01:00,unclassified,rabv_ea,11923,8927,9326,335,366,RABV_EA
b6265bbf-985b-4a6c-b7e7-601b7c8a3ce3,467,2023-05-09T05:31:53.611556+01:00,unclassified,rabv_ea,11923,7079,7465,368,380,RABV_EA
8df2265c-e17e-4801-835f-e6be37e75190,3478,2023-05-09T05:31:45.611556+01:00,unclassified,?,11923,0,0,394,408,?
66270cc2-6cf9-4a6a-baa4-f8608965e7ab,456,2023-05-09T04:33:30.611556+01:00,unclassified,rabv_ea,11923,56,445,360,378,RABV_EA
e502d3df-0308-49e4-964a-7b03b670a53e,466,2023-05-09T05:32:15.611556+01:00,unclassified,rabv_ea,11923,5833,6223,377,382,RABV_EA
cd4d1285-1be2-44da-a00a-474107216357,455,2023-05-09T05:32:15.611556+01:00,unclassified,rabv_ea,11923,5212,5608,365,382,RABV_EA
82eadf91-85fd-42ac-abf0-aa017b20e01f,1215,2023-05-09T05:32:14.611556+01:00,unclassified,?,11923,0,0,384,392,?
e14c9ecf-56c5-4806-8e18-6a7f09ae754a,1680,2023-05-09T05:32:09.611556+01:00,unclassified,?,11923,0,0,337,361,?
2a4abea2-7098-4484-912b-db8366bf8de0,561,2023-05-09T05:32:32.611556+01:00,unclassified,rabv_ea,11923,4647,5051,357,386,RABV_EA
96219965-43ef-4d65-b356-1f530ebaf1d6,447,2023-05-09T05:32:29.611556+01:00,unclassified,rabv_ea,11923,4339,4709,340,364,RABV_EA
49cf79d1-067d-4ea2-a156-8ce33f723b28,853,2023-05-09T05:32:31.611556+01:00,unclassified,?,11923,0,0,363,375,?
a80927c4-c102-4b2e-b3a5-fd6e08c6a035,863,2023-05-09T05:31:45.611556+01:00,unclassified,?,11923,0,0,381,391,?
1b3a5445-90cf-446f-ac92-ccde0ff000b3,1266,2023-05-09T05:32:10.611556+01:00,unclassified,?,11923,0,0,376,380,?
d3593f34-a762-4bdc-b499-921d068c096e,874,2023-05-09T05:32:31.611556+01:00,unclassified,?,11923,0,0,375,386,?
891881d9-1217-4b6d-8250-e87f7327ac99,467,2023-05-09T05:32:10.611556+01:00,unclassified,rabv_ea,11923,956,1337,353,375,RABV_EA
c5471f41-7e88-4394-a78f-786bda1842ff,1297,2023-05-09T05:32:13.611556+01:00,unclassified,?,11923,0,0,366,386,?
0b11309a-44f0-423f-97fd-e2da4335aa50,1273,2023-05-09T05:32:28.611556+01:00,unclassified,?,11923,0,0,379,395,?
6f928944-7df6-4d98-ab8f-3ae1a4f5ef52,430,2023-05-09T05:32:12.611556+01:00,unclassified,*,0,0,0,0,0,*
6ef1cd40-98c6-4b74-9f50-836a6fdd2b72,855,2023-05-09T05:32:10.611556+01:00,unclassified,?,11923,0,0,345,373,?
3b510961-0678-4cdd-a348-c17a0042d897,1147,2023-05-09T05:32:11.611556+01:00,unclassified,?,11923,0,0,368,393,?
464795ca-fb2f-464a-976f-95c024130979,812,2023-05-09T04:33:15.611556+01:00,unclassified,?,11923,0,0,348,362,?
a2fa2ca6-60d5-4fee-bd2c-6eb0a9b1fdf0,949,2023-05-09T04:32:39.611556+01:00,unclassified,?,11923,0,0,391,406,?
f2a79558-f55f-41ba-b79f-5131fb4efe35,434,2023-05-09T05:32:12.611556+01:00,unclassified,rabv_ea,11923,956,1337,366,373,RABV_EA
ec9463cc-41a8-401a-ab76-816e613234c1,474,2023-05-09T05:32:10.611556+01:00,unclassified,rabv_ea,11923,4896,5276,343,367,RABV_EA
8dda49d7-685b-4d3e-bcfe-b94d647d2f1a,818,2023-05-09T05:32:15.611556+01:00,unclassified,?,11923,0,0,336,357,?
397ebbe7-3677-4712-ab0b-66b8324db797,507,2023-05-09T05:32:37.611556+01:00,unclassified,rabv_ea,11923,5198,5601,368,389,RABV_EA
3acb7d7a-2e77-4de9-8a01-459df4b187d9,474,2023-05-09T04:32:36.611556+01:00,unclassified,rabv_ea,11923,8929,9312,364,376,RABV_EA
8f5e46ba-b47f-4f94-8d2c-6f0b5667c05a,477,2023-05-09T04:32:40.611556+01:00,unclassified,rabv_ea,11923,8941,9319,370,374,RABV_EA
fddc304e-1816-4243-9879-020760bf7ff7,445,2023-05-09T04:33:08.611556+01:00,unclassified,rabv_ea,11923,941,1312,321,350,RABV_EA
5c6875a8-c8c6-49f1-9956-28da9a88aa04,479,2023-05-09T04:32:38.611556+01:00,unclassified,rabv_ea,11923,618,1018,393,395,RABV_EA
3a592328-9c78-47a6-ad3a-e6131655bc02,285,2023-05-09T05:32:10.611556+01:00,unclassified,rabv_ea,11923,10170,10372,188,200,RABV_EA
05421d62-6e8f-488a-86af-5e453cdcb800,825,2023-05-09T04:33:07.611556+01:00,unclassified,?,11923,0,0,345,364,?
ed27505b-c8f0-4f7d-a120-6330db50b4e0,5010,2023-05-09T04:32:58.611556+01:00,unclassified,?,11923,0,0,390,393,?
da1bef1d-7dd9-4ec4-9679-cdf232f2aa6e,481,2023-05-09T05:32:09.611556+01:00,unclassified,?,11923,0,0,192,206,?
190201f0-9d84-4655-af89-0f379b274502,1299,2023-05-09T05:32:06.611556+01:00,unclassified,?,11923,0,0,366,393,?
ec6ac033-b42c-4a3c-a4b8-0c2afb656e7f,874,2023-05-09T04:32:37.611556+01:00,unclassified,?,11923,0,0,368,380,?
6b8173f1-7562-4929-94db-0b437e499d58,440,2023-05-09T04:33:11.611556+01:00,unclassified,rabv_ea,11923,72,459,340,367,RABV_EA
e5656dc5-b862-4860-8e0f-b8315fb963e3,466,2023-05-09T04:32:38.611556+01:00,unclassified,rabv_ea,11923,1570,1958,352,377,RABV_EA
01526030-f242-4ce2-89b5-58594eddbe81,522,2023-05-09T04:32:37.611556+01:00,unclassified,rabv_ea,11923,11099,11494,359,385,RABV_EA
3c06d61a-2d50-4032-a15f-9228f3cf3930,545,2023-05-09T05:32:39.611556+01:00,unclassified,rabv_ea,11923,3396,3791,363,385,RABV_EA
3e2640b3-b0d3-4e25-8ba2-6b81199b69d1,231,2023-05-09T04:32:27.611556+01:00,unclassified,rabv_ea,11923,10164,10229,64,65,RABV_EA
1221737d-8d04-45a3-9a05-d21c13ab2d4c,844,2023-05-09T04:33:25.611556+01:00,unclassified,?,11923,0,0,349,372,?
55237f48-512e-4b05-bcb4-d3373b8c921d,518,2023-05-09T04:32:40.611556+01:00,unclassified,rabv_ea,11923,10172,10576,361,386,RABV_EA
de875427-0803-44af-b2e3-4afe63072d68,1260,2023-05-09T05:32:37.611556+01:00,unclassified,?,11923,0,0,600,651,?
478c5106-a2a4-4434-b779-3e711a90a51c,1142,2023-05-09T05:32:50.611556+01:00,unclassified,?,11923,0,0,401,406,?
af51b656-c848-4e18-9ab8-914ce27ef831,410,2023-05-09T05:32:51.611556+01:00,unclassified,rabv_ea,11923,11405,11796,351,370,RABV_EA
21d5c985-2829-4366-a108-b1ec552b2064,1467,2023-05-09T05:32:35.611556+01:00,unclassified,?,11923,0,0,374,379,?
0a72b853-0493-480f-bb18-71760c55d81e,1185,2023-05-09T04:33:28.611556+01:00,unclassified,?,11923,0,0,344,362,?
7a549b19-8143-4565-971c-03f2a36a95ed,1281,2023-05-09T05:32:49.611556+01:00,unclassified,?,11923,0,0,387,396,?
a873ed2e-cec9-4213-9f10-f639211038b1,201,2023-05-09T04:33:29.611556+01:00,unclassified,*,0,0,0,0,0,*
558bebf9-ef50-4a7d-bce7-8f86fc8986f3,791,2023-05-09T05:33:12.611556+01:00,unclassified,rabv_ea,11923,1622,1958,310,316,RABV_EA
7d2fcca4-6dbf-4699-b8a7-70aebdc6385f,1276,2023-05-09T05:32:50.611556+01:00,unclassified,?,11923,0,0,395,403,?
c06a2ddc-3763-499b-87c3-4f905cc91354,493,2023-05-09T04:32:38.611556+01:00,unclassified,rabv_ea,11923,8929,9310,368,374,RABV_EA
2e816751-a6cd-42b9-9cae-a21aefa8f878,1321,2023-05-09T05:32:49.611556+01:00,unclassified,?,11923,0,0,373,381,?
b31a4675-9d47-4bf8-bccd-4a0122b388c7,882,2023-05-09T04:32:35.611556+01:00,unclassified,?,11923,0,0,389,404,?
6d6b1f55-0d12-4668-9f21-ace173f7afb7,494,2023-05-09T05:32:57.611556+01:00,unclassified,rabv_ea,11923,6424,6808,356,367,RABV_EA
0e46b3ca-9773-4b62-961e-d0c59c6944d1,469,2023-05-09T05:33:12.611556+01:00,unclassified,rabv_ea,11923,5211,5608,371,386,RABV_EA
b3369f8e-84f3-4ba7-887c-45e978f6329c,256,2023-05-09T05:33:10.611556+01:00,unclassified,rabv_ea,11923,9163,9315,140,150,RABV_EA
c5185ef2-498b-4bde-9654-45daf7782203,468,2023-05-09T05:33:12.611556+01:00,unclassified,rabv_ea,11923,5196,5592,352,381,RABV_EA
c8734ac7-f35f-4e79-9ad2-2e41fc3ee175,451,2023-05-09T05:33:13.611556+01:00,unclassified,rabv_ea,11923,7703,8078,352,367,RABV_EA
7eccad05-8c0c-4f78-9af9-1945518674ae,514,2023-05-09T05:32:43.611556+01:00,unclassified,rabv_ea,11923,10164,10571,363,381,RABV_EA
724f7bd2-31bf-4890-86a0-9b0f15ac68e5,623,2023-05-09T05:32:58.611556+01:00,unclassified,?,11923,0,0,357,371,?
6fd243c1-6263-4a81-bf6e-28a6d5889549,447,2023-05-09T05:32:37.611556+01:00,unclassified,rabv_ea,11923,11109,11494,354,372,RABV_EA
423ec8d7-4c5e-4a59-a3a8-48889f541a9c,873,2023-05-09T05:33:08.611556+01:00,unclassified,?,11923,0,0,375,387,?
6001979e-ccfa-417d-8845-501cf99542f9,859,2023-05-09T05:32:57.611556+01:00,unclassified,?,11923,0,0,370,389,?
2762a57a-dc2c-4932-84e5-faaf2ad27927,997,2023-05-09T05:32:59.611556+01:00,unclassified,?,11923,0,0,349,363,?
a94a8ec7-08eb-40d3-9fc3-7b8d5e3771c3,614,2023-05-09T05:32:40.611556+01:00,unclassified,rabv_ea,11923,1588,1955,324,348,RABV_EA
fe5ed561-6e18-4c2a-9222-2b135f297207,1322,2023-05-09T05:32:48.611556+01:00,unclassified,?,11923,0,0,379,402,?
059fff8b-4ecf-459b-b4ef-73da38fb07ac,455,2023-05-09T05:32:39.611556+01:00,unclassified,rabv_ea,11923,1864,2246,342,363,RABV_EA
760739d3-710d-4c2f-b0ad-53488f459942,454,2023-05-09T04:33:17.611556+01:00,unclassified,rabv_ea,11923,5198,5595,344,372,RABV_EA
e49f1ced-c44d-41b3-8e80-312c81944958,477,2023-05-09T05:32:49.611556+01:00,unclassified,rabv_ea,11923,10164,10552,378,385,RABV_EA
8715f5e1-6168-4199-a0f3-936f572cb6ac,826,2023-05-09T05:32:36.611556+01:00,unclassified,?,11923,0,0,353,368,?
e280243b-7314-4a07-84c4-5b46b122dbd8,450,2023-05-09T05:33:00.611556+01:00,unclassified,rabv_ea,11923,1551,1942,364,379,RABV_EA
4336b281-6d6c-4d6f-981b-23c92aa42c7b,490,2023-05-09T05:32:56.611556+01:00,unclassified,rabv_ea,11923,11096,11489,361,376,RABV_EA
94c199b3-ba87-4228-bf2a-3a73d6af083e,459,2023-05-09T04:32:29.611556+01:00,unclassified,rabv_ea,11923,11115,11455,322,331,RABV_EA
3504ec61-88a2-4d95-9fc6-34eb3faf419d,1235,2023-05-09T05:32:14.611556+01:00,unclassified,?,11923,0,0,367,385,?
760cc677-c276-4666-8c15-54f7d6b418c1,528,2023-05-09T05:32:18.611556+01:00,unclassified,rabv_ea,11923,10164,10570,341,382,RABV_EA
5f66fbef-393e-442a-b9fa-29f3f1a1673d,337,2023-05-09T05:33:09.611556+01:00,unclassified,rabv_ea,11923,4525,4709,177,183,RABV_EA
caaa04c6-5170-4356-aaed-279e6c1a5c73,1637,2023-05-09T05:32:56.611556+01:00,unclassified,?,11923,0,0,360,382,?
4769d46b-29d3-408b-af68-e860a00c7908,909,2023-05-09T05:33:15.611556+01:00,unclassified,?,11923,0,0,376,381,?
cd50c45a-6fc8-47ed-b0b9-05050a558889,932,2023-05-09T05:32:58.611556+01:00,unclassified,?,11923,0,0,355,374,?
7de13907-4589-4b9f-9e59-61005b468242,471,2023-05-09T05:32:55.611556+01:00,unclassified,rabv_ea,11923,5212,5600,354,370,RABV_EA
86815eeb-cf8d-466d-b1c8-a6b49d037364,458,2023-05-09T05:32:54.611556+01:00,unclassified,rabv_ea,11923,1864,2249,361,379,RABV_EA
91c56c14-c4c5-4b0f-86e6-af8b5fcf584f,1349,2023-05-09T05:33:17.611556+01:00,unclassified,?,11923,0,0,369,393,?
3e660243-342f-417d-97a4-b463be3b72c3,630,2023-05-09T05:33:12.611556+01:00,unclassified,*,0,0,0,0,0,*
597b9416-32ec-4182-af61-8f881548991e,3233,2023-05-09T05:32:45.611556+01:00,unclassified,?,11923,0,0,369,390,?
9651dda3-5a1d-4c9b-ad69-c63236076c68,445,2023-05-09T05:32:55.611556+01:00,unclassified,rabv_ea,11923,7703,8068,347,355,RABV_EA
62ed8a0f-c3d3-46cc-97d1-26d687c88c10,461,2023-05-09T05:32:17.611556+01:00,unclassified,rabv_ea,11923,9851,10246,369,379,RABV_EA
f9706841-ed8d-4cce-a70c-a35046233926,475,2023-05-09T05:33:16.611556+01:00,unclassified,rabv_ea,11923,7706,8041,310,324,RABV_EA
4e8d002c-f1ac-4733-9149-7725d67dc4cf,470,2023-05-09T05:33:13.611556+01:00,unclassified,rabv_ea,11923,10164,10560,347,380,RABV_EA
3fd9522e-07bd-4da2-b876-91c2e6310306,441,2023-05-09T05:32:53.611556+01:00,unclassified,rabv_ea,11923,5842,6223,341,356,RABV_EA
3f5befd5-e0c6-432b-b981-7637871c460b,861,2023-05-09T05:32:17.611556+01:00,unclassified,?,11923,0,0,359,384,?
66b3693a-fa50-4486-89ed-f3a23db3e06b,903,2023-05-09T05:32:15.611556+01:00,unclassified,?,11923,0,0,365,382,?
2e628020-a622-4958-8205-eaa010a5bc92,468,2023-05-09T05:33:17.611556+01:00,unclassified,rabv_ea,11923,10170,10562,351,372,RABV_EA
990a8a4d-bf13-46e9-8348-2b73f33c751c,478,2023-05-09T05:33:06.611556+01:00,unclassified,rabv_ea,11923,9871,10260,356,375,RABV_EA
1a296f48-6cd7-469c-9343-124e560555f8,856,2023-05-09T05:32:54.611556+01:00,unclassified,?,11923,0,0,369,383,?
c20854e9-5f5a-4ffa-b80b-0a6672e75239,855,2023-05-09T05:33:18.611556+01:00,unclassified,?,11923,0,0,360,385,?
2130c8d5-b0b2-4e58-ad8b-1a8b44ab9c60,850,2023-05-09T04:33:06.611556+01:00,unclassified,?,11923,0,0,350,370,?
347ba88b-7d01-4d96-b8e6-f5aaa6155fb5,1202,2023-05-09T04:32:23.611556+01:00,unclassified,rabv_ea,11923,1580,1958,314,331,RABV_EA
4aa47bab-bc32-4b0d-8550-afd5c6cff26d,459,2023-05-09T04:33:10.611556+01:00,unclassified,rabv_ea,11923,10164,10559,365,380,RABV_EA
6ee9e310-7889-42f7-b3c5-3147fa27781e,889,2023-05-09T05:32:31.611556+01:00,unclassified,?,11923,0,0,397,410,?
d607e299-b580-4461-9ec3-6042b69dfe2e,515,2023-05-09T05:33:21.611556+01:00,unclassified,rabv_ea,11923,9856,10263,379,390,RABV_EA
86842c6f-183b-449f-9dd2-6e6aa0484d10,737,2023-05-09T05:32:25.611556+01:00,unclassified,?,11923,0,0,362,367,?
7196ffe1-21f2-48c5-a978-7c0b7b464c38,458,2023-05-09T05:32:18.611556+01:00,unclassified,rabv_ea,11923,7084,7467,337,362,RABV_EA
f25b28f7-377a-40cb-856d-ca06a314c555,462,2023-05-09T04:33:03.611556+01:00,unclassified,rabv_ea,11923,2733,3134,364,386,RABV_EA
4bc4a4e3-323e-4ef8-b2b4-8d9798cceb2a,861,2023-05-09T05:32:54.611556+01:00,unclassified,?,11923,0,0,353,379,?
43eec778-8520-4480-80ac-c9f90e3040cd,1320,2023-05-09T05:33:10.611556+01:00,unclassified,?,11923,0,0,382,396,?
6f393bab-1298-444f-8f9e-83cca26b4f21,849,2023-05-09T05:32:30.611556+01:00,unclassified,?,11923,0,0,351,365,?
98615fdc-4f73-431a-9bbd-ca0dfe6d5219,464,2023-05-09T05:32:54.611556+01:00,unclassified,rabv_ea,11923,3062,3455,353,374,RABV_EA
83265042-a3b5-4e8e-bb71-d30c1d4c4e2e,460,2023-05-09T05:32:16.611556+01:00,unclassified,rabv_ea,11923,11406,11796,360,381,RABV_EA
b60d7222-4617-4d22-9659-bc9b30420414,474,2023-05-09T05:33:11.611556+01:00,unclassified,rabv_ea,11923,3048,3458,385,403,RABV_EA
e74761e4-1a70-43fe-b07c-b2cb69f62ed8,1540,2023-05-09T05:33:03.611556+01:00,unclassified,?,11923,0,0,658,686,?
5cf12d2b-c295-4810-97a2-a8552e579e8c,450,2023-05-09T05:33:06.611556+01:00,unclassified,rabv_ea,11923,7694,8064,362,366,RABV_EA
2c8c9211-d99a-4d90-bb20-4ba2e41ac873,535,2023-05-09T05:33:15.611556+01:00,unclassified,rabv_ea,11923,10164,10570,365,383,RABV_EA
b1e41ecf-fd0f-4272-889d-af2c55a37abf,480,2023-05-09T05:33:14.611556+01:00,unclassified,rabv_ea,11923,10172,10563,373,384,RABV_EA
fac0796b-2407-4bb5-9920-86423e40ec4a,447,2023-05-09T04:33:07.611556+01:00,unclassified,rabv_ea,11923,7690,8061,349,363,RABV_EA
3683206e-e7e0-4d54-9a5b-b2e5b8d23c1e,459,2023-05-09T05:33:14.611556+01:00,unclassified,*,0,0,0,0,0,*
63b259ed-1561-40d4-a5d5-ed60ba57819a,452,2023-05-09T04:33:03.611556+01:00,unclassified,rabv_ea,11923,1618,1958,321,329,RABV_EA
2193b4dc-da79-45c2-b36f-d0f54ff18b0b,1311,2023-05-09T05:33:04.611556+01:00,unclassified,?,11923,0,0,371,380,?
ee4130e4-ea98-4539-bd6d-999ad276e06f,1505,2023-05-09T05:32:24.611556+01:00,unclassified,?,11923,0,0,381,390,?
ffca4f4a-2562-4e09-845b-1427af9ef38f,582,2023-05-09T05:32:24.611556+01:00,unclassified,?,11923,0,0,380,402,?
45c1869e-ddb7-4c1a-bc06-2dbfbaa14a3f,492,2023-05-09T05:32:24.611556+01:00,unclassified,rabv_ea,11923,7690,8081,368,381,RABV_EA
5dd05e6f-ffbe-40ab-b236-16bfa5ba9c6b,451,2023-05-09T04:33:09.611556+01:00,unclassified,rabv_ea,11923,10170,10562,357,375,RABV_EA
dbc7cb12-feee-41ff-a583-6ea2beb8da82,460,2023-05-09T05:33:17.611556+01:00,unclassified,rabv_ea,11923,10164,10562,359,380,RABV_EA
9891da84-fe4b-4e0d-82d7-7ecfe18aaf29,456,2023-05-09T05:33:02.611556+01:00,unclassified,rabv_ea,11923,11407,11796,341,372,RABV_EA
72e3641b-0cff-48b9-897c-a5ac41d9f29b,530,2023-05-09T05:33:01.611556+01:00,unclassified,rabv_ea,11923,3383,3791,381,397,RABV_EA
b55343fe-c780-451a-af06-85dc9656ccee,873,2023-05-09T05:33:18.611556+01:00,unclassified,?,11923,0,0,377,393,?
7fe1c2fd-6de7-42c7-8c68-46c5727766ef,872,2023-05-09T04:32:38.611556+01:00,unclassified,?,11923,0,0,377,391,?
d27c9f55-fe23-48fd-ba66-812536801b1c,933,2023-05-09T04:32:36.611556+01:00,unclassified,?,11923,0,0,395,413,?
7b180f80-8e4a-4c64-b865-0e420d4b9226,1175,2023-05-09T05:33:07.611556+01:00,unclassified,?,11923,0,0,360,378,?
52fde020-ec20-49c4-b65e-808b5c38464f,442,2023-05-09T04:32:39.611556+01:00,unclassified,rabv_ea,11923,11109,11494,334,355,RABV_EA
9ab8393e-487e-4d8d-9544-82f900beb477,510,2023-05-09T05:32:25.611556+01:00,unclassified,rabv_ea,11923,10178,10558,333,346,RABV_EA
73b30724-6fb6-4f6d-b5b7-583c6baac698,1513,2023-05-09T04:32:36.611556+01:00,unclassified,?,11923,0,0,350,378,?
fb8c8501-8f63-427b-a61c-b4bfe88c0834,458,2023-05-09T05:33:10.611556+01:00,unclassified,rabv_ea,11923,3062,3451,341,370,RABV_EA
1663cc3f-4350-4c11-8021-5bf5c6aa17f1,409,2023-05-09T05:32:26.611556+01:00,unclassified,rabv_ea,11923,4187,4422,230,234,RABV_EA
9574bc7c-1b0c-49a7-9614-c08e8d796bcf,1294,2023-05-09T05:33:00.611556+01:00,unclassified,?,11923,0,0,394,401,?
82da0910-b40d-4380-9d64-5f2f10fdee20,1747,2023-05-09T05:32:46.611556+01:00,unclassified,?,11923,0,0,380,390,?
8f3d21d5-2905-40eb-af99-322580e9cd2a,478,2023-05-09T05:32:49.611556+01:00,unclassified,rabv_ea,11923,10164,10556,359,372,RABV_EA
ee64bd72-ab94-41c0-9b8f-ad1b1d15d4c9,513,2023-05-09T05:32:52.611556+01:00,unclassified,rabv_ea,11923,7690,8080,355,365,RABV_EA
0fe2a533-e13c-41d4-aeb3-fde25eb276ea,847,2023-05-09T05:33:24.611556+01:00,unclassified,?,11923,0,0,341,359,?
cbb2f2c1-a47b-4b17-b0ad-2fcdb79ba5f0,956,2023-05-09T05:33:22.611556+01:00,unclassified,?,11923,0,0,382,399,?
dc9282d5-6d7c-4980-9c43-53131a7f4bbc,498,2023-05-09T05:33:18.611556+01:00,unclassified,rabv_ea,11923,7690,8081,358,369,RABV_EA
d68ff0d4-ff33-436c-b9dc-aa187de06bab,455,2023-05-09T05:33:19.611556+01:00,unclassified,rabv_ea,11923,11110,11494,363,376,RABV_EA
c8022998-5ed8-4d75-b3f1-4e194d20854f,1303,2023-05-09T05:33:00.611556+01:00,unclassified,?,11923,0,0,380,395,?
48757a1e-a141-4dcf-9fea-2d2655a04c59,448,2023-05-09T04:32:25.611556+01:00,unclassified,rabv_ea,11923,7705,8081,364,371,RABV_EA
a5e75c9a-8c2c-42f5-938b-52682af1ab73,2848,2023-05-09T04:32:21.611556+01:00,unclassified,?,11923,0,0,379,391,?
c76638c8-a675-4b1d-839c-86d6ec782797,472,2023-05-09T05:33:27.611556+01:00,unclassified,rabv_ea,11923,9851,10239,354,371,RABV_EA
6425fb8e-5f94-4dd0-8dff-0d02d0d11328,350,2023-05-09T04:32:26.611556+01:00,unclassified,rabv_ea,11923,1659,1958,259,274,RABV_EA
204cfd22-73b4-4229-ad7b-e72e2feebdb9,2512,2023-05-09T05:32:58.611556+01:00,unclassified,?,11923,0,0,378,383,?
3401af06-2046-4d75-a3db-c830d7ebfd05,839,2023-05-09T05:33:17.611556+01:00,unclassified,?,11923,0,0,386,396,?
a4f4c429-9d9b-4ee1-9072-b1255fed737e,890,2023-05-09T05:33:30.611556+01:00,unclassified,?,11923,0,0,378,392,?
038e355b-f5a7-49d5-b99c-b3e47c135d97,1285,2023-05-09T04:32:33.611556+01:00,unclassified,?,11923,0,0,373,383,?
20b73b12-f1d9-4aad-bc13-0123130cd553,868,2023-05-09T05:33:17.611556+01:00,unclassified,?,11923,0,0,350,362,?
25681302-f976-41e5-8521-4033323be88f,446,2023-05-09T05:33:21.611556+01:00,unclassified,rabv_ea,11923,1561,1941,335,357,RABV_EA
3e3b7684-22b6-4579-bbf0-7320e604f44a,865,2023-05-09T05:33:17.611556+01:00,unclassified,?,11923,0,0,366,384,?
98fbc9fd-75a9-498f-a5ee-59d2db30d793,2519,2023-05-09T05:33:22.611556+01:00,unclassified,?,11923,0,0,378,385,?
94b4d9f3-1284-402d-b1d4-be9a75357f8d,896,2023-05-09T05:32:51.611556+01:00,unclassified,?,11923,0,0,377,387,?
abb28672-5489-4106-854b-00339d17302e,461,2023-05-09T05:33:28.611556+01:00,unclassified,rabv_ea,11923,1554,1939,356,374,RABV_EA
5d2cb465-0f48-4da5-bed2-5bda574a890e,931,2023-05-09T05:33:29.611556+01:00,unclassified,?,11923,0,0,392,395,?
5804fcd5-d368-4e48-8f1a-9447d8b9eb8e,845,2023-05-09T05:33:25.611556+01:00,unclassified,?,11923,0,0,368,374,?
19b4c04f-2553-4cef-92e0-b7e874b5a1da,600,2023-05-09T04:32:29.611556+01:00,unclassified,rabv_ea,11923,10170,10576,370,393,RABV_EA
cb26b1d8-8ab4-46fc-b2d2-f6c61c42c9b0,997,2023-05-09T04:32:26.611556+01:00,unclassified,?,11923,0,0,322,330,?
a98493cf-0c90-4390-9483-99ae721dd522,913,2023-05-09T04:32:28.611556+01:00,unclassified,?,11923,0,0,376,391,?
c8524284-5c22-460d-8201-c3a2ed31a9e5,449,2023-05-09T04:32:36.611556+01:00,unclassified,rabv_ea,11923,1569,1958,375,377,RABV_EA
874f42bf-27df-4026-bd4a-812573d7afef,885,2023-05-09T04:32:38.611556+01:00,unclassified,?,11923,0,0,384,407,?
69599a8b-7ea3-43d3-8a37-5255611f6dd2,465,2023-05-09T04:32:25.611556+01:00,unclassified,rabv_ea,11923,5217,5588,343,361,RABV_EA
2254ceee-de6d-4465-a7b9-c543bb50d78d,1148,2023-05-09T05:33:19.611556+01:00,unclassified,?,11923,0,0,373,398,?
7d8e1384-b6f2-4db1-90c5-56f659b9604f,556,2023-05-09T05:32:46.611556+01:00,unclassified,rabv_ea,11923,10182,10576,359,387,RABV_EA
fee7acf9-f930-4cf4-9847-b616cec90694,945,2023-05-09T05:33:33.611556+01:00,unclassified,?,11923,0,0,360,376,?
6cba1200-c027-4e12-b4bb-27f2cf5be6bf,523,2023-05-09T05:33:32.611556+01:00,unclassified,rabv_ea,11923,8935,9325,355,372,RABV_EA
5790377d-95c1-4620-a315-d2543b0bdc8c,865,2023-05-09T05:33:29.611556+01:00,unclassified,?,11923,0,0,368,389,?
b60e13da-6bd2-4ab6-8d43-d4a873dcf84e,861,2023-05-09T05:33:38.611556+01:00,unclassified,?,11923,0,0,343,374,?
841c8c3c-3292-4cb2-bb4f-334df5b3b57b,854,2023-05-09T05:33:33.611556+01:00,unclassified,?,11923,0,0,345,373,?
0dfad626-8cf0-404b-b490-4ac1a23be949,858,2023-05-09T05:33:48.611556+01:00,unclassified,?,11923,0,0,394,399,?
a9e6fd8e-71a6-48e6-99b0-916840c8379c,457,2023-05-09T05:32:46.611556+01:00,unclassified,rabv_ea,11923,5211,5608,376,382,RABV_EA
d8dbfff6-6fc9-470d-8a00-4fc9493e759c,421,2023-05-09T05:33:39.611556+01:00,unclassified,rabv_ea,11923,7728,8079,323,340,RABV_EA
99c46418-8cbc-4dfd-9bbd-2638674deada,682,2023-05-09T04:32:19.611556+01:00,unclassified,?,11923,0,0,348,366,?
b21ae523-a53d-4628-9f1b-8facd4703ed9,414,2023-05-09T05:32:47.611556+01:00,unclassified,rabv_ea,11923,9112,9320,185,205,RABV_EA
d5ffaac5-bc55-40c2-9be4-fede1fa984bc,1238,2023-05-09T04:32:05.611556+01:00,unclassified,?,11923,0,0,365,385,?
6f8ebb03-32cf-4a55-b5b8-a05093246f65,447,2023-05-09T04:32:35.611556+01:00,unclassified,rabv_ea,11923,1561,1942,349,360,RABV_EA
319042e9-a535-44a4-a994-dd424ba5366e,457,2023-05-09T04:32:04.611556+01:00,unclassified,rabv_ea,11923,73,459,356,372,RABV_EA
87472d4d-bc89-45c8-8941-e1677c08993e,1260,2023-05-09T05:33:44.611556+01:00,unclassified,?,11923,0,0,373,387,?
862c2128-7eb2-45a1-b9c2-c3adb23b3aec,468,2023-05-09T04:32:03.611556+01:00,unclassified,rabv_ea,11923,10172,10561,358,379,RABV_EA
50ba9d25-6bf5-4456-ba8d-7b920353808c,458,2023-05-09T05:33:35.611556+01:00,unclassified,rabv_ea,11923,9851,10244,350,372,RABV_EA
0b10dcaa-48e9-484b-992c-8d15e1fa6e28,1158,2023-05-09T05:33:34.611556+01:00,unclassified,?,11923,0,0,361,388,?
343101fc-45f1-46a4-afae-6929bf848513,471,2023-05-09T05:33:25.611556+01:00,unclassified,rabv_ea,11923,3406,3791,353,381,RABV_EA
996e5911-c623-47a8-9c0f-49d8d7641dfc,858,2023-05-09T04:32:37.611556+01:00,unclassified,?,11923,0,0,382,389,?
a58e6a43-4c53-442d-8f37-2bfbec8e709e,865,2023-05-09T04:32:37.611556+01:00,unclassified,?,11923,0,0,364,371,?
f5583d68-cc99-48ec-922c-294f9b7f481c,911,2023-05-09T05:33:48.611556+01:00,unclassified,?,11923,0,0,343,363,?
3326d896-a97b-46ef-b730-252215fa08e5,497,2023-05-09T04:32:37.611556+01:00,unclassified,?,11923,0,0,176,193,?
8e45c4b3-f59d-4fee-8568-6e4c11a71097,850,2023-05-09T05:33:48.611556+01:00,unclassified,?,11923,0,0,351,359,?
e477a36a-e4d3-4e15-b1da-892ca1f506d7,459,2023-05-09T04:32:03.611556+01:00,unclassified,rabv_ea,11923,1565,1956,364,377,RABV_EA
ad09cd5a-7246-4fc8-98b9-a32941892b7b,873,2023-05-09T04:31:54.611556+01:00,unclassified,?,11923,0,0,376,390,?
32839d33-d74a-4acd-a1b2-6c6d59831cf1,836,2023-05-09T05:33:40.611556+01:00,unclassified,?,11923,0,0,363,373,?
33ec9cff-6b5d-4fa3-a2c9-cac62661097c,1579,2023-05-09T05:33:36.611556+01:00,unclassified,?,11923,0,0,374,383,?
f188fc25-d811-4d1d-a3fd-be62879691e6,753,2023-05-09T05:33:38.611556+01:00,unclassified,?,11923,0,0,368,380,?
e80e2ee6-9660-49c7-9435-f6a1e01df4ef,390,2023-05-09T05:33:26.611556+01:00,unclassified,rabv_ea,11923,9542,9925,355,374,RABV_EA
8906c5db-1167-4b30-a36b-1a953d544802,838,2023-05-09T05:33:23.611556+01:00,unclassified,?,11923,0,0,334,355,?
34252423-5ab4-485e-a43b-a49f8f30cf87,433,2023-05-09T05:33:41.611556+01:00,unclassified,rabv_ea,11923,7714,8082,338,353,RABV_EA
c9aecf27-a317-4b56-af08-8dcdbdcbe85b,383,2023-05-09T05:34:09.611556+01:00,unclassified,rabv_ea,11923,11191,11483,271,286,RABV_EA
57a7d201-2078-469b-8c9f-369cb729be6a,533,2023-05-09T04:31:53.611556+01:00,unclassified,rabv_ea,11923,10164,10580,387,413,RABV_EA
1e879e1a-e289-4a13-a3b9-51dcc5039ee3,1690,2023-05-09T05:33:37.611556+01:00,unclassified,?,11923,0,0,386,404,?
08daacca-a676-4966-8ea9-6e0ea7525663,446,2023-05-09T05:33:41.611556+01:00,unclassified,rabv_ea,11923,11391,11781,338,363,RABV_EA
84a2e11f-3810-4a01-98da-8634d96bf597,914,2023-05-09T05:33:38.611556+01:00,unclassified,?,11923,0,0,385,396,?
4fc1e1e5-330b-4384-a4e3-14316d251b8d,442,2023-05-09T05:33:35.611556+01:00,unclassified,rabv_ea,11923,4908,5298,364,380,RABV_EA
053f7fd1-7f01-4f15-af69-f1dfd8fb5795,1741,2023-05-09T04:31:50.611556+01:00,unclassified,?,11923,0,0,360,371,?
d734dd35-cb2d-4d87-93f9-abbc33697687,505,2023-05-09T05:33:24.611556+01:00,unclassified,rabv_ea,11923,8927,9297,338,353,RABV_EA
5cf283e0-c55a-487b-bee1-d4527fecef82,1129,2023-05-09T05:34:05.611556+01:00,unclassified,?,11923,0,0,383,404,?
eabc152e-a5d2-4254-b338-04458ed17084,817,2023-05-09T04:31:55.611556+01:00,unclassified,?,11923,0,0,326,346,?
7cb70eb0-98f5-46a7-8108-df8aa8ed49ba,860,2023-05-09T05:34:09.611556+01:00,unclassified,?,11923,0,0,372,389,?
fe1301e8-c9fd-4a2a-9b7d-b3d54eedc73a,1284,2023-05-09T05:33:59.611556+01:00,unclassified,?,11923,0,0,379,399,?
3aacec5b-1aa4-470d-a5d5-b31b08412a78,466,2023-05-09T05:34:02.611556+01:00,unclassified,rabv_ea,11923,10164,10564,372,387,RABV_EA
40b32fc2-29c3-42e6-bc57-40385b09e567,1088,2023-05-09T05:34:06.611556+01:00,unclassified,?,11923,0,0,370,387,?
d00d3f73-a606-4b44-868b-284d52fe5c2d,336,2023-05-09T05:34:08.611556+01:00,unclassified,rabv_ea,11923,4187,4422,221,229,RABV_EA
5ef1edbc-b754-484b-a216-8216b338748e,499,2023-05-09T05:33:38.611556+01:00,unclassified,rabv_ea,11923,10164,10561,363,380,RABV_EA
1b5c6c35-7d1f-4f54-930a-f4c3f497775e,833,2023-05-09T05:34:00.611556+01:00,unclassified,rabv_ea,11923,1864,2816,685,730,RABV_EA
2dd1c5c9-9be5-4c60-9414-bda52e669c7f,1745,2023-05-09T04:31:51.611556+01:00,unclassified,?,11923,0,0,374,400,?
d0dc35fd-828b-4667-b6ba-d509b7e7a3ef,1257,2023-05-09T05:34:08.611556+01:00,unclassified,?,11923,0,0,371,397,?
07b41da5-79f6-4f5b-aa9a-b1fb45342e7e,369,2023-05-09T04:32:29.611556+01:00,unclassified,rabv_ea,11923,10097,10261,158,161,RABV_EA
4ce3244e-93aa-4f0d-a9da-d19e2cf7bb03,500,2023-05-09T04:31:44.611556+01:00,unclassified,rabv_ea,11923,10164,10575,363,390,RABV_EA
b53b178a-6487-4ede-9c5b-7c2f5ab510f1,462,2023-05-09T04:31:54.611556+01:00,unclassified,rabv_ea,11923,5846,6223,353,360,RABV_EA
f0760a72-bc95-4829-8850-266935697ad6,793,2023-05-09T05:33:29.611556+01:00,unclassified,?,11923,0,0,311,333,?
3f3d96a5-f172-44eb-b58f-e9942fe9fbae,436,2023-05-09T04:31:40.611556+01:00,unclassified,rabv_ea,11923,10164,10561,343,362,RABV_EA
f9b890f5-6993-4649-8148-3ed0f978269e,1635,2023-05-09T05:33:19.611556+01:00,unclassified,?,11923,0,0,376,392,?
589723cd-b1b9-4c78-8ed4-88f35432f326,710,2023-05-09T05:34:00.611556+01:00,unclassified,?,11923,0,0,369,385,?
f1f54da0-0607-4e7f-a49e-52d91e0a88cd,508,2023-05-09T05:33:57.611556+01:00,unclassified,rabv_ea,11923,3394,3797,368,391,RABV_EA
f106a7d6-9a3a-41fb-b578-0dc309b1511b,488,2023-05-09T05:33:55.611556+01:00,unclassified,rabv_ea,11923,4637,5036,349,385,RABV_EA
d5a3c223-1ec9-4993-a684-c827b9f7fe12,1312,2023-05-09T05:34:31.611556+01:00,unclassified,?,11923,0,0,382,396,?
1c0b65f9-c698-4c35-b469-9e103f5515cf,436,2023-05-09T05:33:53.611556+01:00,unclassified,rabv_ea,11923,2448,2813,334,348,RABV_EA
1e1256ba-8ccf-4908-a5fc-ffa9969caaae,902,2023-05-09T05:33:34.611556+01:00,unclassified,?,11923,0,0,394,403,?
c7394db2-1e75-4b7e-8106-0ac6ab9bdd58,368,2023-05-09T05:33:36.611556+01:00,unclassified,*,0,0,0,0,0,*
0c24828c-f9cc-4e70-b762-3968c61b29b9,464,2023-05-09T05:33:24.611556+01:00,unclassified,rabv_ea,11923,7075,7467,368,375,RABV_EA
e967044e-a272-464d-8dc1-d3a8a9a7b9c5,508,2023-05-09T04:32:29.611556+01:00,unclassified,rabv_ea,11923,7690,8081,375,382,RABV_EA
b588a51d-61f1-44ac-b02e-22d5f8793336,514,2023-05-09T05:33:22.611556+01:00,unclassified,rabv_ea,11923,7693,8078,366,377,RABV_EA
6018abe3-8d1c-40d9-9a6f-f99b3ce63262,854,2023-05-09T05:33:24.611556+01:00,unclassified,?,11923,0,0,364,389,?
230fcd1d-8de2-4e0f-aa58-f2b6435a9396,870,2023-05-09T05:33:35.611556+01:00,unclassified,?,11923,0,0,356,371,?
27cbeea3-1081-493e-a722-80b770a85b7b,1267,2023-05-09T05:33:56.611556+01:00,unclassified,?,11923,0,0,367,395,?
21a106e6-6c52-4c86-ad7e-376d7125d89b,596,2023-05-09T05:34:23.611556+01:00,unclassified,rabv_ea,11923,10166,10570,363,389,RABV_EA
78889751-cffb-4330-bce1-66160ba3f134,960,2023-05-09T05:33:51.611556+01:00,unclassified,?,11923,0,0,329,346,?
e24fef52-eb7d-41e4-91df-ad6957dc9860,1266,2023-05-09T05:33:49.611556+01:00,unclassified,?,11923,0,0,388,397,?
6c69bb4f-5e2d-4ba6-99a4-177c0ec894b7,477,2023-05-09T04:32:25.611556+01:00,unclassified,rabv_ea,11923,2747,3149,378,395,RABV_EA
7b61cd18-8ab6-40af-a32a-1648d89b7c4b,874,2023-05-09T05:33:52.611556+01:00,unclassified,?,11923,0,0,362,396,?
28705d5f-c26d-47b5-a15b-ebe58c3e4d42,306,2023-05-09T05:34:16.611556+01:00,unclassified,rabv_ea,11923,9106,9320,188,202,RABV_EA
af7b0f6e-3588-448b-93c6-f6ec68257771,469,2023-05-09T05:34:36.611556+01:00,unclassified,rabv_ea,11923,1565,1958,359,381,RABV_EA
c73087b8-5d3b-49fe-8d4e-a17d336ffea2,887,2023-05-09T05:34:14.611556+01:00,unclassified,?,11923,0,0,395,405,?
917411e3-3f46-4db8-b27a-9f8607a64538,1249,2023-05-09T05:34:15.611556+01:00,unclassified,?,11923,0,0,389,407,?
d82acc16-7886-4727-b541-acf30c93acf8,465,2023-05-09T05:33:49.611556+01:00,unclassified,rabv_ea,11923,4894,5285,362,376,RABV_EA
a10c621b-cc20-4f47-aae3-508770348258,885,2023-05-09T05:33:33.611556+01:00,unclassified,?,11923,0,0,369,382,?
3c3fa025-1f04-4bda-9d4d-9c55148db86c,445,2023-05-09T05:33:43.611556+01:00,unclassified,rabv_ea,11923,319,688,311,352,RABV_EA
afc06c14-7a12-4a0e-a246-4a8980a69e23,858,2023-05-09T04:31:18.611556+01:00,unclassified,?,11923,0,0,369,388,?
d38c993b-e041-4a11-bcd6-3fa966664dde,464,2023-05-09T05:33:54.611556+01:00,unclassified,rabv_ea,11923,3402,3776,336,361,RABV_EA
8e9101b3-059c-47b8-b83e-4ac7a12e117e,851,2023-05-09T05:33:53.611556+01:00,unclassified,?,11923,0,0,362,389,?
675847b8-2e00-480b-b48b-b3336779b52d,445,2023-05-09T05:33:53.611556+01:00,unclassified,rabv_ea,11923,5836,6223,336,366,RABV_EA
26fb5242-f2b3-40df-b7ea-f29c63da1f2d,461,2023-05-09T04:31:00.611556+01:00,unclassified,rabv_ea,11923,9851,10243,365,386,RABV_EA
5f8f3563-0ed1-4aad-85b0-abaec07bdaec,480,2023-05-09T04:31:00.611556+01:00,unclassified,rabv_ea,11923,4703,5036,318,327,RABV_EA
ae7a8537-48eb-48eb-9147-df5e138305ca,456,2023-05-09T04:30:57.611556+01:00,unclassified,rabv_ea,11923,7703,8081,357,372,RABV_EA
20f5114e-c24a-4668-8426-d9991ba4301d,348,2023-05-09T04:31:01.611556+01:00,unclassified,*,0,0,0,0,0,*
34d259ea-fd17-4111-9f01-c2cc4af22f6c,451,2023-05-09T05:33:46.611556+01:00,unclassified,rabv_ea,11923,9555,9930,357,367,RABV_EA
d0746dd3-88b7-4d99-a41d-aedd9bddec5e,503,2023-05-09T05:34:14.611556+01:00,unclassified,rabv_ea,11923,7690,8081,361,370,RABV_EA
61f5520a-ea27-4540-a04d-ed14d53fc474,541,2023-05-09T05:34:12.611556+01:00,unclassified,rabv_ea,11923,10187,10576,359,372,RABV_EA
c260fd0c-2465-4ee3-9cd9-616955edcd0f,469,2023-05-09T05:34:19.611556+01:00,unclassified,rabv_ea,11923,4647,5051,367,394,RABV_EA
18b1272d-6dc1-4066-9d62-8477cf1e6e3b,521,2023-05-09T04:31:22.611556+01:00,unclassified,rabv_ea,11923,7693,8079,358,373,RABV_EA
54c9bbdb-5145-469c-bd3a-f5ab9624700f,454,2023-05-09T05:33:56.611556+01:00,unclassified,rabv_ea,11923,11392,11783,345,369,RABV_EA
a19d17e0-6649-423c-8184-8687d0126259,948,2023-05-09T05:33:56.611556+01:00,unclassified,?,11923,0,0,399,402,?
cef868ed-85d0-4690-9a0a-c59bb73396c4,1743,2023-05-09T05:33:52.611556+01:00,unclassified,?,11923,0,0,384,394,?
3bb3c3ec-f0cd-4a5d-ba05-5ed8137d6111,700,2023-05-09T05:33:43.611556+01:00,unclassified,rabv_ea,11923,9852,10263,381,399,RABV_EA
612af823-6f97-41cd-a75d-26983b872d25,472,2023-05-09T04:31:22.611556+01:00,unclassified,rabv_ea,11923,10170,10562,377,392,RABV_EA
127e19f1-2190-4c9f-9c2a-09f8256f74be,855,2023-05-09T04:31:19.611556+01:00,unclassified,?,11923,0,0,351,379,?
2acf97d5-1c79-4988-92a5-368dd4eebef0,1218,2023-05-09T04:31:20.611556+01:00,unclassified,?,11923,0,0,349,361,?
d0ff9ac2-4859-42f8-96c2-e5ae88b00b7b,880,2023-05-09T05:33:56.611556+01:00,unclassified,?,11923,0,0,369,395,?
c5ad9f6e-48ba-4c17-90fe-55c41b668a61,1218,2023-05-09T04:31:21.611556+01:00,unclassified,?,11923,0,0,319,335,?
27a698a0-a432-4493-af59-29e9e72c1c1d,1299,2023-05-09T04:31:17.611556+01:00,unclassified,?,11923,0,0,358,371,?
feb412f5-f84a-4587-bd6b-ab324556b919,370,2023-05-09T04:31:21.611556+01:00,unclassified,*,0,0,0,0,0,*
75b833f0-6eee-45ca-8bee-8bad5c21226d,1694,2023-05-09T05:34:42.611556+01:00,unclassified,?,11923,0,0,396,400,?
0715127d-373d-4c63-a3a3-2c56f090cee1,460,2023-05-09T04:31:21.611556+01:00,unclassified,rabv_ea,11923,319,695,333,365,RABV_EA
7e3b3181-d069-4322-bb0e-0cc96a5edeb4,466,2023-05-09T04:31:20.611556+01:00,unclassified,rabv_ea,11923,6425,6814,364,378,RABV_EA
0b1f3a01-d814-45e5-919b-8689ef29f490,448,2023-05-09T04:31:51.611556+01:00,unclassified,rabv_ea,11923,10166,10544,332,353,RABV_EA
436805bd-9f0c-4c3f-8abd-bc14b55b9427,914,2023-05-09T05:33:55.611556+01:00,unclassified,?,11923,0,0,322,346,?
2b92e9b1-bc0d-436c-8b3d-ba27b341ed53,457,2023-05-09T04:31:53.611556+01:00,unclassified,rabv_ea,11923,1566,1958,366,382,RABV_EA
d1bcf55f-6663-4ec6-893d-274e98d618e2,397,2023-05-09T05:33:52.611556+01:00,unclassified,rabv_ea,11923,9117,9325,186,200,RABV_EA
d1212cfe-5616-4510-b441-77355d2cd7d9,684,2023-05-09T05:33:36.611556+01:00,unclassified,?,11923,0,0,338,378,?
b55817ca-d2d7-4cbb-860d-7f81cb6e5e36,535,2023-05-09T04:31:00.611556+01:00,unclassified,rabv_ea,11923,10188,10570,326,354,RABV_EA
71831a3a-74ff-4732-aac9-aeb4cc5002a2,421,2023-05-09T05:34:06.611556+01:00,unclassified,rabv_ea,11923,7690,8018,283,291,RABV_EA
3dddf30d-c1ba-4865-a9f5-62b3971216d3,1025,2023-05-09T04:30:59.611556+01:00,unclassified,?,11923,0,0,388,405,?
1281befc-952a-4cfc-a83a-9a92dbf909a4,465,2023-05-09T04:31:20.611556+01:00,unclassified,rabv_ea,11923,1565,1940,334,353,RABV_EA
197b6355-1054-4cfd-ab75-e974b6017b01,462,2023-05-09T05:34:45.611556+01:00,unclassified,rabv_ea,11923,10179,10576,357,381,RABV_EA
4446df78-7827-40d7-8f38-326f08a0d4bc,853,2023-05-09T05:34:50.611556+01:00,unclassified,?,11923,0,0,355,374,?
cc224b79-1293-485f-bac3-ad597b57514b,459,2023-05-09T05:34:45.611556+01:00,unclassified,rabv_ea,11923,7715,8081,346,360,RABV_EA
000dddcb-2c83-437c-ab57-6bfa7745c51c,481,2023-05-09T05:34:06.611556+01:00,unclassified,rabv_ea,11923,10164,10579,383,398,RABV_EA
bbac1a0b-03a4-46d2-a388-81d2b6043265,886,2023-05-09T05:34:48.611556+01:00,unclassified,?,11923,0,0,357,371,?
0bb0cb25-985e-4aee-b108-3c70773624ea,1242,2023-05-09T05:34:48.611556+01:00,unclassified,?,11923,0,0,390,400,?
f897937d-2e5a-4ad4-ab26-f10dde3fae30,472,2023-05-09T05:34:49.611556+01:00,unclassified,rabv_ea,11923,9851,10248,365,381,RABV_EA
70818e78-3781-435d-b0e5-656f70521ef4,528,2023-05-09T05:34:17.611556+01:00,unclassified,rabv_ea,11923,1554,1958,360,378,RABV_EA
f9aedb3f-7f46-4522-a049-74962b35901c,507,2023-05-09T05:34:18.611556+01:00,unclassified,rabv_ea,11923,9854,10263,359,385,RABV_EA
d085387b-e497-4503-a441-a0d0c56d5868,848,2023-05-09T05:34:49.611556+01:00,unclassified,rabv_ea,11923,5213,6220,749,771,RABV_EA
f74ddd11-16b4-41b5-adef-581f57dcc597,567,2023-05-09T05:34:56.611556+01:00,unclassified,rabv_ea,11923,6424,6834,373,388,RABV_EA
7e22aee5-5cab-49b5-b225-bbb62ad51fef,274,2023-05-09T05:34:05.611556+01:00,unclassified,rabv_ea,11923,4339,4493,143,151,RABV_EA
309d3ab3-0181-490f-9e14-a053ec2513d9,502,2023-05-09T05:34:07.611556+01:00,unclassified,rabv_ea,11923,9852,10260,380,391,RABV_EA
cf05e135-a0c2-4276-b956-a16fca23ed97,245,2023-05-09T05:34:17.611556+01:00,unclassified,rabv_ea,11923,9233,9325,91,92,RABV_EA
b5b24edb-57f0-4629-9063-ee9487597141,1319,2023-05-09T05:34:11.611556+01:00,unclassified,?,11923,0,0,378,388,?
b7c66379-e530-4307-8cb0-926116c2968e,464,2023-05-09T05:34:15.611556+01:00,unclassified,rabv_ea,11923,5196,5593,359,377,RABV_EA
c83db989-ef93-40d9-b56e-6860e0dd50f9,436,2023-05-09T05:34:00.611556+01:00,unclassified,rabv_ea,11923,1864,2248,344,362,RABV_EA
c9a8e170-d522-47a5-8300-930884e7c5be,859,2023-05-09T05:33:58.611556+01:00,unclassified,?,11923,0,0,377,400,?
10d7a68b-b5da-49e7-84b6-05fc25ed4aa8,453,2023-05-09T05:34:48.611556+01:00,unclassified,rabv_ea,11923,11111,11484,345,359,RABV_EA
46f28d5d-b17c-4bca-822e-a64f9f23c97f,870,2023-05-09T05:34:39.611556+01:00,unclassified,rabv_ea,11923,1551,1958,375,396,RABV_EA
0101d70a-8b94-4cc1-9158-9e6bc1ad4a41,1210,2023-05-09T05:34:06.611556+01:00,unclassified,?,11923,0,0,337,363,?
b2172cc3-6f4b-4ec7-b1e0-38c2a24b2075,478,2023-05-09T05:34:48.611556+01:00,unclassified,rabv_ea,11923,7725,8081,333,343,RABV_EA
a55f7b1e-2577-4813-a94e-34d4034706b4,927,2023-05-09T04:30:58.611556+01:00,unclassified,?,11923,0,0,379,393,?
a8fd3d92-46d3-4ef4-a5ca-0dee58d94d6a,298,2023-05-09T05:34:51.611556+01:00,unclassified,rabv_ea,11923,1106,1333,207,220,RABV_EA
3c50eda5-4f91-451a-bec0-24e5febffd3d,485,2023-05-09T05:34:43.611556+01:00,unclassified,rabv_ea,11923,3072,3455,355,373,RABV_EA
18b6ab28-f217-4069-9295-0b0f449e51f5,467,2023-05-09T04:30:56.611556+01:00,unclassified,rabv_ea,11923,10192,10570,343,358,RABV_EA
4841bb79-8256-40f4-9d87-5e945d6c1959,463,2023-05-09T05:34:15.611556+01:00,unclassified,rabv_ea,11923,9851,10247,378,386,RABV_EA
2c09299f-5d9e-4ed8-8ba9-4b7a8e46ccf8,333,2023-05-09T05:34:59.611556+01:00,unclassified,rabv_ea,11923,4190,4422,213,225,RABV_EA
3da52fa5-616f-4587-831d-bfe982c89a39,438,2023-05-09T05:34:17.611556+01:00,unclassified,rabv_ea,11923,7693,8061,341,349,RABV_EA
97836c2a-e2b0-4888-898b-c4667f546b01,925,2023-05-09T05:34:42.611556+01:00,unclassified,rabv_ea,11923,3049,3791,635,693,RABV_EA
91b7b9a9-5992-4960-a7b9-a5a9a579336e,900,2023-05-09T05:34:40.611556+01:00,unclassified,?,11923,0,0,374,387,?
c2378517-7145-4cee-984b-df0cd890bacf,365,2023-05-09T05:34:03.611556+01:00,unclassified,*,0,0,0,0,0,*
86283c08-0d3e-4c9f-907f-a6ad42694060,293,2023-05-09T05:34:02.611556+01:00,unclassified,rabv_ea,11923,5198,5413,207,213,RABV_EA
02d26329-2aba-43cf-81aa-5c118f879fe9,533,2023-05-09T05:33:59.611556+01:00,unclassified,rabv_ea,11923,10164,10532,334,361,RABV_EA
2de29e6f-d4ab-465c-b90e-aedab7b25785,800,2023-05-09T05:34:38.611556+01:00,unclassified,?,11923,0,0,346,358,?
7671072f-c074-44fc-b2ac-21993cbea153,548,2023-05-09T05:34:22.611556+01:00,unclassified,rabv_ea,11923,3983,4422,414,431,RABV_EA
c11c55b5-8c10-47b7-846e-a2597c2901aa,2412,2023-05-09T05:34:15.611556+01:00,unclassified,?,11923,0,0,370,396,?
fe337ff0-d966-4c19-89e8-1f61fcba0f45,232,2023-05-09T05:34:24.611556+01:00,unclassified,*,0,0,0,0,0,*
49820f45-c1ec-428b-96c6-21403d3063d6,856,2023-05-09T05:34:51.611556+01:00,unclassified,?,11923,0,0,364,380,?
c86ef7b6-e0d2-417f-a49f-7c65adc868e0,434,2023-05-09T04:30:36.611556+01:00,unclassified,?,11923,0,0,255,265,?
e330926c-41f6-439b-95cd-b62ee5a581de,459,2023-05-09T05:34:41.611556+01:00,unclassified,rabv_ea,11923,7075,7471,359,373,RABV_EA
dbafe0f5-62c9-4863-8756-40e75d6eeb85,1249,2023-05-09T05:34:41.611556+01:00,unclassified,?,11923,0,0,371,384,?
77b05d2d-6f49-4edd-b603-c325020c792d,811,2023-05-09T05:34:41.611556+01:00,unclassified,?,11923,0,0,310,324,?
8def0be3-d1b9-4a96-aa41-f0a11a6b869d,3271,2023-05-09T04:30:28.611556+01:00,unclassified,?,11923,0,0,382,396,?
d6a0ab1e-7dd6-4188-95a5-b90cf00aad35,862,2023-05-09T05:34:40.611556+01:00,unclassified,?,11923,0,0,359,377,?
a5632895-2f8b-43d2-8cfa-634ffffd64c2,433,2023-05-09T05:34:58.611556+01:00,unclassified,rabv_ea,11923,7715,8081,326,349,RABV_EA
72ad6532-2eec-4444-9698-adec9d2c3128,256,2023-05-09T05:34:58.611556+01:00,unclassified,*,0,0,0,0,0,*
e6ad953c-c7c4-4db9-bd66-c1c32304902d,441,2023-05-09T05:34:55.611556+01:00,unclassified,rabv_ea,11923,1585,1951,348,355,RABV_EA
e109a946-35f1-4f62-9c5a-a28846a24326,445,2023-05-09T05:34:40.611556+01:00,unclassified,rabv_ea,11923,7685,8047,346,361,RABV_EA
6526437c-ef49-4f6f-ad1f-d9b2e2722b2e,471,2023-05-09T05:34:01.611556+01:00,unclassified,rabv_ea,11923,3383,3782,353,372,RABV_EA
0f2f4648-f61c-4529-b39a-f3308fcc43ce,464,2023-05-09T05:34:22.611556+01:00,unclassified,rabv_ea,11923,9551,9940,355,372,RABV_EA
f4af3eb2-df31-47b1-858e-c29c45432884,1647,2023-05-09T04:30:34.611556+01:00,unclassified,?,11923,0,0,358,378,?
bd225ee5-215f-4e9f-b0e3-53495ad7ff4b,441,2023-05-09T04:30:39.611556+01:00,unclassified,rabv_ea,11923,9579,9940,327,343,RABV_EA
6ce30c25-a767-4a73-b1f0-eb22550ac451,714,2023-05-09T04:30:37.611556+01:00,unclassified,?,11923,0,0,365,379,?
c21c5307-db02-45f0-a206-6d8d845dbcd2,438,2023-05-09T05:34:20.611556+01:00,unclassified,rabv_ea,11923,7703,8043,321,332,RABV_EA
bba1f4f7-7fa1-4174-b4b8-81faf3aef5c2,423,2023-05-09T05:34:12.611556+01:00,unclassified,rabv_ea,11923,7689,8056,315,340,RABV_EA
9cdfd4d1-21fc-4430-8749-a124b8f84c77,886,2023-05-09T05:34:14.611556+01:00,unclassified,?,11923,0,0,389,401,?
cf940e64-b3a3-4eac-9815-9cac9e2241d4,437,2023-05-09T05:34:37.611556+01:00,unclassified,rabv_ea,11923,7714,8081,333,349,RABV_EA
dfda0fa7-01fd-4fdf-a555-0deaa3fbaaad,279,2023-05-09T05:34:41.611556+01:00,unclassified,*,0,0,0,0,0,*
79c8a729-5ec7-4dae-b60b-d85a7de77b23,1620,2023-05-09T04:30:34.611556+01:00,unclassified,?,11923,0,0,381,385,?
6b1a08fe-6f55-4a46-96b9-680d7b879c1e,1278,2023-05-09T05:34:40.611556+01:00,unclassified,?,11923,0,0,375,399,?
566e42f6-a7e1-4333-87f5-ae54fa8882cc,853,2023-05-09T05:34:38.611556+01:00,unclassified,?,11923,0,0,354,375,?
1a7c94d0-b7a7-4e28-b628-c79d2ffd3882,1025,2023-05-09T05:34:35.611556+01:00,unclassified,?,11923,0,0,356,386,?
f97e72d8-7404-4772-af8d-6a749f253f6f,877,2023-05-09T05:34:54.611556+01:00,unclassified,rabv_ea,11923,4626,5592,774,792,RABV_EA
b91d7923-c4c2-4e17-8075-c27297bb948b,466,2023-05-09T05:35:11.611556+01:00,unclassified,rabv_ea,11923,70,459,359,379,RABV_EA
47e251d6-2d70-4b1c-96eb-6392dcff537d,456,2023-05-09T05:35:06.611556+01:00,unclassified,rabv_ea,11923,3062,3459,345,370,RABV_EA
3fad8882-ffc7-41c7-bcd5-86abca4804fd,837,2023-05-09T05:34:53.611556+01:00,unclassified,?,11923,0,0,346,360,?
2e8483b5-2eed-47c6-85a6-03a369743ac2,1716,2023-05-09T05:34:48.611556+01:00,unclassified,?,11923,0,0,368,377,?
093b6443-4048-4e86-b0df-d1160cd6adf6,683,2023-05-09T05:34:38.611556+01:00,unclassified,rabv_ea,11923,57,438,360,370,RABV_EA
075addb0-8195-4579-993a-f639a3d3b89c,441,2023-05-09T05:34:55.611556+01:00,unclassified,rabv_ea,11923,6149,6528,329,347,RABV_EA
421bf17a-6d98-4074-b987-0a073cb3e1e8,1162,2023-05-09T05:34:59.611556+01:00,unclassified,?,11923,0,0,396,405,?
fac4367b-167e-45ba-bb27-dee1394e0da8,520,2023-05-09T05:34:54.611556+01:00,unclassified,rabv_ea,11923,7690,8081,365,380,RABV_EA
21b6d208-0a3e-45c1-89f1-df8ee29a5b70,277,2023-05-09T05:35:03.611556+01:00,unclassified,rabv_ea,11923,9871,10131,241,256,RABV_EA
cdddf7e7-54c2-4fa7-9a92-23d0f4a5c4a8,856,2023-05-09T05:34:59.611556+01:00,unclassified,?,11923,0,0,379,399,?
f6786721-2d1d-4a5f-8f8a-c7ff5b1bf4cd,2084,2023-05-09T05:34:47.611556+01:00,unclassified,?,11923,0,0,366,389,?
2631282f-c433-4005-83b6-c9d5834704fa,460,2023-05-09T05:35:01.611556+01:00,unclassified,rabv_ea,11923,10164,10564,343,366,RABV_EA
a5d5d64f-a4f3-4113-8073-60f8d656cad1,1684,2023-05-09T05:34:50.611556+01:00,unclassified,?,11923,0,0,759,780,?
9c86d25d-b49f-4b19-9f3e-8b907af117bb,508,2023-05-09T05:34:37.611556+01:00,unclassified,rabv_ea,11923,10175,10573,347,370,RABV_EA
2adbaad4-b301-4816-ae4d-cc6783d743ad,880,2023-05-09T05:34:35.611556+01:00,unclassified,?,11923,0,0,366,378,?
d5caa817-5e06-4353-bf5a-ef80ee0d5dab,426,2023-05-09T05:34:22.611556+01:00,unclassified,rabv_ea,11923,1576,1943,319,322,RABV_EA
7c217639-fd91-4b37-8b01-d565dcada8ff,378,2023-05-09T04:31:00.611556+01:00,unclassified,rabv_ea,11923,614,722,101,106,RABV_EA
4ba0f992-d695-4785-ab5d-e08a1beaedc2,462,2023-05-09T05:34:52.611556+01:00,unclassified,rabv_ea,11923,9851,10249,374,387,RABV_EA
df025d8b-54e9-4313-bda4-d6eee5eee8b5,469,2023-05-09T05:34:26.611556+01:00,unclassified,rabv_ea,11923,4631,5036,357,383,RABV_EA
c72e7b5a-7f6e-4b98-b1ea-b096b23446f5,1633,2023-05-09T05:34:50.611556+01:00,unclassified,?,11923,0,0,382,404,?
eba2ffb6-40b2-4365-945c-f45e115044ed,376,2023-05-09T05:34:53.611556+01:00,unclassified,rabv_ea,11923,9090,9325,208,224,RABV_EA
a2967aba-df67-4e89-9553-38038367d614,808,2023-05-09T05:34:53.611556+01:00,unclassified,?,11923,0,0,351,366,?
98a8dcb5-6ee3-4aa0-8049-e038cdf008c4,915,2023-05-09T05:34:58.611556+01:00,unclassified,?,11923,0,0,354,374,?
2a3eb1c9-b4d1-484b-b53c-ba3ebb9d3c1d,445,2023-05-09T05:34:39.611556+01:00,unclassified,rabv_ea,11923,9866,10260,371,379,RABV_EA
545b1f8d-ab7b-4e4e-b2a8-89efc66ae804,516,2023-05-09T05:34:50.611556+01:00,unclassified,rabv_ea,11923,7689,8081,357,379,RABV_EA
a48050df-cc88-4859-b6d1-f046bcef1b31,875,2023-05-09T05:35:02.611556+01:00,unclassified,?,11923,0,0,350,373,?
e4497d01-1dac-47d4-8fc1-3cbb1d233e30,966,2023-05-09T05:35:00.611556+01:00,unclassified,?,11923,0,0,383,410,?
cb2d4eb8-f444-4c3a-b00f-3443721f0457,923,2023-05-09T05:34:24.611556+01:00,unclassified,?,11923,0,0,381,395,?
77f568ca-6fee-4473-86a5-e0b61f3ba93a,951,2023-05-09T05:35:10.611556+01:00,unclassified,?,11923,0,0,396,417,?
629fdacb-2a08-424f-9da2-03524d629837,889,2023-05-09T05:35:15.611556+01:00,unclassified,?,11923,0,0,356,381,?
85c0e2e9-84c6-4b62-95bc-95b383fc2da8,928,2023-05-09T05:35:04.611556+01:00,unclassified,?,11923,0,0,366,374,?
83c37e1a-0c5c-4832-a954-375921709719,1249,2023-05-09T05:35:01.611556+01:00,unclassified,?,11923,0,0,346,371,?
e1e686a5-d99a-424b-98d5-e70d82d23920,423,2023-05-09T05:35:34.611556+01:00,unclassified,rabv_ea,11923,6133,6514,327,342,RABV_EA
63c310cd-99f1-43e3-aa5d-834cc79b0673,1725,2023-05-09T05:34:24.611556+01:00,unclassified,?,11923,0,0,410,415,?
6082e81f-b347-4141-b0f7-557cbf9daee2,333,2023-05-09T05:35:12.611556+01:00,unclassified,rabv_ea,11923,4272,4422,139,142,RABV_EA
5165ccbf-b38d-4ac4-9468-6868d80f5907,470,2023-05-09T05:34:25.611556+01:00,unclassified,rabv_ea,11923,11407,11796,355,382,RABV_EA
caceaf7b-7bb3-4252-960f-60f60e513b25,477,2023-05-09T05:34:25.611556+01:00,unclassified,rabv_ea,11923,3392,3791,348,375,RABV_EA
1a96d53e-1c34-444c-8ba8-170dd0e0af89,204,2023-05-09T05:35:06.611556+01:00,unclassified,*,0,0,0,0,0,*
a06a43d4-bbbc-4d08-a4bb-41509b0b2ad4,1763,2023-05-09T05:34:55.611556+01:00,unclassified,?,11923,0,0,373,387,?
9c0bbfc3-0d6d-4442-8432-9cacc46a85a3,1261,2023-05-09T05:34:57.611556+01:00,unclassified,?,11923,0,0,364,380,?
a6deb8bb-f93e-4581-8857-a9f0232288e7,501,2023-05-09T05:34:36.611556+01:00,unclassified,rabv_ea,11923,7689,8081,375,378,RABV_EA
6fc89608-6c11-492b-8e39-970903f9967c,461,2023-05-09T05:35:03.611556+01:00,unclassified,rabv_ea,11923,8943,9312,346,361,RABV_EA
edb7b62c-6f0e-425e-9281-fbf83ffcec85,878,2023-05-09T04:30:57.611556+01:00,unclassified,?,11923,0,0,376,385,?
a6b5359a-5ca1-42f3-8bbf-9500c134f6bf,556,2023-05-09T05:35:07.611556+01:00,unclassified,rabv_ea,11923,10170,10568,387,396,RABV_EA
a82f5a92-fc1c-4071-970e-f1b8a41c0b82,353,2023-05-09T05:34:31.611556+01:00,unclassified,rabv_ea,11923,3082,3335,236,246,RABV_EA
199c3dbb-9d87-44bf-892f-724a85eeb744,2054,2023-05-09T05:34:18.611556+01:00,unclassified,?,11923,0,0,360,384,?
973d71e6-f530-4fce-ac83-d0c9cffb3f2e,830,2023-05-09T05:34:24.611556+01:00,unclassified,?,11923,0,0,355,359,?
3964e44c-8743-4ebc-a694-59b6d1ce1918,449,2023-05-09T05:35:02.611556+01:00,unclassified,rabv_ea,11923,8942,9330,354,367,RABV_EA
955b1bd2-b558-49fc-9a52-0c3bc8a30f82,377,2023-05-09T05:35:01.611556+01:00,unclassified,rabv_ea,11923,5307,5608,278,292,RABV_EA
778affde-76ed-4948-aa31-81f104114153,1243,2023-05-09T05:35:23.611556+01:00,unclassified,?,11923,0,0,350,372,?
a36e5e29-ca94-4fb6-89fe-fe0507e574a5,463,2023-05-09T05:35:07.611556+01:00,unclassified,rabv_ea,11923,9853,10248,379,385,RABV_EA
9a5fa3df-c66e-475d-8ae1-eff8277ea0a1,943,2023-05-09T05:35:06.611556+01:00,unclassified,rabv_ea,11923,10164,11494,737,777,RABV_EA
55e9ec69-330c-4d5b-acfa-f429fdfafd04,2082,2023-05-09T05:35:28.611556+01:00,unclassified,rabv_ea,11923,3062,3789,646,684,RABV_EA
1d6d40a5-743a-4ee4-823c-51bfa52ecb34,505,2023-05-09T05:35:08.611556+01:00,unclassified,rabv_ea,11923,6433,6834,385,392,RABV_EA
c3a597cd-2818-4e33-8de0-3f8e441452d0,535,2023-05-09T05:35:16.611556+01:00,unclassified,*,0,0,0,0,0,*
f88c83d3-4e43-454f-b0de-be365843b5f0,459,2023-05-09T05:35:18.611556+01:00,unclassified,rabv_ea,11923,10175,10562,343,367,RABV_EA
68f7ba12-2e33-4402-9321-8c8ac7f9a67c,767,2023-05-09T05:35:18.611556+01:00,unclassified,?,11923,0,0,365,369,?
4d98da93-4e9c-44eb-9671-66e5998e739e,460,2023-05-09T05:35:05.611556+01:00,unclassified,rabv_ea,11923,11097,11478,336,369,RABV_EA
8ece4792-8c21-4f8d-89b8-35102d8bf686,1767,2023-05-09T05:35:06.611556+01:00,unclassified,?,11923,0,0,634,654,?
55cede18-a163-4636-bf63-d51a7afd8a43,842,2023-05-09T05:35:07.611556+01:00,unclassified,?,11923,0,0,356,372,?
add10611-a760-45a0-8faa-4b251c342c72,460,2023-05-09T05:35:10.611556+01:00,unclassified,rabv_ea,11923,11406,11793,367,377,RABV_EA
3ac81b28-67f6-4b1f-8f99-aa5b59a7b9ec,805,2023-05-09T05:35:15.611556+01:00,unclassified,?,11923,0,0,352,357,?
3585c24b-8262-4371-b228-b61d6029d65e,479,2023-05-09T05:35:17.611556+01:00,unclassified,rabv_ea,11923,10164,10556,350,378,RABV_EA
bab1f1a9-f122-47f9-8d85-a7be44cfc80a,847,2023-05-09T05:34:29.611556+01:00,unclassified,?,11923,0,0,364,381,?
48d9502d-072c-4b4c-8a18-86929ac25c13,1102,2023-05-09T05:34:29.611556+01:00,unclassified,?,11923,0,0,369,386,?
a2f7530c-575c-4c1c-94b1-68f056cf54e1,470,2023-05-09T05:35:33.611556+01:00,unclassified,rabv_ea,11923,11407,11796,347,375,RABV_EA
56381689-eb6c-4a79-9ef0-26757f41b6de,479,2023-05-09T05:34:29.611556+01:00,unclassified,rabv_ea,11923,10164,10561,378,388,RABV_EA
0f7a2680-58e2-4ff3-8abe-4eb324bfe088,1330,2023-05-09T05:35:27.611556+01:00,unclassified,?,11923,0,0,375,382,?
7cfb8387-0e73-4d3f-891a-270b7d70b738,958,2023-05-09T05:34:27.611556+01:00,unclassified,?,11923,0,0,376,385,?
891754c9-1474-42ab-874a-567ae501922e,868,2023-05-09T05:34:29.611556+01:00,unclassified,?,11923,0,0,395,400,?
b576e5ec-ce9f-4c04-a728-eac890ba52aa,802,2023-05-09T05:35:19.611556+01:00,unclassified,?,11923,0,0,343,366,?
8642c62a-1c0f-48d9-9bae-1dcad66443af,1627,2023-05-09T05:34:27.611556+01:00,unclassified,?,11923,0,0,385,394,?
35316e24-cedf-4bd6-9111-3286df617faf,563,2023-05-09T05:35:31.611556+01:00,unclassified,?,11923,0,0,359,374,?
04e11c13-77b1-46b5-affa-e4dd666aec97,848,2023-05-09T05:34:30.611556+01:00,unclassified,?,11923,0,0,355,373,?
b29237a1-817f-4736-b292-6208fae7b250,514,2023-05-09T05:34:30.611556+01:00,unclassified,rabv_ea,11923,7690,8081,366,385,RABV_EA
ef69b94e-0eb9-4a61-ae1d-73a78c5a8be7,910,2023-05-09T05:35:17.611556+01:00,unclassified,?,11923,0,0,388,390,?
339671ab-09cc-489f-8504-2b7e597bbed9,466,2023-05-09T04:30:05.611556+01:00,unclassified,rabv_ea,11923,7704,8079,368,373,RABV_EA
ed8fbcf4-1a9f-4b79-abb8-011b256a0b3c,863,2023-05-09T04:30:04.611556+01:00,unclassified,?,11923,0,0,389,400,?
41042ede-4ff6-465c-98a8-7219075e97fe,1663,2023-05-09T05:34:23.611556+01:00,unclassified,?,11923,0,0,367,392,?
0b3b9045-8160-41c9-aa71-fa86671d5258,467,2023-05-09T04:30:04.611556+01:00,unclassified,rabv_ea,11923,6424,6820,365,385,RABV_EA
fa570577-3e6a-46b0-8c08-02022fd5229d,921,2023-05-09T05:35:30.611556+01:00,unclassified,?,11923,0,0,386,398,?
ecbd1ede-425b-44e9-a1a1-2da487953748,469,2023-05-09T05:35:30.611556+01:00,unclassified,rabv_ea,11923,1569,1955,367,376,RABV_EA
d744bc2a-531d-4a1e-8df2-bd090029724b,393,2023-05-09T05:35:31.611556+01:00,unclassified,rabv_ea,11923,10164,10437,234,246,RABV_EA
00a2a2d7-da82-4334-abaa-61df3e6d87c5,454,2023-05-09T05:35:30.611556+01:00,unclassified,rabv_ea,11923,7075,7467,370,375,RABV_EA
95e26d72-8c9a-429a-b104-906b92c5c6de,470,2023-05-09T05:35:28.611556+01:00,unclassified,rabv_ea,11923,5212,5608,373,386,RABV_EA
7bd54b93-0ee8-45e1-a483-108fb9b0e8bc,1717,2023-05-09T05:35:28.611556+01:00,unclassified,?,11923,0,0,343,362,?
d966c862-54f4-496a-823d-756f7de8751e,513,2023-05-09T05:34:31.611556+01:00,unclassified,rabv_ea,11923,4624,5051,372,404,RABV_EA
9bca80e0-eee6-4d73-88f5-daee558154e6,447,2023-05-09T05:35:29.611556+01:00,unclassified,rabv_ea,11923,10202,10501,262,280,RABV_EA
66c4cfd6-d158-4ff7-bf8a-0426dd1d43ea,461,2023-05-09T05:35:15.611556+01:00,unclassified,rabv_ea,11923,11407,11796,343,372,RABV_EA
7d7dd126-e342-40f3-bc8a-3d94ee605cf5,446,2023-05-09T05:34:30.611556+01:00,unclassified,rabv_ea,11923,9238,9619,352,371,RABV_EA
a4248704-9ca6-47fa-a027-98b7a6d3e349,478,2023-05-09T05:35:57.611556+01:00,unclassified,rabv_ea,11923,2742,3119,326,352,RABV_EA
10a6ee89-118f-4f1a-a3ea-c912783cc6bd,465,2023-05-09T05:34:45.611556+01:00,unclassified,rabv_ea,11923,10164,10556,343,378,RABV_EA
02fc2433-6834-4a6b-9a46-b2d2fb2defe1,619,2023-05-09T05:35:11.611556+01:00,unclassified,rabv_ea,11923,6437,6834,380,394,RABV_EA
b94efac2-1531-4d09-843f-256502144c0d,436,2023-05-09T04:30:04.611556+01:00,unclassified,rabv_ea,11923,1571,1958,342,356,RABV_EA
cd2d7873-890d-4a54-baf4-2d6ada876483,444,2023-05-09T04:30:05.611556+01:00,unclassified,rabv_ea,11923,5836,6213,343,364,RABV_EA
5b2c9ff6-b2e3-4af8-b1d9-a8baf4eb42ee,1267,2023-05-09T05:35:12.611556+01:00,unclassified,?,11923,0,0,371,387,?
2b41e7bc-b2b2-4767-83fa-1e001965a30a,465,2023-05-09T05:34:44.611556+01:00,unclassified,rabv_ea,11923,4626,5038,357,384,RABV_EA
e14cdbba-2238-4811-8a9e-1c4af147fbd5,252,2023-05-09T05:35:36.611556+01:00,unclassified,rabv_ea,11923,2395,2547,132,150,RABV_EA
a9c11f0c-0a13-4866-923a-7972bc5f8518,463,2023-05-09T05:35:41.611556+01:00,unclassified,rabv_ea,11923,6424,6808,354,368,RABV_EA
6c80969c-2bae-4f92-a671-7d36d159a2a7,448,2023-05-09T05:35:14.611556+01:00,unclassified,rabv_ea,11923,3062,3453,364,376,RABV_EA
b709e85a-5e04-4562-99f4-766fb85d4656,385,2023-05-09T05:35:14.611556+01:00,unclassified,rabv_ea,11923,1864,2163,270,291,RABV_EA
9662131c-c10e-40ca-86f1-af6f59797689,877,2023-05-09T05:34:43.611556+01:00,unclassified,?,11923,0,0,358,374,?
5b7dbf80-363c-4b1f-8a58-07cf8d78f04f,1245,2023-05-09T05:34:44.611556+01:00,unclassified,?,11923,0,0,388,401,?
9e836034-29f2-43a4-8570-e1d21c8032ba,747,2023-05-09T05:36:08.611556+01:00,unclassified,?,11923,0,0,353,370,?
a9d0632f-1eb3-4487-a43d-0fa1832e89f0,1252,2023-05-09T05:35:57.611556+01:00,unclassified,?,11923,0,0,377,396,?
b826ae07-4196-405e-94c0-7ac62c2422be,540,2023-05-09T05:35:57.611556+01:00,unclassified,rabv_ea,11923,5196,5608,365,389,RABV_EA
c1d356ab-5ce5-468f-971f-df4eabad73c7,390,2023-05-09T05:34:48.611556+01:00,unclassified,*,0,0,0,0,0,*
204d0ccd-911a-4c33-bc92-f1f6af157b68,281,2023-05-09T05:34:46.611556+01:00,unclassified,*,0,0,0,0,0,*
1500c2d1-ee79-4850-922c-404e06a0d7a2,475,2023-05-09T05:35:15.611556+01:00,unclassified,rabv_ea,11923,1563,1943,351,374,RABV_EA
8c2d9ca7-b8c7-4ce5-bab0-a619412025a9,227,2023-05-09T05:35:39.611556+01:00,unclassified,rabv_ea,11923,1811,1958,136,143,RABV_EA
55855ccb-df18-42d7-9bc5-20d6e59c76c0,448,2023-05-09T05:35:37.611556+01:00,unclassified,rabv_ea,11923,7699,8081,364,374,RABV_EA
b2fc1c46-c33a-4a16-a3ad-863cb2f3a305,928,2023-05-09T05:35:11.611556+01:00,unclassified,?,11923,0,0,371,392,?
adbbc1bd-299e-4f64-9cfc-28a32c72eb5d,465,2023-05-09T05:35:14.611556+01:00,unclassified,rabv_ea,11923,3399,3791,365,383,RABV_EA
1d00a240-5096-4826-96ff-cdd959832c6c,1041,2023-05-09T05:35:11.611556+01:00,unclassified,?,11923,0,0,375,389,?
6323a87d-d05d-4697-85a1-a1b2392a4b57,852,2023-05-09T05:35:13.611556+01:00,unclassified,?,11923,0,0,352,379,?
a388acde-d8e6-49ea-97e2-e1d7df047c7c,434,2023-05-09T05:36:10.611556+01:00,unclassified,rabv_ea,11923,7715,8065,341,346,RABV_EA
20c56819-4cf2-43b5-80cd-974093ba1feb,460,2023-05-09T05:36:10.611556+01:00,unclassified,rabv_ea,11923,3062,3456,367,385,RABV_EA
b462b959-9d3c-4a18-a121-870bf67fdd05,1219,2023-05-09T05:36:09.611556+01:00,unclassified,?,11923,0,0,397,403,?
60077329-97a8-40ad-a269-8c4037f71329,1299,2023-05-09T04:30:37.611556+01:00,unclassified,?,11923,0,0,395,399,?
da8ea4b5-e189-4f60-a6d2-f52d5f818566,851,2023-05-09T04:30:44.611556+01:00,unclassified,?,11923,0,0,365,377,?
a1db5f15-b4e7-4737-aae9-c75f198c7e56,468,2023-05-09T05:35:00.611556+01:00,unclassified,rabv_ea,11923,2735,3136,357,386,RABV_EA
c171f6a8-7db3-4028-b37f-1078cbd05efe,451,2023-05-09T04:30:48.611556+01:00,unclassified,rabv_ea,11923,10164,10562,348,382,RABV_EA
6efaad1e-99d6-4330-aa9d-9edfa538388f,460,2023-05-09T05:36:11.611556+01:00,unclassified,rabv_ea,11923,5837,6222,361,373,RABV_EA
7c586b87-d672-45b5-8ae3-029a831b65f1,860,2023-05-09T04:30:46.611556+01:00,unclassified,?,11923,0,0,356,374,?
d27297b8-ee10-4f7f-91e5-aaf6b2f4820f,460,2023-05-09T04:30:45.611556+01:00,unclassified,rabv_ea,11923,9851,10248,352,371,RABV_EA
108013ce-d0e5-4039-b03b-bc7221531454,463,2023-05-09T04:30:37.611556+01:00,unclassified,rabv_ea,11923,5212,5608,376,387,RABV_EA
af4fcdb2-0ede-4deb-9276-c2f7d0e0cd22,347,2023-05-09T05:36:10.611556+01:00,unclassified,rabv_ea,11923,4187,4408,203,208,RABV_EA
e274e1a1-d86f-42ae-a255-3d845464c253,1768,2023-05-09T04:30:32.611556+01:00,unclassified,?,11923,0,0,384,391,?
c62764de-e5ed-4f22-b24c-a80f4d02298a,418,2023-05-09T04:30:47.611556+01:00,unclassified,rabv_ea,11923,7193,7467,254,262,RABV_EA
40ad4c87-d009-4663-8796-697171b83936,444,2023-05-09T04:30:46.611556+01:00,unclassified,rabv_ea,11923,7705,8072,338,346,RABV_EA
07c95361-01b6-43d7-a9c0-ae291700e277,311,2023-05-09T05:36:06.611556+01:00,unclassified,rabv_ea,11923,9235,9310,68,69,RABV_EA
4d4acbf2-72b8-46cf-a01a-4760655340e8,473,2023-05-09T05:35:56.611556+01:00,unclassified,rabv_ea,11923,7075,7466,367,377,RABV_EA
399113dd-432f-48e9-a8ec-2b36bb7969f6,447,2023-05-09T05:35:52.611556+01:00,unclassified,rabv_ea,11923,60,446,360,370,RABV_EA
37b7278a-d641-47c4-9c41-d51d3f0a20bd,1858,2023-05-09T05:36:08.611556+01:00,unclassified,?,11923,0,0,390,404,?
e12c0c2f-cd90-4979-a41a-d01f07d83f78,368,2023-05-09T05:35:21.611556+01:00,unclassified,*,0,0,0,0,0,*
3972988b-c132-4771-816c-882cee0ead79,304,2023-05-09T04:30:25.611556+01:00,unclassified,?,11923,0,0,111,114,?
a501d970-3d9f-44d4-9a9d-f38bc494ac2e,495,2023-05-09T04:30:26.611556+01:00,unclassified,rabv_ea,11923,7708,8074,334,351,RABV_EA
cac84246-115a-4827-94c3-2471c16e57c8,471,2023-05-09T04:30:37.611556+01:00,unclassified,rabv_ea,11923,10164,10562,366,384,RABV_EA
78eda6bd-888e-4dd6-8978-011a9c43ffe0,460,2023-05-09T04:30:28.611556+01:00,unclassified,rabv_ea,11923,6149,6524,329,358,RABV_EA
460c7f64-8347-44a8-a99d-e0920ad5d5d2,2100,2023-05-09T05:36:09.611556+01:00,unclassified,?,11923,0,0,382,392,?
599f8d40-728b-4aa0-9239-3fb7dee1fc7b,422,2023-05-09T04:30:38.611556+01:00,unclassified,rabv_ea,11923,1551,1884,318,325,RABV_EA
e4ecc9fe-1158-44b9-bf7e-3cfb5cdd8686,457,2023-05-09T04:30:25.611556+01:00,unclassified,rabv_ea,11923,3383,3765,356,373,RABV_EA
3163e95c-e072-49b4-ad9c-6a063a89f3eb,337,2023-05-09T04:29:17.611556+01:00,unclassified,rabv_ea,11923,1794,1958,156,160,RABV_EA
89f35447-f9d5-4ae0-b5bd-51988ea8771e,1106,2023-05-09T04:29:16.611556+01:00,unclassified,?,11923,0,0,389,396,?
078eabde-4849-465e-a9d6-1b552f2eec5f,1232,2023-05-09T05:35:20.611556+01:00,unclassified,?,11923,0,0,731,754,?
cd2f4992-d108-4c81-a019-6ce05f432360,927,2023-05-09T04:30:23.611556+01:00,unclassified,?,11923,0,0,375,389,?
1335080e-78cb-402f-aab6-580d80000f3e,1731,2023-05-09T04:29:16.611556+01:00,unclassified,?,11923,0,0,389,400,?
a717c4b9-dd6d-4d1d-99d7-22ed5dfa1385,497,2023-05-09T04:29:16.611556+01:00,unclassified,rabv_ea,11923,7690,8082,385,391,RABV_EA
e51a4f9c-85b0-4f2c-851f-2cab14aaceda,885,2023-05-09T04:29:16.611556+01:00,unclassified,?,11923,0,0,366,373,?
80df77b5-181e-49e4-9b5d-74951d5f41ba,901,2023-05-09T04:30:24.611556+01:00,unclassified,?,11923,0,0,364,383,?
ab528f20-34cb-46dd-8e99-9de423b86a4b,1759,2023-05-09T04:29:12.611556+01:00,unclassified,?,11923,0,0,399,409,?
e02a199a-c8ba-4005-b590-0c73bc98100b,463,2023-05-09T05:35:48.611556+01:00,unclassified,rabv_ea,11923,11408,11794,355,367,RABV_EA
3445ab04-d108-403f-8a51-671f44e258d9,462,2023-05-09T05:36:18.611556+01:00,unclassified,rabv_ea,11923,9551,9936,356,373,RABV_EA
06440794-8e58-4f4d-a2ed-0fe6283805b0,834,2023-05-09T05:35:51.611556+01:00,unclassified,?,11923,0,0,357,376,?
366ebb7d-29f9-434b-acb7-1f03c1fc9a67,501,2023-05-09T05:35:24.611556+01:00,unclassified,rabv_ea,11923,7693,8050,324,340,RABV_EA
ee89b3a4-4a8b-464c-85d2-838fa3b8e344,934,2023-05-09T05:35:19.611556+01:00,unclassified,rabv_ea,11923,10164,11493,759,791,RABV_EA
d1de24ed-48c6-46d4-b664-64fb6975f199,884,2023-05-09T04:29:15.611556+01:00,unclassified,?,11923,0,0,373,387,?
6252220f-9745-4bf0-93ea-f6a423565cfb,539,2023-05-09T04:29:17.611556+01:00,unclassified,rabv_ea,11923,5196,5608,379,398,RABV_EA
a4fb90af-2bb6-40f3-9f47-e112ba26f69f,452,2023-05-09T04:28:48.611556+01:00,unclassified,rabv_ea,11923,7076,7474,374,383,RABV_EA
09096eef-d235-47f9-91ee-fc715f6b9d21,1307,2023-05-09T05:35:45.611556+01:00,unclassified,?,11923,0,0,351,380,?
b1b3e3cb-e58e-4155-b642-292302e5cae1,461,2023-05-09T04:29:17.611556+01:00,unclassified,rabv_ea,11923,5198,5579,349,363,RABV_EA
78c6964c-c451-4f3e-88b5-b5fa4e31af4e,399,2023-05-09T05:36:31.611556+01:00,unclassified,rabv_ea,11923,4626,4936,281,295,RABV_EA
806b8b44-f40c-429a-a3d7-ccb659c1d90d,2523,2023-05-09T05:36:25.611556+01:00,unclassified,?,11923,0,0,365,386,?
c74180c9-68de-40b5-96a6-5996ed59dfcd,535,2023-05-09T05:36:33.611556+01:00,unclassified,rabv_ea,11923,7692,8079,350,374,RABV_EA
b380a759-b4de-4810-8eb9-a1ce1765a5dd,1274,2023-05-09T05:36:33.611556+01:00,unclassified,?,11923,0,0,734,781,?
ba6be510-9d4f-42c3-9fa0-d45253443a04,454,2023-05-09T05:36:32.611556+01:00,unclassified,rabv_ea,11923,4637,5032,362,369,RABV_EA
56e18d89-e583-4346-a4d7-5cb8c5644559,854,2023-05-09T05:36:31.611556+01:00,unclassified,?,11923,0,0,387,399,?
85494593-08c3-4434-ab0a-8a62349183e2,418,2023-05-09T05:36:30.611556+01:00,unclassified,rabv_ea,11923,958,1337,328,353,RABV_EA
5c6d336b-3492-406f-91ec-985c7aedca86,406,2023-05-09T05:35:44.611556+01:00,unclassified,rabv_ea,11923,9590,9925,285,315,RABV_EA
64cf9d9b-d58d-429d-8ae9-70d8075f5770,967,2023-05-09T05:35:45.611556+01:00,unclassified,?,11923,0,0,361,376,?
a6491497-3902-41e0-8a16-512455aa83ba,865,2023-05-09T05:36:29.611556+01:00,unclassified,?,11923,0,0,377,394,?
5436a347-7431-4e31-b4e6-e8266fb29542,506,2023-05-09T05:36:30.611556+01:00,unclassified,rabv_ea,11923,7690,8077,372,378,RABV_EA
627605ab-e6bb-4a44-a6e2-b85ba03a357c,344,2023-05-09T04:29:19.611556+01:00,unclassified,*,0,0,0,0,0,*
ae76ac14-adf4-4805-b83d-d83d385ef6c3,513,2023-05-09T05:36:32.611556+01:00,unclassified,rabv_ea,11923,5197,5608,382,395,RABV_EA
606885bc-0355-4fc9-9c47-13733caafa5d,469,2023-05-09T05:36:32.611556+01:00,unclassified,rabv_ea,11923,5196,5593,356,379,RABV_EA
8dbdd44c-cd7c-438e-ba13-e3d16238289a,852,2023-05-09T05:35:46.611556+01:00,unclassified,?,11923,0,0,359,372,?
ac9fe00a-dcbb-4425-9ffc-be60bc874993,877,2023-05-09T05:35:42.611556+01:00,unclassified,?,11923,0,0,370,376,?
9eaa87ac-b231-454a-bd81-6fea63550d20,537,2023-05-09T04:30:06.611556+01:00,unclassified,rabv_ea,11923,10170,10576,380,394,RABV_EA
a36335d3-50ef-4534-acb2-7eb28d1b3640,490,2023-05-09T04:30:08.611556+01:00,unclassified,rabv_ea,11923,5215,5608,353,377,RABV_EA
ca882974-84a7-4626-b4a5-b6efee9dc2a9,719,2023-05-09T04:28:59.611556+01:00,unclassified,rabv_ea,11923,5213,5609,355,378,RABV_EA
b7a9531c-7349-42ae-887f-267d8b88691c,485,2023-05-09T04:28:48.611556+01:00,unclassified,rabv_ea,11923,11407,11796,353,382,RABV_EA
8f2887cf-e331-4056-a2c6-f2f9868eccb4,523,2023-05-09T04:28:47.611556+01:00,unclassified,rabv_ea,11923,9851,10264,352,390,RABV_EA
7cc1b2d8-28bc-45ed-9984-cde3a1bf0067,1637,2023-05-09T04:28:49.611556+01:00,unclassified,?,11923,0,0,328,366,?
904fe330-6a41-401f-a779-ecc8b6bdf2f6,452,2023-05-09T05:36:32.611556+01:00,unclassified,rabv_ea,11923,9577,9931,327,337,RABV_EA
c3c0fca5-e234-49aa-aaad-26a909a6ffbf,458,2023-05-09T05:35:25.611556+01:00,unclassified,rabv_ea,11923,10177,10551,334,357,RABV_EA
812d5dcf-ab09-4c60-b8e6-3ef7e31c0834,448,2023-05-09T04:30:06.611556+01:00,unclassified,rabv_ea,11923,7711,8081,346,360,RABV_EA
6f6db43c-62f9-4b5c-b57e-eed0fcd17a9d,471,2023-05-09T05:36:33.611556+01:00,unclassified,rabv_ea,11923,5196,5583,355,377,RABV_EA
0d8a6917-d9de-4de0-98e5-86340cb97e03,2169,2023-05-09T05:36:24.611556+01:00,unclassified,?,11923,0,0,397,406,?
e7023769-d0be-4545-a585-75895f080532,463,2023-05-09T05:35:54.611556+01:00,unclassified,rabv_ea,11923,10177,10570,370,379,RABV_EA
262543f6-55c5-4b81-b9b3-0b3d212272d6,463,2023-05-09T05:35:46.611556+01:00,unclassified,rabv_ea,11923,4626,5033,368,386,RABV_EA
53b78dad-0445-449e-9518-4af08e45e723,469,2023-05-09T05:35:44.611556+01:00,unclassified,rabv_ea,11923,5196,5589,367,380,RABV_EA
a3947b44-f019-4adf-83b4-2b5d0fb889e7,850,2023-05-09T05:35:46.611556+01:00,unclassified,?,11923,0,0,383,387,?
4315ff66-7b17-4a34-9962-ee5834e1333f,943,2023-05-09T04:30:07.611556+01:00,unclassified,?,11923,0,0,371,384,?
52748a0c-c1d4-4845-89a5-066aa8411650,1317,2023-05-09T05:36:33.611556+01:00,unclassified,?,11923,0,0,358,384,?
e3daed66-77e6-4926-bfa5-0b2ea8af0433,522,2023-05-09T05:36:32.611556+01:00,unclassified,rabv_ea,11923,10172,10573,369,377,RABV_EA
97267804-0ca3-4351-b732-ba610e6641b4,444,2023-05-09T05:36:35.611556+01:00,unclassified,rabv_ea,11923,7690,8062,354,359,RABV_EA
70400c81-b82e-434d-824f-5f7f83c75f01,890,2023-05-09T05:36:25.611556+01:00,unclassified,?,11923,0,0,366,385,?
85e4b4bd-ba38-4d37-b0b3-2d9d04f8d268,201,2023-05-09T05:36:05.611556+01:00,unclassified,rabv_ea,11923,10455,10576,110,119,RABV_EA
7f6297a8-ad9a-40e1-a858-c29dad22096c,301,2023-05-09T05:36:28.611556+01:00,unclassified,rabv_ea,11923,10097,10263,158,163,RABV_EA
a93370b1-831e-4fad-876f-b25442a8d896,853,2023-05-09T05:36:01.611556+01:00,unclassified,?,11923,0,0,379,386,?
7db6e24b-e32f-4dcb-ba4d-6dac7402d8db,407,2023-05-09T05:35:26.611556+01:00,unclassified,rabv_ea,11923,345,664,295,304,RABV_EA
eefe01fa-071f-4f4c-b057-4dc5f388a9fd,451,2023-05-09T05:35:27.611556+01:00,unclassified,rabv_ea,11923,5213,5608,365,384,RABV_EA
344cfc02-9180-438c-a3d4-02032ed54ca7,870,2023-05-09T05:36:02.611556+01:00,unclassified,?,11923,0,0,335,369,?
6aa19ab1-18d6-4d0e-b667-b207b3e11024,872,2023-05-09T05:36:00.611556+01:00,unclassified,?,11923,0,0,371,387,?
ae2fa8ea-5da3-4b08-9747-b993133629d8,854,2023-05-09T05:36:00.611556+01:00,unclassified,?,11923,0,0,368,384,?
60a54242-d531-4f6e-b311-ff280a8b2bcc,448,2023-05-09T05:36:01.611556+01:00,unclassified,rabv_ea,11923,1571,1956,348,361,RABV_EA
4659c212-0ac1-41b9-a1cd-4584c0723447,432,2023-05-09T05:35:36.611556+01:00,unclassified,rabv_ea,11923,5212,5608,386,392,RABV_EA
99993ede-3db4-4241-82d7-289546b2213f,325,2023-05-09T05:36:48.611556+01:00,unclassified,rabv_ea,11923,5430,5609,171,175,RABV_EA
1db17ab4-2db7-47bc-a552-980def9c3d17,1279,2023-05-09T05:36:51.611556+01:00,unclassified,?,11923,0,0,359,373,?
453ec79e-5b73-41bb-81f0-01154992d3cb,871,2023-05-09T05:36:00.611556+01:00,unclassified,?,11923,0,0,325,354,?
e84e6eaa-22c5-408e-a77a-7e6f7c5e217a,868,2023-05-09T04:29:47.611556+01:00,unclassified,?,11923,0,0,381,389,?
d9120ced-1e49-4f6b-84e8-ce49303ed9f9,446,2023-05-09T05:36:03.611556+01:00,unclassified,rabv_ea,11923,1567,1958,362,376,RABV_EA
889ebf4d-82eb-4e76-a059-9efbe2c5e976,2033,2023-05-09T05:36:25.611556+01:00,unclassified,?,11923,0,0,362,378,?
4f17f10c-339f-4c71-8ded-f7d181f78ead,873,2023-05-09T05:35:23.611556+01:00,unclassified,?,11923,0,0,378,399,?
c5d287d5-a69d-40da-a04b-a4128e7901f4,417,2023-05-09T05:36:03.611556+01:00,unclassified,*,0,0,0,0,0,*
15c295e0-6d74-448b-b00b-1636165a04e1,448,2023-05-09T05:35:36.611556+01:00,unclassified,rabv_ea,11923,964,1334,348,359,RABV_EA
bed5819f-0aff-4e34-9a2a-65a082c9d0ad,487,2023-05-09T05:35:27.611556+01:00,unclassified,rabv_ea,11923,4626,5036,366,393,RABV_EA
860b1d00-aa8e-4f1d-ba32-7cb610df651a,1040,2023-05-09T05:35:22.611556+01:00,unclassified,?,11923,0,0,334,354,?
f42e0153-9e9e-4d20-a30f-7325f4c5c461,427,2023-05-09T04:29:52.611556+01:00,unclassified,rabv_ea,11923,6459,6819,319,336,RABV_EA
b053ff58-2f5a-4332-99a1-2764dcc31b23,450,2023-05-09T05:36:29.611556+01:00,unclassified,rabv_ea,11923,11406,11764,319,344,RABV_EA
8368fab9-105b-4893-b90d-d1295fd52f7b,651,2023-05-09T05:36:02.611556+01:00,unclassified,rabv_ea,11923,4926,5298,361,370,RABV_EA
734a16b1-3be6-452c-a90b-ddfecc59e70d,450,2023-05-09T04:29:51.611556+01:00,unclassified,rabv_ea,11923,11111,11492,354,368,RABV_EA
c34896c6-b9bc-438a-84b6-25104a68ca6c,749,2023-05-09T04:29:49.611556+01:00,unclassified,?,11923,0,0,339,353,?
199561ef-7b24-4a86-b1d7-712af6cee295,469,2023-05-09T04:28:41.611556+01:00,unclassified,rabv_ea,11923,7690,8083,356,380,RABV_EA
37bfaa44-aaa8-44cf-89ac-66c508c0b667,462,2023-05-09T04:29:48.611556+01:00,unclassified,rabv_ea,11923,1567,1958,370,379,RABV_EA
5d8ef5bc-b674-43b1-85b7-5f907842c177,705,2023-05-09T04:28:37.611556+01:00,unclassified,rabv_ea,11923,10164,10576,384,406,RABV_EA
5aedca15-bd07-4e15-bc75-1ce3588156ba,311,2023-05-09T04:28:37.611556+01:00,unclassified,rabv_ea,11923,1565,1814,227,237,RABV_EA
ca15ed8f-1d81-489f-b7b7-2d7a055c4908,1187,2023-05-09T05:36:42.611556+01:00,unclassified,?,11923,0,0,349,384,?
ee286937-bfa4-4ed6-898c-bea85a067a1b,1326,2023-05-09T04:29:52.611556+01:00,unclassified,?,11923,0,0,385,397,?
f8fab761-9dfb-4cdd-8921-b1d57917ab1e,468,2023-05-09T05:37:06.611556+01:00,unclassified,rabv_ea,11923,10164,10561,366,386,RABV_EA
a7add67d-e8a7-4796-8660-4d91927cddd3,462,2023-05-09T05:37:05.611556+01:00,unclassified,rabv_ea,11923,11405,11795,357,377,RABV_EA
044b0b7e-02e8-4282-a34b-0f988a4d0b83,947,2023-05-09T04:28:36.611556+01:00,unclassified,?,11923,0,0,387,395,?
059debb7-ddb2-4cba-828e-83509c7a14d8,935,2023-05-09T04:29:49.611556+01:00,unclassified,rabv_ea,11923,4637,5595,763,795,RABV_EA
e042ffe3-9699-4064-ad13-7dae359cd97c,1125,2023-05-09T05:36:39.611556+01:00,unclassified,?,11923,0,0,564,597,?
148b9afd-b467-42a3-aead-346190df8f6f,729,2023-05-09T04:29:45.611556+01:00,unclassified,?,11923,0,0,368,395,?
819356fe-ffea-47fd-82ea-4845c4175d4f,1588,2023-05-09T05:36:44.611556+01:00,unclassified,?,11923,0,0,369,390,?
1f314f0d-2315-4e51-91b5-87b83d93b66b,503,2023-05-09T04:29:21.611556+01:00,unclassified,rabv_ea,11923,1553,1958,363,380,RABV_EA
3fe3e6d7-1ef6-4613-a0e9-39c9b1e1af2c,833,2023-05-09T05:35:42.611556+01:00,unclassified,?,11923,0,0,224,230,?
ab1a3c45-488e-4acf-8228-0a291dcb26db,341,2023-05-09T05:35:44.611556+01:00,unclassified,rabv_ea,11923,4187,4422,217,227,RABV_EA
03421bcc-7666-4377-a149-ba3ffad6aa8e,763,2023-05-09T04:29:17.611556+01:00,unclassified,rabv_ea,11923,11392,11766,354,367,RABV_EA
ca88e1b4-98ee-4ff0-ac08-1911a85fd5c0,1174,2023-05-09T05:37:08.611556+01:00,unclassified,?,11923,0,0,296,309,?
d4a1a94a-61e6-40fc-87a7-fd07979c8714,407,2023-05-09T05:37:07.611556+01:00,unclassified,rabv_ea,11923,3399,3781,362,375,RABV_EA
3f8e8258-e857-457d-a335-014146646277,656,2023-05-09T05:37:04.611556+01:00,unclassified,*,0,0,0,0,0,*
bc5c8718-5c06-49e5-9bb0-df19f8339882,462,2023-05-09T05:35:41.611556+01:00,unclassified,rabv_ea,11923,7693,8081,365,380,RABV_EA
225eee05-ceac-4e91-ba11-9c73efff40f4,530,2023-05-09T05:35:41.611556+01:00,unclassified,rabv_ea,11923,7690,8081,370,383,RABV_EA
ca9ad53e-666a-4eb8-88a9-46aa82997218,446,2023-05-09T05:36:12.611556+01:00,unclassified,rabv_ea,11923,3704,4087,322,355,RABV_EA
fe3d06ba-0aa6-4e37-83f2-e5a130b353e7,734,2023-05-09T05:35:43.611556+01:00,unclassified,rabv_ea,11923,5196,5603,384,401,RABV_EA
dc6219c4-0597-4ae1-ac2f-1e974ef67c72,475,2023-05-09T04:28:41.611556+01:00,unclassified,rabv_ea,11923,9851,10248,371,386,RABV_EA
494799bb-2b5e-46bd-bf91-55e879a4ff79,838,2023-05-09T05:36:44.611556+01:00,unclassified,?,11923,0,0,365,377,?
f1fd8769-e4a0-43e6-a36d-7f360eadfa3b,465,2023-05-09T04:29:24.611556+01:00,unclassified,rabv_ea,11923,6438,6828,354,373,RABV_EA
1a9eb412-7e6a-491b-a566-099d5f15a518,467,2023-05-09T05:36:10.611556+01:00,unclassified,rabv_ea,11923,9851,10247,364,380,RABV_EA
b6c34c8d-77e6-4380-9d71-5788999846cb,270,2023-05-09T05:36:10.611556+01:00,unclassified,rabv_ea,11923,1864,2069,187,197,RABV_EA
dad4260f-035f-4797-ad7a-26fcc475249c,458,2023-05-09T05:37:07.611556+01:00,unclassified,rabv_ea,11923,1565,1955,367,375,RABV_EA
e2b3ad34-640a-47e8-a296-c6b2e7931e36,882,2023-05-09T05:37:09.611556+01:00,unclassified,?,11923,0,0,368,376,?
36660071-c66c-4c6a-ae00-fd7b1a49539d,473,2023-05-09T05:35:42.611556+01:00,unclassified,rabv_ea,11923,10178,10576,354,385,RABV_EA
60bbc722-502f-4daf-b461-32f257d94b29,1257,2023-05-09T05:36:58.611556+01:00,unclassified,?,11923,0,0,392,404,?
f6acc342-c374-40ff-af31-e141fcb61eca,479,2023-05-09T05:35:48.611556+01:00,unclassified,rabv_ea,11923,5196,5595,377,390,RABV_EA
7a54d89b-7b5a-45b7-b8e9-2eef26b12639,483,2023-05-09T04:28:38.611556+01:00,unclassified,rabv_ea,11923,2747,3136,362,381,RABV_EA
be55078c-a1bc-4af8-a5dc-8c9770eab13d,438,2023-05-09T05:36:08.611556+01:00,unclassified,rabv_ea,11923,67,446,341,356,RABV_EA
cdfd707d-7cc1-434f-af05-ad0d531abac2,557,2023-05-09T05:37:09.611556+01:00,unclassified,rabv_ea,11923,10172,10576,370,390,RABV_EA
43ed62dd-c9f5-4a4d-8472-d71273ddad95,854,2023-05-09T05:37:08.611556+01:00,unclassified,?,11923,0,0,368,380,?
e12d1089-1b55-464f-a01a-473b3078d62e,478,2023-05-09T05:35:56.611556+01:00,unclassified,rabv_ea,11923,4643,5037,342,375,RABV_EA
22187b74-e10c-4c76-9b84-de2d9081fffc,1284,2023-05-09T05:37:05.611556+01:00,unclassified,?,11923,0,0,375,382,?
bdb42bdb-b18d-4b8f-8f73-7d9510862534,853,2023-05-09T05:35:41.611556+01:00,unclassified,?,11923,0,0,362,372,?
1ba74e27-965d-40b5-8b3c-fdc9201ddade,1539,2023-05-09T05:37:04.611556+01:00,unclassified,?,11923,0,0,373,383,?
dbed69a9-7c1a-4dff-933c-d15b9e182530,555,2023-05-09T05:35:40.611556+01:00,unclassified,rabv_ea,11923,10164,10576,364,405,RABV_EA
6c911bd7-daff-4e29-bf13-e9bd4523ad62,385,2023-05-09T05:35:40.611556+01:00,unclassified,rabv_ea,11923,1553,1892,301,320,RABV_EA
d23d002f-1e3f-4250-bbb0-3ee05b57741d,310,2023-05-09T05:35:42.611556+01:00,unclassified,rabv_ea,11923,8991,9217,201,216,RABV_EA
627c92a5-18e8-407f-8bca-80219140c2c1,661,2023-05-09T05:35:43.611556+01:00,unclassified,?,11923,0,0,319,340,?
cd4caf84-cc54-4a69-b67d-5769a550e7e3,1327,2023-05-09T05:36:05.611556+01:00,unclassified,?,11923,0,0,349,367,?
7b6a054c-ac50-4df8-9b60-5c186e87cee7,319,2023-05-09T05:36:09.611556+01:00,unclassified,*,0,0,0,0,0,*
2a2db021-96d7-4e57-8baf-66b272db7aa1,463,2023-05-09T04:28:40.611556+01:00,unclassified,rabv_ea,11923,3399,3787,375,383,RABV_EA
102b2816-9177-47df-b76c-94e84e2f3c0f,2499,2023-05-09T05:36:05.611556+01:00,unclassified,?,11923,0,0,369,392,?
f750219f-4f4c-404f-8b0d-cca643471565,455,2023-05-09T04:28:23.611556+01:00,unclassified,rabv_ea,11923,7704,8080,349,370,RABV_EA
c1845045-e5a1-4954-b5b0-7555f0ded985,869,2023-05-09T04:28:24.611556+01:00,unclassified,?,11923,0,0,375,386,?
50a88b57-7a16-4d47-8f17-dbc98d96318a,481,2023-05-09T05:36:21.611556+01:00,unclassified,rabv_ea,11923,10170,10564,381,388,RABV_EA
81c1633d-3397-4cc6-aac5-ab4c1da66673,460,2023-05-09T05:36:06.611556+01:00,unclassified,rabv_ea,11923,5899,6223,297,313,RABV_EA
5a5ecae0-6d8f-4dc0-99b7-4f37b2dbcc3a,1873,2023-05-09T04:28:16.611556+01:00,unclassified,?,11923,0,0,383,385,?
ebe52a2a-1a1f-43da-a192-91c361d30b73,624,2023-05-09T05:36:08.611556+01:00,unclassified,rabv_ea,11923,1622,1955,319,325,RABV_EA
66a2d0a8-e5a0-47df-8a12-fd6d1507b1e6,473,2023-05-09T04:28:17.611556+01:00,unclassified,rabv_ea,11923,10168,10562,372,382,RABV_EA
78b3d436-ddc6-4474-86d9-cbe98a73c133,930,2023-05-09T04:28:35.611556+01:00,unclassified,?,11923,0,0,386,400,?
69c72b07-e47e-4331-b48a-2b61f9fe2b35,1259,2023-05-09T04:29:45.611556+01:00,unclassified,rabv_ea,11923,319,714,354,384,RABV_EA
ca79716d-3678-48fc-9d59-312da51d2a1a,433,2023-05-09T05:37:15.611556+01:00,unclassified,rabv_ea,11923,5834,6210,345,355,RABV_EA
372c0d5c-cd02-474c-b69d-1c24f0fae523,465,2023-05-09T04:29:50.611556+01:00,unclassified,rabv_ea,11923,5835,6223,355,376,RABV_EA
42078bcb-286a-4fb6-b8c8-9c334a7cea5e,442,2023-05-09T05:37:16.611556+01:00,unclassified,rabv_ea,11923,5836,6222,322,351,RABV_EA
2626e1f7-452b-4293-8f26-0e1ae6fbeaee,921,2023-05-09T05:37:20.611556+01:00,unclassified,?,11923,0,0,353,372,?
44f11187-56a2-4d82-b87b-a4e9d2a98336,1071,2023-05-09T05:37:13.611556+01:00,unclassified,?,11923,0,0,377,401,?
cb3cf6ca-d1c4-4bf5-bd28-98ee8ca942a5,452,2023-05-09T05:37:16.611556+01:00,unclassified,rabv_ea,11923,9865,10263,363,384,RABV_EA
155fe107-7327-4993-9a97-c18dab908c7c,884,2023-05-09T04:29:14.611556+01:00,unclassified,?,11923,0,0,376,390,?
1ee5287e-c122-4050-a9a8-0a1bc8deb3ad,849,2023-05-09T04:29:17.611556+01:00,unclassified,?,11923,0,0,354,381,?
b7aa6177-2a66-49d6-bd5b-41f7792ed23a,459,2023-05-09T05:37:16.611556+01:00,unclassified,rabv_ea,11923,3404,3791,371,379,RABV_EA
3d932e4d-6419-41f7-81e3-8ad888e11af2,1174,2023-05-09T05:37:16.611556+01:00,unclassified,rabv_ea,11923,4626,5605,789,820,RABV_EA
a74e571b-0a1e-4693-812d-81bdcc26db79,461,2023-05-09T05:37:19.611556+01:00,unclassified,rabv_ea,11923,6424,6818,366,377,RABV_EA
143c06fb-4906-4e9d-b49d-181481fce765,882,2023-05-09T05:37:14.611556+01:00,unclassified,?,11923,0,0,377,389,?
4972c03c-0f34-4067-9b92-627f43b300f1,474,2023-05-09T05:36:39.611556+01:00,unclassified,rabv_ea,11923,1566,1958,385,388,RABV_EA
c2684443-2101-4b98-a035-1b424c5b78a9,1564,2023-05-09T05:36:37.611556+01:00,unclassified,?,11923,0,0,396,403,?
d30d410c-f913-46ce-a070-feefe6bf1d89,439,2023-05-09T05:36:39.611556+01:00,unclassified,rabv_ea,11923,11096,11476,347,362,RABV_EA
af2a358d-d88d-4df9-849d-de4b6c3aa5c9,1233,2023-05-09T05:36:35.611556+01:00,unclassified,?,11923,0,0,356,379,?
a1af75d6-ee34-47c8-8bc5-ae32275b0d3d,1277,2023-05-09T05:37:16.611556+01:00,unclassified,?,11923,0,0,377,391,?
ed979964-1f1d-414b-ba44-231f0d8a2df6,423,2023-05-09T05:36:24.611556+01:00,unclassified,rabv_ea,11923,1583,1958,327,347,RABV_EA
776a625b-97c9-45af-8fa0-4a6b871df601,499,2023-05-09T05:36:22.611556+01:00,unclassified,rabv_ea,11923,7691,8081,361,373,RABV_EA
7a66ab45-db27-4f5b-9aa1-fb2848fe2735,1023,2023-05-09T05:37:18.611556+01:00,unclassified,?,11923,0,0,388,393,?
b8ab0687-45e2-40e0-8187-9a716c77a6ac,453,2023-05-09T05:37:22.611556+01:00,unclassified,rabv_ea,11923,1566,1955,363,379,RABV_EA
ec82c0b4-58b5-4c51-ac47-e2f98754c4b0,472,2023-05-09T04:29:46.611556+01:00,unclassified,rabv_ea,11923,1567,1949,363,373,RABV_EA
76a2335b-297a-46e0-a5f4-2b03e007d5b8,471,2023-05-09T05:36:39.611556+01:00,unclassified,rabv_ea,11923,4626,5038,382,396,RABV_EA
de351b59-c00b-4174-9d57-41e7e399802d,1607,2023-05-09T05:36:16.611556+01:00,unclassified,?,11923,0,0,391,398,?
91982bcd-c179-4e9b-a12a-60db797fc26f,1173,2023-05-09T05:37:29.611556+01:00,unclassified,?,11923,0,0,390,404,?
571be6e8-53bb-43af-9b03-43a2447853ae,874,2023-05-09T05:36:21.611556+01:00,unclassified,?,11923,0,0,384,387,?
4a6b49a8-643b-4aef-9b47-45adfba160e8,448,2023-05-09T05:36:24.611556+01:00,unclassified,rabv_ea,11923,2448,2829,358,367,RABV_EA
342efea8-428a-411c-9b30-23a3529b56fe,453,2023-05-09T05:36:20.611556+01:00,unclassified,rabv_ea,11923,9851,10244,349,366,RABV_EA
240aaa23-d555-4098-a9b1-a7140d9ad35b,449,2023-05-09T05:36:20.611556+01:00,unclassified,rabv_ea,11923,9859,10236,336,357,RABV_EA
afb08ec0-bd51-4c68-9f31-4d200af63e13,471,2023-05-09T05:37:14.611556+01:00,unclassified,rabv_ea,11923,10171,10562,357,378,RABV_EA
822899b2-c54b-4fa7-ba5f-91bbe0726a39,458,2023-05-09T04:28:01.611556+01:00,unclassified,rabv_ea,11923,3405,3791,349,364,RABV_EA
a0a1a62c-29c5-45ff-a2d6-476a4ddc673e,518,2023-05-09T05:36:25.611556+01:00,unclassified,rabv_ea,11923,7690,8068,368,374,RABV_EA
e7bab7d7-e9b6-4b5c-ad83-b11448b7709f,454,2023-05-09T05:36:27.611556+01:00,unclassified,rabv_ea,11923,5217,5608,355,369,RABV_EA
d12503aa-cff5-43dd-974f-11ee70d46116,601,2023-05-09T05:37:30.611556+01:00,unclassified,rabv_ea,11923,955,1337,362,373,RABV_EA
e2bed7fa-6c9c-40ca-80d7-3dd7ddb22e95,891,2023-05-09T04:28:13.611556+01:00,unclassified,?,11923,0,0,386,417,?
b063cfec-2c31-4c02-91df-f1e123cc9fd8,959,2023-05-09T05:37:08.611556+01:00,unclassified,?,11923,0,0,375,391,?
0cc98557-3c2e-4155-9687-ec9217d567ea,880,2023-05-09T05:37:12.611556+01:00,unclassified,?,11923,0,0,359,369,?
8a427667-e047-4e24-acb7-3d20a2a8d0b6,492,2023-05-09T04:28:03.611556+01:00,unclassified,rabv_ea,11923,10173,10566,374,389,RABV_EA
d7a3b78e-afa5-4586-817d-2ce0b162c002,887,2023-05-09T05:37:32.611556+01:00,unclassified,?,11923,0,0,384,400,?
f5262560-fedf-4378-b44c-747e72dfe7f9,887,2023-05-09T05:36:38.611556+01:00,unclassified,?,11923,0,0,364,394,?
45d740d4-dfcd-4e42-87cd-c571831a71ef,445,2023-05-09T05:36:22.611556+01:00,unclassified,rabv_ea,11923,11111,11487,359,366,RABV_EA
f5f9a453-5b66-4247-ae1e-b9fd6d47924b,831,2023-05-09T04:28:09.611556+01:00,unclassified,?,11923,0,0,355,391,?
22d37f8c-66e6-4b18-9c19-d14b0cf2443b,1290,2023-05-09T05:37:24.611556+01:00,unclassified,?,11923,0,0,386,400,?
3bbd1fd3-5d01-48c8-a53d-0fb3d3d150d8,1072,2023-05-09T05:37:26.611556+01:00,unclassified,?,11923,0,0,357,378,?
612eba55-444f-4d11-a77d-b46150c95fc0,475,2023-05-09T04:29:17.611556+01:00,unclassified,rabv_ea,11923,2733,3133,372,391,RABV_EA
049e6619-a51b-4739-b5b6-328e99793fb8,464,2023-05-09T04:28:02.611556+01:00,unclassified,rabv_ea,11923,2733,3135,370,392,RABV_EA
2bae5643-5931-46ae-9c45-f7fc682f3d2c,2170,2023-05-09T05:37:26.611556+01:00,unclassified,?,11923,0,0,395,406,?
7254809e-3a66-429c-bc9f-2bc1e39f30a0,854,2023-05-09T05:36:16.611556+01:00,unclassified,?,11923,0,0,366,387,?
590c42c5-43d1-45ef-88a0-05dfffd39292,461,2023-05-09T05:36:16.611556+01:00,unclassified,rabv_ea,11923,10171,10562,341,379,RABV_EA
48ea0620-721b-4f00-9072-b2a2f74e3333,449,2023-05-09T05:36:19.611556+01:00,unclassified,rabv_ea,11923,11112,11494,359,368,RABV_EA
c5b97131-173e-4387-a2a0-26bee910874a,462,2023-05-09T04:29:17.611556+01:00,unclassified,rabv_ea,11923,10166,10561,360,380,RABV_EA
6df1806c-1a86-4a7e-8cab-eb934ea1dd36,333,2023-05-09T05:36:17.611556+01:00,unclassified,rabv_ea,11923,4339,4582,223,232,RABV_EA
a483c5b4-65bd-4f3c-b821-555c085e5dde,485,2023-05-09T05:37:27.611556+01:00,unclassified,rabv_ea,11923,4626,5031,396,402,RABV_EA
6c63d599-46db-4a82-8d10-afc51c98e6c0,408,2023-05-09T04:28:01.611556+01:00,unclassified,rabv_ea,11923,8997,9325,289,312,RABV_EA
53c23abd-be0d-41ec-b850-54211a703e06,1355,2023-05-09T04:28:46.611556+01:00,unclassified,?,11923,0,0,373,389,?
72a13ee5-903e-4b9d-a348-7554b9db756c,880,2023-05-09T04:27:59.611556+01:00,unclassified,?,11923,0,0,373,390,?
98325df1-fa4d-45f3-a634-fa5beea7fff2,1239,2023-05-09T04:29:16.611556+01:00,unclassified,?,11923,0,0,372,380,?
c6ffc8ce-d5ab-40b8-9ab1-97dedfac162c,496,2023-05-09T05:36:42.611556+01:00,unclassified,rabv_ea,11923,10192,10563,341,365,RABV_EA
e48dbeeb-8838-4def-8167-274fa6234479,2560,2023-05-09T04:27:54.611556+01:00,unclassified,?,11923,0,0,382,389,?
ac4a891e-a74c-452b-8fe8-c9f687cb346d,738,2023-05-09T04:29:13.611556+01:00,unclassified,?,11923,0,0,373,385,?
1e356d6c-eca3-434c-a307-75faf331d66a,1101,2023-05-09T04:28:49.611556+01:00,unclassified,?,11923,0,0,355,375,?
015ba820-5728-416a-b676-24e41836cda8,2526,2023-05-09T05:37:21.611556+01:00,unclassified,?,11923,0,0,390,408,?
65ee2611-7fd9-4a95-ab19-210b9573827b,481,2023-05-09T05:37:48.611556+01:00,unclassified,rabv_ea,11923,5212,5578,318,339,RABV_EA
97b48964-a738-46f5-aa8d-c9172c2b4d2a,1306,2023-05-09T05:36:43.611556+01:00,unclassified,?,11923,0,0,386,402,?
bb90fc40-0b30-4d19-bba0-ed6249ef7cb9,925,2023-05-09T04:29:18.611556+01:00,unclassified,?,11923,0,0,352,361,?
84e1c25f-d5e9-4daf-b6ee-5d70591101a8,500,2023-05-09T05:36:38.611556+01:00,unclassified,rabv_ea,11923,7690,8081,349,371,RABV_EA
55a98ae0-4449-43ae-98f9-75f340b659fe,465,2023-05-09T05:37:26.611556+01:00,unclassified,rabv_ea,11923,11111,11494,364,376,RABV_EA
5333372d-bd3a-454c-a645-c3cf33ff278c,486,2023-05-09T05:36:41.611556+01:00,unclassified,rabv_ea,11923,6753,7147,362,373,RABV_EA
e6daef5d-5a31-4754-81e0-687e0a46a05a,545,2023-05-09T05:36:46.611556+01:00,unclassified,rabv_ea,11923,10168,10576,371,399,RABV_EA
aa36481f-d82f-48f5-9f30-7d688df0ec70,610,2023-05-09T05:37:24.611556+01:00,unclassified,?,11923,0,0,336,348,?
4e8d5522-40c1-4a4f-a836-ca443f8efb77,676,2023-05-09T05:37:59.611556+01:00,unclassified,rabv_ea,11923,7693,8081,305,320,RABV_EA
678fa475-3b0f-430a-abd9-dacd5e6bb18d,394,2023-05-09T05:37:50.611556+01:00,unclassified,rabv_ea,11923,8972,9310,310,336,RABV_EA
9f15829d-2c5f-423d-a24a-81a2acb195de,857,2023-05-09T05:37:48.611556+01:00,unclassified,?,11923,0,0,360,376,?
2f6c337a-11c6-46eb-bda5-7301e8501b88,369,2023-05-09T04:28:47.611556+01:00,unclassified,rabv_ea,11923,4339,4575,220,232,RABV_EA
d41bf1da-2a90-44fe-8ef2-80f4cadeb823,446,2023-05-09T04:28:51.611556+01:00,unclassified,rabv_ea,11923,3063,3458,355,378,RABV_EA
b303ee69-ca65-47ed-b2ff-be7f8bbbee0a,865,2023-05-09T05:37:35.611556+01:00,unclassified,?,11923,0,0,333,355,?
e2a6a14d-c844-4c22-beac-5299c8c7cb2c,860,2023-05-09T05:36:54.611556+01:00,unclassified,?,11923,0,0,382,394,?
f1ec84c7-8b8a-4ef3-bcde-d7753cc04c20,852,2023-05-09T05:37:23.611556+01:00,unclassified,?,11923,0,0,384,405,?
746679ed-831e-4389-8797-caf7b38c4682,513,2023-05-09T05:37:25.611556+01:00,unclassified,rabv_ea,11923,7690,8063,348,361,RABV_EA
a5d341e8-f1ef-47d0-a535-9c4702e680a0,468,2023-05-09T05:36:39.611556+01:00,unclassified,rabv_ea,11923,9851,10246,354,378,RABV_EA
9815c29a-2d13-4897-b2cf-fae33031e515,462,2023-05-09T05:37:38.611556+01:00,unclassified,rabv_ea,11923,7702,8081,356,373,RABV_EA
85b92e51-0079-4efe-9514-df2d0b835832,822,2023-05-09T05:36:40.611556+01:00,unclassified,?,11923,0,0,358,374,?
8ceddd43-5e57-4064-a685-5993f43fc99f,926,2023-05-09T05:36:45.611556+01:00,unclassified,?,11923,0,0,377,392,?
6068d9ff-3ead-48ec-9f22-d64634fc0f2b,858,2023-05-09T05:36:54.611556+01:00,unclassified,?,11923,0,0,357,369,?
096e0419-6ace-4bc9-aa7c-bdbe488972cf,467,2023-05-09T04:27:46.611556+01:00,unclassified,rabv_ea,11923,3049,3456,384,393,RABV_EA
c7f847f5-b5e7-4868-ad20-29f61db00219,523,2023-05-09T04:28:47.611556+01:00,unclassified,rabv_ea,11923,10164,10576,355,385,RABV_EA
50d9d9f9-a83d-417f-874f-a327c82b59c8,881,2023-05-09T04:28:48.611556+01:00,unclassified,?,11923,0,0,365,372,?
4712638b-7f58-4dd7-a3d5-4013a907c459,346,2023-05-09T05:37:41.611556+01:00,unclassified,rabv_ea,11923,7687,8007,255,265,RABV_EA
52d729da-ee26-4dee-8b93-7552f11d8be7,889,2023-05-09T05:37:47.611556+01:00,unclassified,?,11923,0,0,382,397,?
4321e023-5839-44c2-9c81-52e9f6ed8cf4,848,2023-05-09T05:36:53.611556+01:00,unclassified,?,11923,0,0,338,360,?
6e99f64a-2ddb-4b81-8694-a9dba25a110c,889,2023-05-09T04:28:47.611556+01:00,unclassified,?,11923,0,0,331,351,?
e3461764-a3b6-4223-9985-691976e200ec,992,2023-05-09T05:37:00.611556+01:00,unclassified,?,11923,0,0,354,383,?
643f1029-b759-46cb-a55f-470135bc36ca,453,2023-05-09T05:36:58.611556+01:00,unclassified,rabv_ea,11923,5248,5608,311,335,RABV_EA
33fad6e6-caad-41d1-abc4-dec6264b7b28,575,2023-05-09T05:37:36.611556+01:00,unclassified,rabv_ea,11923,8937,9325,358,375,RABV_EA
da3b73a0-2f7e-41bc-8355-db0eff7f51ad,895,2023-05-09T05:37:35.611556+01:00,unclassified,?,11923,0,0,347,367,?
9cc635ed-2b07-479e-9ed6-06ca3bcae24f,522,2023-05-09T05:37:53.611556+01:00,unclassified,rabv_ea,11923,10167,10576,365,392,RABV_EA
49bda2d2-76ef-42b6-989d-970ba88bec29,690,2023-05-09T05:37:01.611556+01:00,unclassified,?,11923,0,0,345,369,?
0c7388bd-18bd-4c20-81d4-e7d16d25ab0d,1060,2023-05-09T05:37:51.611556+01:00,unclassified,?,11923,0,0,344,365,?
d6793262-f133-4f62-a6f3-29e35eb0c4f0,503,2023-05-09T05:37:51.611556+01:00,unclassified,rabv_ea,11923,10226,10574,289,330,RABV_EA
8691c53c-2f8f-4ad5-afc2-c2165feaa6f2,863,2023-05-09T05:37:53.611556+01:00,unclassified,?,11923,0,0,344,372,?
a75805fe-0c9e-4244-a7a3-8956d0a4a7de,501,2023-05-09T05:37:52.611556+01:00,unclassified,rabv_ea,11923,7703,8082,367,374,RABV_EA
5c4b076b-e453-43c4-acdf-7752e9e77d7d,1355,2023-05-09T05:37:59.611556+01:00,unclassified,?,11923,0,0,350,365,?
51503e40-43c2-4336-b694-3be8f3a1808f,462,2023-05-09T05:38:00.611556+01:00,unclassified,rabv_ea,11923,7704,8074,352,361,RABV_EA
fb467732-64e8-4db9-abcd-3e0118667900,450,2023-05-09T04:27:47.611556+01:00,unclassified,rabv_ea,11923,11096,11479,342,362,RABV_EA
81335fbc-d817-44ab-9a18-8753232c94dd,432,2023-05-09T05:38:00.611556+01:00,unclassified,rabv_ea,11923,7714,8082,331,354,RABV_EA
940890e5-b97f-4711-be64-fb6bca7dc601,860,2023-05-09T05:38:01.611556+01:00,unclassified,?,11923,0,0,382,391,?
f37e49a3-e8e5-47ae-969d-c8ea0403b189,455,2023-05-09T05:37:55.611556+01:00,unclassified,rabv_ea,11923,7090,7456,340,353,RABV_EA
34834b70-8baa-4a12-a988-d3282ee9408c,468,2023-05-09T05:38:10.611556+01:00,unclassified,rabv_ea,11923,9875,10253,329,356,RABV_EA
41ccc9ce-0236-4a36-adfd-03159d6a7bbc,864,2023-05-09T05:38:01.611556+01:00,unclassified,?,11923,0,0,368,386,?
17aed4e4-fdfe-4fe6-a9a0-8788b86c9851,423,2023-05-09T05:38:07.611556+01:00,unclassified,rabv_ea,11923,4203,4395,180,189,RABV_EA
6eb22eb2-da3a-4a6c-9235-be2958172108,903,2023-05-09T05:38:01.611556+01:00,unclassified,?,11923,0,0,354,379,?
5b49d0d2-a8b2-44ea-94da-9632f8adeced,2145,2023-05-09T05:37:59.611556+01:00,unclassified,?,11923,0,0,392,401,?
8a6d0f90-7c9c-4ca0-9f87-2a9e9ee67d71,504,2023-05-09T05:36:55.611556+01:00,unclassified,rabv_ea,11923,4343,4620,250,263,RABV_EA
bbe81604-5011-4399-bb41-71e96a7c6f61,438,2023-05-09T05:37:52.611556+01:00,unclassified,rabv_ea,11923,1585,1958,323,343,RABV_EA
c66c5695-b4b9-4d67-b0f7-096c1970f0a6,1220,2023-05-09T05:37:53.611556+01:00,unclassified,?,11923,0,0,370,379,?
36eafc7f-c0ea-4e03-9663-a5de1847a6e8,188,2023-05-09T05:38:04.611556+01:00,unclassified,rabv_ea,11923,7348,7467,107,114,RABV_EA
c96e5771-59ee-41f5-9505-07075dad5872,465,2023-05-09T05:37:56.611556+01:00,unclassified,rabv_ea,11923,1565,1958,371,381,RABV_EA
7e4fb2e6-77b6-4052-a5fd-e431c2e48d41,388,2023-05-09T04:28:11.611556+01:00,unclassified,rabv_ea,11923,4187,4422,207,225,RABV_EA
d523e029-06cf-4828-bd67-182c541bcaa8,1237,2023-05-09T05:36:58.611556+01:00,unclassified,?,11923,0,0,376,386,?
b84ec4cc-b94b-4c25-a61d-d15338c64ef0,1179,2023-05-09T05:37:57.611556+01:00,unclassified,?,11923,0,0,367,379,?
83c0a74e-5b7f-4e22-8d42-e65ffdcb072e,1188,2023-05-09T04:28:10.611556+01:00,unclassified,?,11923,0,0,354,382,?
e37070f8-e976-4c06-b63e-8daca917b58c,290,2023-05-09T05:38:01.611556+01:00,unclassified,rabv_ea,11923,2431,2566,126,130,RABV_EA
3bd07515-6b38-4a7c-82cd-a3cb609c34bb,1540,2023-05-09T04:27:43.611556+01:00,unclassified,?,11923,0,0,871,945,?
194e2bb7-3054-4dec-843e-d07897aed5d2,471,2023-05-09T05:38:01.611556+01:00,unclassified,rabv_ea,11923,3405,3791,361,380,RABV_EA
8c1211f0-d0c5-4cb3-bfbc-b1a7889fbcdb,456,2023-05-09T05:37:26.611556+01:00,unclassified,rabv_ea,11923,7705,8081,352,371,RABV_EA
eb7e874e-b9a0-4dc1-b7c1-caf55124c062,507,2023-05-09T05:37:04.611556+01:00,unclassified,rabv_ea,11923,8927,9325,364,372,RABV_EA
5e1b5a72-c5a9-468a-9fa6-ad2980d1da6e,588,2023-05-09T05:38:06.611556+01:00,unclassified,rabv_ea,11923,9089,9325,218,229,RABV_EA
585c25ff-a147-4c26-86ee-9631b6e3f181,1259,2023-05-09T05:37:01.611556+01:00,unclassified,?,11923,0,0,359,384,?
2db92fad-0240-4839-9b52-88a1b447e4d2,441,2023-05-09T05:38:14.611556+01:00,unclassified,rabv_ea,11923,3722,4097,324,352,RABV_EA
f5b7a28f-50ea-4e75-9160-d155e1719393,454,2023-05-09T05:36:56.611556+01:00,unclassified,rabv_ea,11923,319,691,334,358,RABV_EA
0e47f13c-2cfe-4e4b-87b8-2580d7341bfb,1291,2023-05-09T05:38:08.611556+01:00,unclassified,?,11923,0,0,392,405,?
4279dccd-cdd8-4302-a2e8-3aebfba984d8,465,2023-05-09T05:37:30.611556+01:00,unclassified,rabv_ea,11923,1567,1958,360,372,RABV_EA
ad0431f8-7d5f-4d37-955f-bf82105f42fb,455,2023-05-09T04:28:14.611556+01:00,unclassified,rabv_ea,11923,9554,9940,351,368,RABV_EA
66af2da6-f7f0-48e9-8426-2a8ef9e17c4d,311,2023-05-09T05:37:28.611556+01:00,unclassified,rabv_ea,11923,7917,8081,157,162,RABV_EA
8bfc9dc2-8c79-4851-8742-542b05a27687,1366,2023-05-09T04:28:09.611556+01:00,unclassified,?,11923,0,0,373,388,?
b0857081-28cc-4060-9a60-31700b7a4cb0,241,2023-05-09T05:37:29.611556+01:00,unclassified,rabv_ea,11923,9140,9324,157,168,RABV_EA
cd918f73-8035-4868-a0f5-93f4c6fd7d76,467,2023-05-09T04:28:11.611556+01:00,unclassified,rabv_ea,11923,5836,6222,369,379,RABV_EA
2a3054bc-6779-43b5-9657-8778ecac0433,1400,2023-05-09T05:38:03.611556+01:00,unclassified,?,11923,0,0,363,384,?
7534cf44-e6f5-4020-b470-9df2a2996168,512,2023-05-09T05:38:13.611556+01:00,unclassified,rabv_ea,11923,613,1033,372,397,RABV_EA
b060d5a9-1564-4bd1-be30-cf2593cb916b,446,2023-05-09T05:36:55.611556+01:00,unclassified,rabv_ea,11923,7704,8081,352,368,RABV_EA
873c3779-39c1-4ee2-afc3-1e6e9d3ea556,1557,2023-05-09T05:38:02.611556+01:00,unclassified,?,11923,0,0,382,396,?
ce8c9805-e0e0-4c45-b65a-bc595cc935d5,2157,2023-05-09T05:37:17.611556+01:00,unclassified,?,11923,0,0,381,394,?
51462706-9810-423e-bf97-ba398114dc7d,294,2023-05-09T05:37:24.611556+01:00,unclassified,rabv_ea,11923,9137,9325,171,181,RABV_EA
1bc9c160-34cc-4b2c-9446-fcac11d79b8f,471,2023-05-09T05:38:03.611556+01:00,unclassified,rabv_ea,11923,5204,5597,371,383,RABV_EA
7276d262-7356-412e-919d-1d3955765ea7,872,2023-05-09T05:38:22.611556+01:00,unclassified,?,11923,0,0,351,370,?
2cd31c19-7760-4f97-a2e7-3632bd850a1e,493,2023-05-09T05:38:14.611556+01:00,unclassified,rabv_ea,11923,1566,1945,359,377,RABV_EA
216574ea-eccf-4440-ae1c-a0416bb13498,445,2023-05-09T05:37:24.611556+01:00,unclassified,rabv_ea,11923,5867,6223,316,339,RABV_EA
aa7de01b-4761-4705-920f-507e6c0c9a6c,2289,2023-05-09T05:38:16.611556+01:00,unclassified,?,11923,0,0,365,381,?
48270547-edc6-4bc7-8e0f-a97266752523,372,2023-05-09T05:37:03.611556+01:00,unclassified,rabv_ea,11923,9109,9325,199,208,RABV_EA
7f00fcaa-09cc-4ebe-aa84-90bdfed566ad,947,2023-05-09T05:37:03.611556+01:00,unclassified,?,11923,0,0,374,392,?
063a4039-7ea5-47fd-b725-18c582d3eec0,469,2023-05-09T05:37:04.611556+01:00,unclassified,rabv_ea,11923,1575,1958,359,373,RABV_EA
6fcee2a5-534e-40e3-affc-3dff9911fb86,823,2023-05-09T05:36:45.611556+01:00,unclassified,?,11923,0,0,349,377,?
69bf42a6-ed81-467f-bda1-b1f6a661fd98,906,2023-05-09T05:37:05.611556+01:00,unclassified,?,11923,0,0,357,369,?
033e4b8f-7622-42fd-b215-1a601efc47b6,451,2023-05-09T05:37:27.611556+01:00,unclassified,rabv_ea,11923,319,697,352,370,RABV_EA
e2a95bdb-f0d6-4fcb-8798-2f6bc23c34f5,713,2023-05-09T05:37:28.611556+01:00,unclassified,rabv_ea,11923,1619,1958,318,326,RABV_EA
a69d20b9-5608-4972-88d9-118f6b8ea832,352,2023-05-09T05:37:04.611556+01:00,unclassified,rabv_ea,11923,5752,5899,129,136,RABV_EA
2622192a-754c-463e-a299-b1bb4d9f4f9e,450,2023-05-09T05:37:38.611556+01:00,unclassified,rabv_ea,11923,8941,9330,363,374,RABV_EA
c0a65fa0-7069-4138-99d5-193e1d6c50a3,818,2023-05-09T04:27:35.611556+01:00,unclassified,?,11923,0,0,374,384,?
424dc3fe-0cea-4866-9bc9-4287758650c4,457,2023-05-09T05:37:38.611556+01:00,unclassified,rabv_ea,11923,6424,6780,325,342,RABV_EA
9887fef5-b908-48a6-a401-c4326adbb782,503,2023-05-09T05:37:05.611556+01:00,unclassified,rabv_ea,11923,9579,9940,321,344,RABV_EA
ecbcce3f-e022-46ca-8e7d-a107df076df5,852,2023-05-09T05:37:34.611556+01:00,unclassified,?,11923,0,0,362,373,?
bead9147-9c84-44ad-b5ae-4dcc1d4d9445,465,2023-05-09T05:37:03.611556+01:00,unclassified,rabv_ea,11923,9851,10243,373,385,RABV_EA
980319cd-732e-4e58-95c9-f39fca9b6bb1,1118,2023-05-09T05:37:03.611556+01:00,unclassified,?,11923,0,0,377,396,?
7aba6341-caf8-468e-8ae9-00fc576fdae2,1685,2023-05-09T05:37:03.611556+01:00,unclassified,?,11923,0,0,377,383,?
4baca978-178c-4683-bd35-01e4e26f6790,849,2023-05-09T05:37:22.611556+01:00,unclassified,?,11923,0,0,360,383,?
1bd1cdc4-7f06-449d-aa22-8b858d04ac37,1334,2023-05-09T05:38:13.611556+01:00,unclassified,rabv_ea,11923,6449,7474,895,981,RABV_EA
c708a2f3-191a-45ea-8c7d-2472738e8d58,1324,2023-05-09T05:37:23.611556+01:00,unclassified,?,11923,0,0,370,386,?
741d7006-1418-49cc-b6d7-125f14d9e83c,429,2023-05-09T05:37:24.611556+01:00,unclassified,rabv_ea,11923,7690,8063,347,358,RABV_EA
8fe94a7b-8199-4056-a9b1-ac2f35d45bd0,539,2023-05-09T05:37:05.611556+01:00,unclassified,rabv_ea,11923,10164,10576,364,397,RABV_EA
0d3a52c9-92f0-4334-98a3-75d9d2b1000a,458,2023-05-09T05:38:02.611556+01:00,unclassified,rabv_ea,11923,4639,5035,334,362,RABV_EA
5afc0139-484d-4949-8ca2-0dbc096b03d2,851,2023-05-09T04:28:35.611556+01:00,unclassified,?,11923,0,0,365,379,?
b2149478-e2b4-4970-84b4-0060387ff279,456,2023-05-09T04:28:40.611556+01:00,unclassified,rabv_ea,11923,6424,6819,360,381,RABV_EA
a0ce98f6-11f3-47a5-b220-dc9d3f3ba794,212,2023-05-09T05:38:30.611556+01:00,unclassified,*,0,0,0,0,0,*
3ea74c3d-414d-4ada-adaa-9c66247ad7b3,522,2023-05-09T04:27:26.611556+01:00,unclassified,rabv_ea,11923,10167,10532,335,357,RABV_EA
fdf17c39-6240-4f9d-b7c1-55004c529b54,880,2023-05-09T04:27:22.611556+01:00,unclassified,?,11923,0,0,388,402,?
9a67211f-b752-4d30-9a7a-69d197ec0e12,848,2023-05-09T05:38:19.611556+01:00,unclassified,?,11923,0,0,370,384,?
cb85f22a-13cc-4424-a7eb-7e5475cf3d83,1065,2023-05-09T05:38:26.611556+01:00,unclassified,?,11923,0,0,373,391,?
7a44b8c5-8bdf-4bdd-b0a1-04ee271dbf08,945,2023-05-09T05:37:02.611556+01:00,unclassified,?,11923,0,0,366,383,?
e57e0086-c64a-4c8e-83df-f8b472da6ea9,920,2023-05-09T05:37:34.611556+01:00,unclassified,?,11923,0,0,361,385,?
1f2efc01-6d5a-4c96-903a-4b88b987a811,823,2023-05-09T04:28:40.611556+01:00,unclassified,?,11923,0,0,379,384,?
49c1045d-ade7-4ec5-84e4-3caf7521e936,400,2023-05-09T05:37:00.611556+01:00,unclassified,rabv_ea,11923,4339,4617,251,270,RABV_EA
d171e048-1d45-4cdf-b42e-1f25a4d65029,837,2023-05-09T05:38:21.611556+01:00,unclassified,?,11923,0,0,360,380,?
22fa8594-1e98-49c3-946d-8573575fbab7,673,2023-05-09T05:37:05.611556+01:00,unclassified,rabv_ea,11923,9926,10516,544,572,RABV_EA
edacf930-d6f8-44d1-b9ca-b71677f220a2,438,2023-05-09T05:36:59.611556+01:00,unclassified,rabv_ea,11923,73,459,356,365,RABV_EA
2ac1e282-b0ff-429c-878a-b64ddcf85154,721,2023-05-09T05:38:21.611556+01:00,unclassified,rabv_ea,11923,3376,3791,363,397,RABV_EA
e5051907-ae80-47d0-8381-a19484a6df82,535,2023-05-09T05:37:35.611556+01:00,unclassified,*,0,0,0,0,0,*
7d5922ef-38ad-4991-9edb-8c318aa0bc2f,461,2023-05-09T05:37:01.611556+01:00,unclassified,rabv_ea,11923,7693,8064,353,363,RABV_EA
5b2b6762-da81-4e05-b1bd-d01fbd086aa1,549,2023-05-09T04:27:25.611556+01:00,unclassified,rabv_ea,11923,10194,10576,353,376,RABV_EA
6c4eec08-00ce-415c-a72c-ad4ca05b13a6,931,2023-05-09T05:38:26.611556+01:00,unclassified,?,11923,0,0,371,380,?
094c1762-7b64-490b-bb0b-4c78177786ee,453,2023-05-09T05:37:46.611556+01:00,unclassified,rabv_ea,11923,5846,6223,333,355,RABV_EA
88bacfc8-30ed-4d49-bbed-78083c33c60c,473,2023-05-09T05:38:29.611556+01:00,unclassified,rabv_ea,11923,11405,11796,362,384,RABV_EA
22a9f164-ed5e-4b63-b5df-67a17d7394e7,980,2023-05-09T04:28:17.611556+01:00,unclassified,?,11923,0,0,381,391,?
d93b5215-0d17-4d12-b018-4a9d08c60911,864,2023-05-09T05:37:38.611556+01:00,unclassified,?,11923,0,0,372,396,?
8257313a-46a2-47fb-b77c-3a85f6a0d80d,458,2023-05-09T05:38:27.611556+01:00,unclassified,rabv_ea,11923,9869,10254,348,365,RABV_EA
f8db3628-6a72-461d-8e30-10be3928fbd2,870,2023-05-09T05:37:46.611556+01:00,unclassified,?,11923,0,0,359,378,?
64244c05-169a-41b4-9dd0-2c3dc828280c,463,2023-05-09T05:38:31.611556+01:00,unclassified,rabv_ea,11923,8950,9325,341,361,RABV_EA
9dc52d02-9a22-4446-a39c-f1c444ebc4d9,467,2023-05-09T05:37:34.611556+01:00,unclassified,rabv_ea,11923,7075,7464,381,384,RABV_EA
bec9e4d1-e36c-4dbd-85ee-37e722a1d663,4421,2023-05-09T05:38:21.611556+01:00,unclassified,?,11923,0,0,393,403,?
42c9c86a-6a09-4139-84a7-d07ed0cdb87f,1207,2023-05-09T04:26:49.611556+01:00,unclassified,?,11923,0,0,361,373,?
c9e85a3b-defe-45e3-adc2-21080bde3ef8,1973,2023-05-09T05:38:44.611556+01:00,unclassified,?,11923,0,0,348,367,?
c06e617c-7498-4537-86cb-e2961dfdd02f,1129,2023-05-09T05:38:16.611556+01:00,unclassified,?,11923,0,0,361,393,?
8f2c6375-fd09-4c97-b942-1bb468591fd6,469,2023-05-09T05:38:16.611556+01:00,unclassified,rabv_ea,11923,3065,3457,352,376,RABV_EA
77eaa9f3-42fa-4fd9-a79a-c82db5f8f762,383,2023-05-09T05:38:16.611556+01:00,unclassified,rabv_ea,11923,3062,3372,270,295,RABV_EA
53e59b80-3062-49cf-a400-172b5c1c64b3,356,2023-05-09T05:37:44.611556+01:00,unclassified,*,0,0,0,0,0,*
5d02442c-a655-4e54-a760-58f2f3b92c1a,452,2023-05-09T05:37:11.611556+01:00,unclassified,rabv_ea,11923,319,695,349,370,RABV_EA
7a076513-58f6-4c93-9983-96e94031de08,472,2023-05-09T04:26:58.611556+01:00,unclassified,rabv_ea,11923,5211,5599,363,383,RABV_EA
aea1186c-a79e-4464-8bb7-f191b1c8ef4b,885,2023-05-09T04:27:02.611556+01:00,unclassified,?,11923,0,0,367,389,?
5019ffcb-67c4-4f98-b92c-d540871b9f91,455,2023-05-09T05:37:45.611556+01:00,unclassified,rabv_ea,11923,9577,9940,336,350,RABV_EA
a44cb4bc-0d79-4a85-b787-9b0e2cc8af8a,873,2023-05-09T04:28:14.611556+01:00,unclassified,?,11923,0,0,372,391,?
08ffc53c-39af-4ca5-9c29-65e7cc53584b,425,2023-05-09T04:27:04.611556+01:00,unclassified,rabv_ea,11923,7113,7467,297,327,RABV_EA
107d4780-3b55-45aa-9527-f24bae22e45f,403,2023-05-09T04:27:05.611556+01:00,unclassified,rabv_ea,11923,9090,9325,214,232,RABV_EA
35e2dc7f-f71c-4702-9441-9392a71d1b8a,609,2023-05-09T05:38:49.611556+01:00,unclassified,?,11923,0,0,161,173,?
1c9bb4f9-02d3-4af0-a595-b2e6bf37f595,1187,2023-05-09T05:38:47.611556+01:00,unclassified,?,11923,0,0,374,385,?
b48fb672-608d-4b87-a492-0f18879d4c05,606,2023-05-09T05:38:47.611556+01:00,unclassified,?,11923,0,0,369,381,?
f7c524e5-b9b6-4793-a0c5-cabeb4939165,468,2023-05-09T05:38:14.611556+01:00,unclassified,rabv_ea,11923,1565,1956,361,375,RABV_EA
ae0941fc-59d2-48c3-a791-b86308753745,463,2023-05-09T05:38:50.611556+01:00,unclassified,rabv_ea,11923,2735,3133,356,376,RABV_EA
edf73c3b-d7bc-4ade-afa6-9faf66b10b4b,467,2023-05-09T05:37:11.611556+01:00,unclassified,rabv_ea,11923,1580,1949,344,353,RABV_EA
eb4ad3f8-fcfa-4906-b618-02baa790f792,605,2023-05-09T05:37:12.611556+01:00,unclassified,rabv_ea,11923,6424,6834,383,396,RABV_EA
35d3772f-8a86-47a6-b628-aebc58a2ab93,456,2023-05-09T04:26:58.611556+01:00,unclassified,rabv_ea,11923,1567,1958,369,382,RABV_EA
db6f19ef-a8f6-424f-9983-6d54499e15b5,1712,2023-05-09T05:38:45.611556+01:00,unclassified,?,11923,0,0,740,779,?
f0aa8786-cc3c-4dbc-962d-adb0b61819ce,776,2023-05-09T05:37:12.611556+01:00,unclassified,?,11923,0,0,376,391,?
d6d6705a-8b37-4974-b4b6-721a70739824,873,2023-05-09T05:37:17.611556+01:00,unclassified,?,11923,0,0,369,384,?
2303bed1-25db-4c80-8c3e-4d1ab53a0142,1586,2023-05-09T05:37:20.611556+01:00,unclassified,?,11923,0,0,340,361,?
5420259e-cbfd-46c3-bf7f-004d48a2c260,2336,2023-05-09T05:37:18.611556+01:00,unclassified,?,11923,0,0,359,382,?
ad99daac-7d78-4a3a-b076-17da2bac923f,1636,2023-05-09T05:38:48.611556+01:00,unclassified,rabv_ea,11923,8927,9322,351,375,RABV_EA
1fbe73eb-891b-4bba-bd93-608cbef8d5f3,871,2023-05-09T05:38:25.611556+01:00,unclassified,?,11923,0,0,357,380,?
34e439a3-c1dd-4499-8043-ce815c0ef5b1,452,2023-05-09T05:38:34.611556+01:00,unclassified,rabv_ea,11923,11113,11487,341,363,RABV_EA
9c36c03e-4942-4f6e-88b3-22fd09621d88,754,2023-05-09T05:38:23.611556+01:00,unclassified,?,11923,0,0,376,390,?
c3934317-a3ae-4eea-826d-0944bd59614a,230,2023-05-09T05:38:46.611556+01:00,unclassified,rabv_ea,11923,9241,9320,76,77,RABV_EA
4e16d6f7-c9f2-4c8e-82bd-4a00dc926f3d,431,2023-05-09T04:28:01.611556+01:00,unclassified,rabv_ea,11923,5870,6223,332,342,RABV_EA
26fb9926-2c10-43c1-8520-ca50db045944,437,2023-05-09T05:38:26.611556+01:00,unclassified,rabv_ea,11923,3062,3457,350,375,RABV_EA
3fb87bc0-4961-4415-9933-8cb487e94c89,462,2023-05-09T04:28:02.611556+01:00,unclassified,rabv_ea,11923,10164,10556,355,378,RABV_EA
0857afce-5015-4e34-ab54-0a3bd25d13e1,464,2023-05-09T05:38:44.611556+01:00,unclassified,rabv_ea,11923,7075,7467,370,383,RABV_EA
5175009a-1e30-480f-bf9a-61e14c0229f1,393,2023-05-09T05:37:20.611556+01:00,unclassified,rabv_ea,11923,1017,1333,294,307,RABV_EA
44323aa5-155f-4299-92d0-1e63885b1f17,1259,2023-05-09T05:38:45.611556+01:00,unclassified,?,11923,0,0,393,411,?
170a9a6e-8598-44c0-a0a2-628bc5efb4ae,539,2023-05-09T05:37:13.611556+01:00,unclassified,rabv_ea,11923,613,1034,390,404,RABV_EA
7be97805-cabd-426a-844e-4f42bd58a3c7,846,2023-05-09T05:38:46.611556+01:00,unclassified,?,11923,0,0,360,368,?
d8a66ff1-c176-4e94-96df-e7a0d142241c,859,2023-05-09T05:38:50.611556+01:00,unclassified,?,11923,0,0,385,393,?
b48e4bb1-9e87-41be-bf04-ac0403cce7f2,455,2023-05-09T05:38:27.611556+01:00,unclassified,rabv_ea,11923,5198,5592,361,380,RABV_EA
30630167-06d6-4351-a090-aa8e70612baa,435,2023-05-09T05:38:51.611556+01:00,unclassified,rabv_ea,11923,9126,9325,179,198,RABV_EA
8cb15bd0-1825-4f3d-b0c1-9a77c5f2da87,469,2023-05-09T05:37:46.611556+01:00,unclassified,rabv_ea,11923,9579,9927,324,341,RABV_EA
37893112-83d4-40bb-bfaa-5c7094ef567b,458,2023-05-09T05:38:59.611556+01:00,unclassified,rabv_ea,11923,1567,1958,364,380,RABV_EA
4c9d1fe7-e176-479d-8964-609b57f2dac2,2170,2023-05-09T05:38:51.611556+01:00,unclassified,?,11923,0,0,407,420,?
c074c2e9-8066-4947-bb7d-983b3dfe5f1c,846,2023-05-09T05:38:56.611556+01:00,unclassified,?,11923,0,0,377,381,?
83c3a7d6-7faf-4731-ae8b-2110aab1fa4e,449,2023-05-09T05:38:58.611556+01:00,unclassified,rabv_ea,11923,10170,10546,320,347,RABV_EA
51f2b79c-41eb-4d31-b42a-6a3dd3cc9678,2067,2023-05-09T05:38:59.611556+01:00,unclassified,?,11923,0,0,381,400,?
ec38295b-ddbc-49a6-89cd-10694593d7a7,478,2023-05-09T05:38:57.611556+01:00,unclassified,rabv_ea,11923,9550,9940,354,376,RABV_EA
57dc8671-ac63-42d0-ae35-17ff2c1a0bf5,430,2023-05-09T05:38:38.611556+01:00,unclassified,rabv_ea,11923,10175,10557,338,361,RABV_EA
93fe3f60-86f4-4cbc-bbdf-80f0dce307c0,470,2023-05-09T05:39:07.611556+01:00,unclassified,rabv_ea,11923,1565,1958,372,383,RABV_EA
1655cac3-bdcd-457f-9f03-5901345b337b,390,2023-05-09T05:38:57.611556+01:00,unclassified,rabv_ea,11923,4626,4936,285,299,RABV_EA
55297fe9-f02d-461c-9edf-a088c25010b6,463,2023-05-09T05:37:46.611556+01:00,unclassified,rabv_ea,11923,11111,11492,331,365,RABV_EA
60594174-11ca-471b-a4e6-d948f05ef26b,450,2023-05-09T05:38:58.611556+01:00,unclassified,rabv_ea,11923,7075,7474,369,379,RABV_EA
2069f3eb-1cac-4d82-976a-6dec4a478d18,849,2023-05-09T05:38:37.611556+01:00,unclassified,?,11923,0,0,357,378,?
be1454df-76a0-4d1c-9a47-acb1d53a5a61,871,2023-05-09T05:38:57.611556+01:00,unclassified,?,11923,0,0,343,372,?
b59ee84c-04bc-42bc-8e14-f5f0ad5732a1,477,2023-05-09T05:38:36.611556+01:00,unclassified,rabv_ea,11923,1576,1958,356,368,RABV_EA
dd2e2029-292e-4785-a8f5-ab92647856e4,264,2023-05-09T05:38:36.611556+01:00,unclassified,rabv_ea,11923,4349,4486,126,132,RABV_EA
35683cbe-23e0-4d13-b486-ce54e813619c,387,2023-05-09T05:37:38.611556+01:00,unclassified,*,0,0,0,0,0,*
7e806ddd-e0c5-44aa-849f-e1a9fe404500,466,2023-05-09T05:39:07.611556+01:00,unclassified,rabv_ea,11923,1879,2241,336,345,RABV_EA
b9cc1095-82f2-41c3-8283-c83c963c9958,428,2023-05-09T05:38:32.611556+01:00,unclassified,rabv_ea,11923,11399,11770,322,341,RABV_EA
897fc87e-a7cf-40bf-8d48-9b4a2d99119b,906,2023-05-09T05:38:33.611556+01:00,unclassified,?,11923,0,0,336,352,?
aa83950a-6a7c-4b4c-987b-39fe40f396a7,454,2023-05-09T05:39:05.611556+01:00,unclassified,rabv_ea,11923,1567,1956,368,373,RABV_EA
4438661e-853b-4ca0-9e51-844cd9d5766a,1439,2023-05-09T05:38:34.611556+01:00,unclassified,?,11923,0,0,353,366,?
3800ca33-6702-4222-b9c5-1da0356567cb,463,2023-05-09T05:38:37.611556+01:00,unclassified,rabv_ea,11923,11110,11494,367,378,RABV_EA
d42d27ce-b158-4bdc-a886-65635db050be,880,2023-05-09T05:38:54.611556+01:00,unclassified,?,11923,0,0,375,383,?
f1614779-466f-47bf-8daf-11c13aff0186,481,2023-05-09T05:39:07.611556+01:00,unclassified,rabv_ea,11923,5836,6223,350,367,RABV_EA
943aee86-acca-4bb5-84d3-d6c4b1cf6a67,477,2023-05-09T05:37:57.611556+01:00,unclassified,rabv_ea,11923,9866,10262,373,387,RABV_EA
dbe6ca68-79c5-4128-9315-86e051926ec0,459,2023-05-09T05:37:58.611556+01:00,unclassified,rabv_ea,11923,1864,2249,366,372,RABV_EA
95095790-d49c-4c08-a27b-45bbaf270ea5,449,2023-05-09T05:37:58.611556+01:00,unclassified,rabv_ea,11923,7702,8081,350,368,RABV_EA
62c8458a-68fd-45d5-87ca-be77cc5fcadb,1666,2023-05-09T04:26:44.611556+01:00,unclassified,?,11923,0,0,366,383,?
04f96902-b0af-4e9e-8007-5f53f58dcf75,954,2023-05-09T05:38:41.611556+01:00,unclassified,?,11923,0,0,391,397,?
29ab055c-4a91-4e36-95b2-57cbaa59496d,475,2023-05-09T05:38:52.611556+01:00,unclassified,rabv_ea,11923,5199,5595,352,381,RABV_EA
ba6148ea-3d93-4976-994b-637140a125af,457,2023-05-09T05:37:43.611556+01:00,unclassified,rabv_ea,11923,3399,3791,341,375,RABV_EA
32a8d8cf-cdab-4ad1-a9ff-27e006a2d7dc,1087,2023-05-09T04:26:45.611556+01:00,unclassified,?,11923,0,0,356,376,?
95e16d12-3877-40bf-9fe8-1a12307bc6c4,1742,2023-05-09T05:38:52.611556+01:00,unclassified,?,11923,0,0,369,398,?
5ae328fa-0dc5-44be-adc6-967aa42a4d65,454,2023-05-09T04:26:46.611556+01:00,unclassified,rabv_ea,11923,1567,1956,354,372,RABV_EA
ff58f69d-615f-4701-ba19-a69e817cf07b,435,2023-05-09T05:37:52.611556+01:00,unclassified,rabv_ea,11923,6133,6513,328,356,RABV_EA
820c8570-ce3f-44fc-b664-cdc335a2c33b,238,2023-05-09T05:39:24.611556+01:00,unclassified,?,11923,0,0,94,97,?
b1cfcd9e-d1b7-4a56-acc7-1abab20954eb,838,2023-05-09T05:39:03.611556+01:00,unclassified,?,11923,0,0,351,365,?
4d32a6c9-ac79-4687-9596-9897eca0b9b2,863,2023-05-09T05:39:05.611556+01:00,unclassified,?,11923,0,0,367,378,?
27fa0814-7c98-4d74-ad25-d0dd4457b582,395,2023-05-09T04:27:44.611556+01:00,unclassified,rabv_ea,11923,8992,9325,301,320,RABV_EA
66f0ac8c-f9c8-4f23-aa78-480c4c10c190,443,2023-05-09T04:26:47.611556+01:00,unclassified,rabv_ea,11923,10168,10567,363,381,RABV_EA
97cce764-5614-4d5f-a1cf-e7d5a00a0fd9,462,2023-05-09T04:26:49.611556+01:00,unclassified,rabv_ea,11923,9870,10252,342,362,RABV_EA
eca1333f-488c-478f-a669-b48076ed3f7d,1265,2023-05-09T05:39:02.611556+01:00,unclassified,?,11923,0,0,370,395,?
c0c105b3-b699-4762-af42-7e3834d466fb,654,2023-05-09T04:26:49.611556+01:00,unclassified,rabv_ea,11923,81,459,326,345,RABV_EA
4bc01b3c-ed43-4350-91a7-fe11243aeadb,448,2023-05-09T04:26:49.611556+01:00,unclassified,rabv_ea,11923,11111,11493,342,369,RABV_EA
892c5e29-fa6e-40d5-a3cf-68df913018f5,265,2023-05-09T05:39:04.611556+01:00,unclassified,*,0,0,0,0,0,*
41655465-9cf4-4f0b-925d-0829ae31583e,623,2023-05-09T05:39:05.611556+01:00,unclassified,?,11923,0,0,301,304,?
e57679bf-4d35-4c8f-aa14-c03e6ee52574,1253,2023-05-09T05:39:00.611556+01:00,unclassified,?,11923,0,0,358,390,?
9d7cb105-78aa-4ba1-ad5f-fb8c2e3fdbb8,1353,2023-05-09T05:37:50.611556+01:00,unclassified,?,11923,0,0,397,405,?
d89007f3-8b49-4eb1-8dfd-0f98836afed8,444,2023-05-09T05:37:58.611556+01:00,unclassified,rabv_ea,11923,8941,9325,365,377,RABV_EA
34297bec-b50b-4ac7-9a82-e625c00437f9,443,2023-05-09T05:37:57.611556+01:00,unclassified,rabv_ea,11923,9882,10247,325,347,RABV_EA
4171a7e2-823d-4fa5-b742-78b8d1a5b4e7,815,2023-05-09T05:39:22.611556+01:00,unclassified,?,11923,0,0,341,361,?
657d416f-9ff4-4333-991e-ff73d1920e52,852,2023-05-09T05:37:53.611556+01:00,unclassified,?,11923,0,0,357,374,?
f2d3e10e-fea0-4bd4-aad2-cf9dab8b8c3b,467,2023-05-09T04:26:46.611556+01:00,unclassified,rabv_ea,11923,11407,11794,344,370,RABV_EA
58e016c0-c95f-4f78-9d5d-afb5fe14392d,644,2023-05-09T04:26:49.611556+01:00,unclassified,rabv_ea,11923,3385,3775,344,369,RABV_EA
c4bdbd2f-a218-4272-be85-5ce7298e8f14,1173,2023-05-09T04:26:44.611556+01:00,unclassified,?,11923,0,0,381,396,?
2035f6fd-e72d-4722-aa76-106c8a44dc83,1898,2023-05-09T04:26:45.611556+01:00,unclassified,?,11923,0,0,778,800,?
34367561-cb3d-4b23-969f-dc7085481055,271,2023-05-09T04:27:47.611556+01:00,unclassified,rabv_ea,11923,5212,5354,132,138,RABV_EA
311fda70-c3f6-4d48-a69b-481d9b1c669b,518,2023-05-09T04:26:47.611556+01:00,unclassified,rabv_ea,11923,9855,10263,369,398,RABV_EA
51c8fcd2-6ee4-4c47-86ef-d0953b1ddd26,864,2023-05-09T05:39:19.611556+01:00,unclassified,?,11923,0,0,359,377,?
89bc760e-badf-423b-8499-bb9a83011e0e,1672,2023-05-09T05:37:48.611556+01:00,unclassified,?,11923,0,0,384,398,?
cae59f6c-aa86-430b-bb30-01b3b19caa15,192,2023-05-09T05:38:10.611556+01:00,unclassified,*,0,0,0,0,0,*
2b5a8340-3610-4701-a896-34784f90b7a0,1264,2023-05-09T05:39:18.611556+01:00,unclassified,?,11923,0,0,368,391,?
ecd1310f-725a-44f2-a69a-80f61b9b65e9,469,2023-05-09T05:38:07.611556+01:00,unclassified,rabv_ea,11923,11113,11494,354,369,RABV_EA
7ffd1c4a-187c-46ee-8c4e-62f63c0b13d3,259,2023-05-09T05:38:10.611556+01:00,unclassified,rabv_ea,11923,6016,6222,186,192,RABV_EA
c3ac672b-483a-4407-80ad-43c2cae31693,456,2023-05-09T05:39:25.611556+01:00,unclassified,rabv_ea,11923,1567,1958,368,378,RABV_EA
d8d8b19d-fd5b-4fe8-ab45-f13f2ce8a936,941,2023-05-09T05:39:33.611556+01:00,unclassified,?,11923,0,0,376,391,?
fd57bccc-87aa-4590-bd8c-9a7de87217e7,463,2023-05-09T05:39:08.611556+01:00,unclassified,rabv_ea,11923,5200,5592,346,377,RABV_EA
ff0df74b-00b9-47ee-a91b-4af94e5bc0a8,561,2023-05-09T05:39:10.611556+01:00,unclassified,rabv_ea,11923,10177,10576,364,383,RABV_EA
017013a7-322d-40c3-bf78-809a9f06c57f,516,2023-05-09T05:39:20.611556+01:00,unclassified,rabv_ea,11923,8927,9325,352,376,RABV_EA
7c6f771d-7386-46d2-a68b-85f55e0caf98,321,2023-05-09T05:38:10.611556+01:00,unclassified,rabv_ea,11923,4228,4418,184,187,RABV_EA
203e0f03-edd5-4de5-a8b5-caeb8704d35b,1487,2023-05-09T05:39:19.611556+01:00,unclassified,?,11923,0,0,326,347,?
aa6d6ae4-d091-4d47-9875-c9c3a7a6781d,458,2023-05-09T05:39:33.611556+01:00,unclassified,rabv_ea,11923,11109,11492,352,370,RABV_EA
8204153c-d56d-4d9c-92b3-657ca29b6541,928,2023-05-09T05:38:08.611556+01:00,unclassified,?,11923,0,0,372,401,?
ea570742-9a05-4dd7-aad9-829e6c4dcc4f,1325,2023-05-09T04:27:44.611556+01:00,unclassified,?,11923,0,0,385,402,?
e9e82b6b-0b7a-4cb5-8dff-788288b97b50,1049,2023-05-09T05:39:31.611556+01:00,unclassified,?,11923,0,0,351,367,?
317cab1a-e996-40af-817e-142ff3f8024a,460,2023-05-09T04:27:48.611556+01:00,unclassified,rabv_ea,11923,11109,11494,362,380,RABV_EA
553a8212-3426-4f8d-a99c-4feb920e54c8,455,2023-05-09T04:27:44.611556+01:00,unclassified,rabv_ea,11923,11110,11494,363,378,RABV_EA
4fd4d190-ec12-459b-9291-637f6a77e4ef,315,2023-05-09T04:27:46.611556+01:00,unclassified,*,0,0,0,0,0,*
ea307e3a-1516-49a3-bacd-1b0353e62e93,383,2023-05-09T05:39:20.611556+01:00,unclassified,rabv_ea,11923,10164,10559,315,344,RABV_EA
019e2b7c-873a-4957-b4d5-1649e533e145,463,2023-05-09T04:26:45.611556+01:00,unclassified,rabv_ea,11923,5214,5592,330,365,RABV_EA
50ccf0e4-fc0a-4956-ab17-55052d80e0fd,864,2023-05-09T05:39:26.611556+01:00,unclassified,?,11923,0,0,363,378,?
26f46df9-8d55-4fc0-94c0-6ebd61631532,924,2023-05-09T05:38:19.611556+01:00,unclassified,?,11923,0,0,370,385,?
e63324bf-6207-4c57-a032-d94ff9620053,452,2023-05-09T05:39:35.611556+01:00,unclassified,rabv_ea,11923,8941,9287,311,329,RABV_EA
31fe2e3a-3b19-4c67-8ef8-86526bda2b22,461,2023-05-09T05:39:36.611556+01:00,unclassified,rabv_ea,11923,9864,10259,358,377,RABV_EA
53ec5deb-6b92-42c1-9c6c-5f359a4b6de5,1269,2023-05-09T05:38:20.611556+01:00,unclassified,?,11923,0,0,375,388,?
1392afbc-a2ce-4213-a61f-4aa34194a457,331,2023-05-09T05:39:30.611556+01:00,unclassified,rabv_ea,11923,9968,10263,252,271,RABV_EA
b391871f-49bd-4990-bc2c-5f8cb4a54f79,793,2023-05-09T05:39:17.611556+01:00,unclassified,rabv_ea,11923,1561,1958,349,366,RABV_EA
16dda456-6bc5-4a4f-97de-15295d2fd861,609,2023-05-09T05:39:18.611556+01:00,unclassified,?,11923,0,0,375,391,?
720b0b49-08b1-4740-98cc-8d753f4b64f4,607,2023-05-09T05:39:36.611556+01:00,unclassified,rabv_ea,11923,4637,5053,381,400,RABV_EA
85bfd301-2081-4155-90ce-36823b027d7b,597,2023-05-09T05:39:17.611556+01:00,unclassified,?,11923,0,0,361,382,?
fcb8ac80-f0af-432b-98de-d8620b3f3151,464,2023-05-09T05:39:30.611556+01:00,unclassified,rabv_ea,11923,3062,3455,375,388,RABV_EA
05d8eeec-35da-4fda-bdca-2dfd4687cd0a,542,2023-05-09T05:39:21.611556+01:00,unclassified,rabv_ea,11923,10164,10576,397,403,RABV_EA
54182a2c-3661-4fce-914f-5afe70db53b5,462,2023-05-09T05:39:36.611556+01:00,unclassified,rabv_ea,11923,3070,3455,339,364,RABV_EA
adc676dd-55a3-46dc-9b20-c87f50c0c9b2,453,2023-05-09T05:39:39.611556+01:00,unclassified,rabv_ea,11923,11406,11795,355,379,RABV_EA
3ddcd26f-772b-4362-aac2-6de693eea506,491,2023-05-09T05:39:17.611556+01:00,unclassified,rabv_ea,11923,7690,8081,377,382,RABV_EA
47661487-0227-45c9-aab3-0090ca2df0b7,448,2023-05-09T05:39:31.611556+01:00,unclassified,rabv_ea,11923,1571,1958,351,367,RABV_EA
0365ae5f-1a63-4cfc-ad2a-642cd1254130,442,2023-05-09T05:39:32.611556+01:00,unclassified,rabv_ea,11923,3405,3780,348,365,RABV_EA
a81cb2aa-2291-45ab-9a0d-067293f6f8c8,468,2023-05-09T05:39:23.611556+01:00,unclassified,rabv_ea,11923,5240,5608,332,350,RABV_EA
402ea7c1-7b55-40bf-8b20-78d667886d55,851,2023-05-09T05:39:20.611556+01:00,unclassified,?,11923,0,0,361,384,?
f33b1acc-a270-4498-81df-1c8adffd8cba,888,2023-05-09T05:39:27.611556+01:00,unclassified,?,11923,0,0,377,417,?
b742240f-63da-4bd9-94e7-9432beb4c192,460,2023-05-09T05:39:39.611556+01:00,unclassified,rabv_ea,11923,9851,10247,374,386,RABV_EA
385feada-4f9a-4a24-bfd3-c4aaf1363006,386,2023-05-09T05:39:42.611556+01:00,unclassified,rabv_ea,11923,9090,9314,207,222,RABV_EA
726dcdfb-4f05-4aaa-ac52-dbdda52e7252,852,2023-05-09T04:27:35.611556+01:00,unclassified,?,11923,0,0,368,389,?
c10bcc92-463a-447b-8036-2ef6d8c4d87b,452,2023-05-09T05:39:17.611556+01:00,unclassified,rabv_ea,11923,10176,10561,334,355,RABV_EA
98494d2b-7aca-41e3-9fee-d0b5ca10f985,522,2023-05-09T05:39:39.611556+01:00,unclassified,rabv_ea,11923,5819,6223,372,389,RABV_EA
99010294-fb56-4d8c-aba3-38e4e5479c52,885,2023-05-09T05:39:40.611556+01:00,unclassified,?,11923,0,0,355,380,?
b386bce3-125d-4989-b56a-38445b344476,470,2023-05-09T05:39:39.611556+01:00,unclassified,rabv_ea,11923,3393,3778,355,381,RABV_EA
1f43830d-af1f-434e-8aa7-ae6b23df4649,1271,2023-05-09T04:27:30.611556+01:00,unclassified,?,11923,0,0,367,371,?
cff7564f-0d72-4683-b445-02ef8088193d,212,2023-05-09T05:39:25.611556+01:00,unclassified,rabv_ea,11923,11596,11718,110,117,RABV_EA
13adafb0-8c59-4731-82de-998331292e1e,865,2023-05-09T04:26:05.611556+01:00,unclassified,?,11923,0,0,375,390,?
7dc381af-02f6-4e0a-a8d1-64cc2d2d22a7,332,2023-05-09T05:39:43.611556+01:00,unclassified,*,0,0,0,0,0,*
74aac95c-72a5-4be5-a854-b9a1c256f034,873,2023-05-09T05:38:16.611556+01:00,unclassified,?,11923,0,0,383,394,?
8120f313-a36a-4b0f-aa4d-c6540e8e9a49,470,2023-05-09T05:39:16.611556+01:00,unclassified,rabv_ea,11923,9851,10243,355,373,RABV_EA
cb1456fb-6509-411a-9f44-10d11fd37be6,864,2023-05-09T05:39:41.611556+01:00,unclassified,?,11923,0,0,319,338,?
8352d701-7779-49e3-a74b-94d9363a61cf,444,2023-05-09T04:27:34.611556+01:00,unclassified,rabv_ea,11923,5846,6220,324,351,RABV_EA
5809c095-4309-4d18-a2da-8cda69410bd9,532,2023-05-09T05:38:18.611556+01:00,unclassified,rabv_ea,11923,10164,10574,386,402,RABV_EA
f10f6a8c-202b-4003-8b2a-bfadcd063e45,708,2023-05-09T04:27:37.611556+01:00,unclassified,?,11923,0,0,366,378,?
d7fd5240-6afc-4156-89ac-f3ae5d5b981e,514,2023-05-09T05:39:23.611556+01:00,unclassified,rabv_ea,11923,7690,8070,362,372,RABV_EA
1a011b40-533b-482a-b04a-b4531749b4c9,864,2023-05-09T05:39:41.611556+01:00,unclassified,?,11923,0,0,353,365,?
3a802bcd-7ea5-4f55-af9f-40a35df49d1a,872,2023-05-09T05:39:41.611556+01:00,unclassified,?,11923,0,0,352,375,?
e71d7b05-2dc3-4631-ad30-4cdd5298f79f,460,2023-05-09T04:26:03.611556+01:00,unclassified,rabv_ea,11923,1566,1943,350,361,RABV_EA
b128e12c-4ddd-4826-950a-c269669200e8,460,2023-05-09T05:39:17.611556+01:00,unclassified,rabv_ea,11923,9001,9300,275,288,RABV_EA
c0fba0ec-f463-4db6-a82d-6c676c268290,1652,2023-05-09T05:39:40.611556+01:00,unclassified,?,11923,0,0,370,383,?
d8a7c1ac-d4f7-437a-9583-cea211aec576,858,2023-05-09T05:39:42.611556+01:00,unclassified,?,11923,0,0,371,397,?
04d8468c-559a-46c3-b029-59c97e286b68,453,2023-05-09T04:27:34.611556+01:00,unclassified,rabv_ea,11923,5834,6223,349,366,RABV_EA
a2da1fde-510d-4596-939e-a4155ea0063d,447,2023-05-09T05:39:24.611556+01:00,unclassified,rabv_ea,11923,7706,8081,350,364,RABV_EA
b9831c8b-fab0-421b-b10e-c0e785e28f87,1309,2023-05-09T05:39:21.611556+01:00,unclassified,?,11923,0,0,358,374,?
42834dfd-bf02-4176-9c13-71e5b4eb55dc,194,2023-05-09T04:26:06.611556+01:00,unclassified,rabv_ea,11923,5198,5313,111,115,RABV_EA
a0bd64b7-945b-4b22-bda3-d86e84335c2f,867,2023-05-09T05:39:23.611556+01:00,unclassified,?,11923,0,0,366,379,?
ebd5d0d7-1bf1-4754-8f9a-887d979700e0,859,2023-05-09T05:38:32.611556+01:00,unclassified,?,11923,0,0,359,374,?
92d4fe96-c0d9-401a-a9a7-65affabdc859,488,2023-05-09T04:25:53.611556+01:00,unclassified,rabv_ea,11923,4626,5037,382,395,RABV_EA
b02fc035-4961-4c43-8e4d-a59b0d9c3e64,854,2023-05-09T04:26:06.611556+01:00,unclassified,?,11923,0,0,379,390,?
cd75a4d2-3dae-41f9-a2a3-1b9ba312aa4b,318,2023-05-09T05:38:35.611556+01:00,unclassified,*,0,0,0,0,0,*
80cdd548-a9bf-447f-9f9b-17f3a22168de,443,2023-05-09T05:38:32.611556+01:00,unclassified,rabv_ea,11923,7708,8077,345,353,RABV_EA
d37a3100-9888-4334-813d-9082a5e1733e,493,2023-05-09T04:25:57.611556+01:00,unclassified,rabv_ea,11923,10170,10564,345,376,RABV_EA
133503be-d050-4a24-b149-cf33c1a0ecfb,465,2023-05-09T05:38:34.611556+01:00,unclassified,rabv_ea,11923,5196,5593,371,385,RABV_EA
eafd37d9-ba87-4b8c-9c16-fca5677023fc,461,2023-05-09T05:38:31.611556+01:00,unclassified,rabv_ea,11923,6424,6820,365,383,RABV_EA
4684e9cc-e2d8-4749-8ddc-06627fcf88ea,891,2023-05-09T04:26:06.611556+01:00,unclassified,?,11923,0,0,357,381,?
6f7e4770-162a-41a0-a8bf-55b1f6585b61,777,2023-05-09T04:25:52.611556+01:00,unclassified,?,11923,0,0,386,391,?
f9f523d2-18ed-4410-bcff-1ba674ff0cf8,2032,2023-05-09T04:27:28.611556+01:00,unclassified,?,11923,0,0,387,399,?
b98cee4d-a9d7-4bdd-a7d8-45e8d5b369c0,497,2023-05-09T04:27:34.611556+01:00,unclassified,rabv_ea,11923,8927,9325,357,378,RABV_EA
5e3c4355-d776-42b3-bcf7-e2d6a0b573a1,457,2023-05-09T04:26:07.611556+01:00,unclassified,rabv_ea,11923,629,1022,356,376,RABV_EA
7f9465c9-f157-49d0-96f0-6dd12d751aa6,960,2023-05-09T04:26:04.611556+01:00,unclassified,?,11923,0,0,386,395,?
66f09f35-dc9c-4734-add6-229b520501e9,457,2023-05-09T04:25:53.611556+01:00,unclassified,rabv_ea,11923,1567,1958,371,383,RABV_EA
e168d3c6-7be5-441f-950b-7f3ff1a864ce,868,2023-05-09T04:25:53.611556+01:00,unclassified,?,11923,0,0,381,389,?
25274647-a225-4b2f-ae8f-36397c8efa26,854,2023-05-09T05:38:31.611556+01:00,unclassified,?,11923,0,0,355,373,?
e00ae05d-8067-4754-a969-3cda784e09cf,279,2023-05-09T05:39:48.611556+01:00,unclassified,*,0,0,0,0,0,*
9ba1c376-9bea-43f9-b407-d89684c96020,900,2023-05-09T05:38:31.611556+01:00,unclassified,?,11923,0,0,362,384,?
b5a25c7b-bd54-4da8-aadb-11bc464b20b7,479,2023-05-09T05:39:25.611556+01:00,unclassified,rabv_ea,11923,6429,6816,363,380,RABV_EA
9bd1259c-b8a8-4207-9a7e-2faf5fe7197a,455,2023-05-09T05:38:31.611556+01:00,unclassified,rabv_ea,11923,4894,5284,352,371,RABV_EA
84b7cea7-7ca9-4281-90f7-7ee56e8e35ed,1240,2023-05-09T05:39:49.611556+01:00,unclassified,?,11923,0,0,352,373,?
839ed94c-2a08-4270-ad55-6aeda5ed7032,457,2023-05-09T05:39:59.611556+01:00,unclassified,rabv_ea,11923,5864,6220,330,347,RABV_EA
359eb420-e283-49b1-b3f3-5e1fe4dae60d,907,2023-05-09T05:39:54.611556+01:00,unclassified,?,11923,0,0,371,403,?
48971960-a0f6-456e-a940-116336e3e808,439,2023-05-09T05:39:58.611556+01:00,unclassified,rabv_ea,11923,9550,9940,346,360,RABV_EA
7d965249-86cc-4282-8151-c7ffebec5d47,268,2023-05-09T05:39:53.611556+01:00,unclassified,*,0,0,0,0,0,*
c63c3dcf-618d-4b2e-90e3-51bc2fa2561d,386,2023-05-09T05:38:43.611556+01:00,unclassified,rabv_ea,11923,9130,9325,185,191,RABV_EA
0a0550e0-b078-4e5f-8846-e6395aaffc45,879,2023-05-09T05:39:47.611556+01:00,unclassified,?,11923,0,0,338,373,?
7e5a6785-0e9e-4aaa-b8b3-e9dc1f758ae2,171,2023-05-09T05:38:42.611556+01:00,unclassified,*,0,0,0,0,0,*
6b5345d2-a616-44d3-80dc-fc7b66805c17,1271,2023-05-09T05:38:38.611556+01:00,unclassified,?,11923,0,0,345,363,?
ebcf1a80-398e-4bf3-bc9c-d70bae1e6335,1724,2023-05-09T05:38:38.611556+01:00,unclassified,?,11923,0,0,381,390,?
7e17b480-0689-4d84-91ae-7cc9e0b318cf,459,2023-05-09T04:25:41.611556+01:00,unclassified,rabv_ea,11923,7706,8081,335,358,RABV_EA
78ca751a-ad1b-4568-b855-7d24d4725bbf,871,2023-05-09T05:39:51.611556+01:00,unclassified,?,11923,0,0,385,396,?
a3472edd-9d4e-4e21-8fb4-4ba64d57883a,548,2023-05-09T05:38:39.611556+01:00,unclassified,rabv_ea,11923,10174,10575,368,394,RABV_EA
e955b9fc-53b6-4c1b-8fba-3e7984773914,863,2023-05-09T05:39:51.611556+01:00,unclassified,?,11923,0,0,366,372,?
2d99a01d-6bd9-4c75-87d1-92e99988d44e,439,2023-05-09T05:39:56.611556+01:00,unclassified,rabv_ea,11923,11111,11488,336,355,RABV_EA
1582caef-89bd-4150-a1df-f08be5ddc4e4,1287,2023-05-09T05:38:39.611556+01:00,unclassified,?,11923,0,0,388,391,?
fedd4d64-de0f-4065-97d8-bd329d724b63,458,2023-05-09T05:38:39.611556+01:00,unclassified,rabv_ea,11923,5211,5608,377,387,RABV_EA
4845fe8f-3772-471d-919f-5017af011d02,1210,2023-05-09T05:39:57.611556+01:00,unclassified,?,11923,0,0,360,374,?
b17e40c1-a677-441f-a358-fc4aa7e9622e,831,2023-05-09T05:38:38.611556+01:00,unclassified,?,11923,0,0,366,377,?
b4575988-2976-4a75-8304-c28c264f9141,489,2023-05-09T05:38:40.611556+01:00,unclassified,rabv_ea,11923,613,1018,384,400,RABV_EA
4bd7122c-6132-48d1-bc45-ec11238becc6,929,2023-05-09T05:38:40.611556+01:00,unclassified,?,11923,0,0,391,402,?
b71919dd-ebba-44c8-8b83-acefbc2f570b,434,2023-05-09T05:39:54.611556+01:00,unclassified,rabv_ea,11923,7721,8079,321,339,RABV_EA
5e18213b-510d-48d6-af51-bf8f04113e8e,474,2023-05-09T05:39:56.611556+01:00,unclassified,rabv_ea,11923,10164,10229,62,65,RABV_EA
2a5556e9-aecd-4936-8c79-b4b51cb6bff6,2128,2023-05-09T05:39:48.611556+01:00,unclassified,?,11923,0,0,762,785,?
43f47c3e-9eca-43b4-9f62-8f6d6d485a7c,934,2023-05-09T04:25:49.611556+01:00,unclassified,?,11923,0,0,363,391,?
7a68d7c1-b3d3-41ee-8944-624d4ca2189a,441,2023-05-09T04:25:49.611556+01:00,unclassified,*,0,0,0,0,0,*
e14c72b0-9753-419d-8179-379191522d5e,457,2023-05-09T05:38:38.611556+01:00,unclassified,rabv_ea,11923,7075,7467,368,383,RABV_EA
567e46b4-2d48-4d87-a25b-f0992ab141ed,511,2023-05-09T05:40:05.611556+01:00,unclassified,rabv_ea,11923,7690,8081,348,375,RABV_EA
f46f1964-96b1-4307-badc-d80f4fecc0bf,864,2023-05-09T04:25:38.611556+01:00,unclassified,?,11923,0,0,370,381,?
f66db3bb-f1e0-4ddf-af53-b133ecb74bee,1264,2023-05-09T05:40:03.611556+01:00,unclassified,?,11923,0,0,649,680,?
a4b1652f-b1f8-4e17-b622-b94acf2509ce,468,2023-05-09T04:25:50.611556+01:00,unclassified,rabv_ea,11923,7074,7466,362,379,RABV_EA
37901a6f-0142-4970-96ed-68673aba4b52,503,2023-05-09T05:38:23.611556+01:00,unclassified,rabv_ea,11923,10165,10571,361,391,RABV_EA
c319a5e2-d84f-4f7a-810b-4bf97bf71ee3,460,2023-05-09T05:40:07.611556+01:00,unclassified,rabv_ea,11923,10178,10572,368,381,RABV_EA
be27f9aa-00a2-49a7-b349-8a2dcd4b1c12,748,2023-05-09T05:38:35.611556+01:00,unclassified,?,11923,0,0,334,350,?
ab8c6940-ad52-42fa-ba63-ac3a4a22c73c,1028,2023-05-09T05:40:15.611556+01:00,unclassified,?,11923,0,0,359,371,?
80a955eb-61a4-40ca-964e-9ba60cd11291,689,2023-05-09T05:40:17.611556+01:00,unclassified,?,11923,0,0,335,347,?
72d50e44-ab69-4f83-9e64-cc11a12ec8fd,473,2023-05-09T05:38:36.611556+01:00,unclassified,rabv_ea,11923,8971,9322,331,348,RABV_EA
55f9658f-12ff-4279-b8be-8b51d99108ec,1261,2023-05-09T04:25:47.611556+01:00,unclassified,?,11923,0,0,364,393,?
424bc0bf-aa1e-4d3b-b04e-f96d098361ea,449,2023-05-09T04:27:25.611556+01:00,unclassified,rabv_ea,11923,7713,8061,327,340,RABV_EA
933802cd-94e5-43bd-a2ed-cca05c5491b1,867,2023-05-09T05:40:17.611556+01:00,unclassified,?,11923,0,0,369,385,?
0f0ccd83-6496-4ff9-abcc-cbac783a79c5,207,2023-05-09T05:40:16.611556+01:00,unclassified,*,0,0,0,0,0,*
d871d98b-e844-423e-af23-c7f03858b260,439,2023-05-09T05:40:15.611556+01:00,unclassified,rabv_ea,11923,7690,8063,358,366,RABV_EA
4422cc3e-582b-4c2c-a645-fa5104b4d182,851,2023-05-09T04:27:21.611556+01:00,unclassified,?,11923,0,0,376,387,?
d1f1b063-93b5-4654-bbf1-4dff9101cb5e,858,2023-05-09T05:38:24.611556+01:00,unclassified,?,11923,0,0,389,402,?
2e678fd5-f439-4454-a726-acb188557cc1,428,2023-05-09T05:40:13.611556+01:00,unclassified,rabv_ea,11923,7693,8063,341,353,RABV_EA
d4e70613-2a83-4595-9bd0-81f3911fdf1e,1260,2023-05-09T05:40:07.611556+01:00,unclassified,?,11923,0,0,395,399,?
52071746-1e29-445e-99a9-fb24c2fd241d,274,2023-05-09T05:40:18.611556+01:00,unclassified,rabv_ea,11923,3063,3252,181,188,RABV_EA
95e6538e-0a6b-408b-8deb-8fa4c1cad85c,453,2023-05-09T05:40:19.611556+01:00,unclassified,rabv_ea,11923,4894,5283,359,380,RABV_EA
69a7e6d8-c567-4da3-b7d4-d3677591a55a,454,2023-05-09T05:40:16.611556+01:00,unclassified,rabv_ea,11923,8944,9323,349,367,RABV_EA
9afd7e9e-0b49-493f-b237-e53af2b33a1c,422,2023-05-09T05:40:08.611556+01:00,unclassified,?,11923,0,0,122,126,?
b7c78860-20a7-427f-a8f8-fdce57bf2265,2097,2023-05-09T05:40:02.611556+01:00,unclassified,?,11923,0,0,368,387,?
02253ec7-70ca-4c62-b73f-0357f1f369ab,273,2023-05-09T05:40:08.611556+01:00,unclassified,rabv_ea,11923,3087,3252,151,159,RABV_EA
0b67d7d1-7ea7-49e3-8394-7cd779df5ea5,4185,2023-05-09T05:40:16.611556+01:00,unclassified,?,11923,0,0,400,407,?
8478782b-febc-4c12-868d-e482fa378627,462,2023-05-09T05:40:26.611556+01:00,unclassified,rabv_ea,11923,89,440,303,324,RABV_EA
d77d2bd7-6a1b-48a6-b922-6b21237bbe7b,841,2023-05-09T05:40:18.611556+01:00,unclassified,?,11923,0,0,354,365,?
c952d84f-8c97-455b-bd92-5be1b5a65b9e,552,2023-05-09T05:40:16.611556+01:00,unclassified,rabv_ea,11923,10177,10580,351,388,RABV_EA
077d4954-7a4e-4838-abfc-83a8d96878de,441,2023-05-09T05:40:18.611556+01:00,unclassified,rabv_ea,11923,4714,5035,267,278,RABV_EA
5d4f2ae3-1667-4bb4-bd44-bff8279a926f,504,2023-05-09T05:40:10.611556+01:00,unclassified,rabv_ea,11923,7706,8075,347,357,RABV_EA
31fbb705-980c-43e9-96b7-521eb52c6bd5,468,2023-05-09T05:38:45.611556+01:00,unclassified,rabv_ea,11923,3402,3791,365,378,RABV_EA
14a226ae-98cc-4549-8af5-3a5f32676eac,874,2023-05-09T05:40:07.611556+01:00,unclassified,?,11923,0,0,377,388,?
1ab73f33-728c-4e06-a54b-137511a2f9e8,2050,2023-05-09T05:38:51.611556+01:00,unclassified,?,11923,0,0,366,389,?
65387c83-5804-4b6e-961d-965f0bea0f6d,1140,2023-05-09T05:40:23.611556+01:00,unclassified,?,11923,0,0,370,381,?
9c19fab7-084d-45cf-ae85-62d184fad092,781,2023-05-09T04:25:38.611556+01:00,unclassified,?,11923,0,0,317,335,?
8274725e-7e8b-40f8-b2eb-f1ce05fc8130,314,2023-05-09T05:38:53.611556+01:00,unclassified,rabv_ea,11923,9054,9324,237,253,RABV_EA
3b25af27-92b4-469b-bd9a-62f13b0c52d9,4071,2023-05-09T05:38:45.611556+01:00,unclassified,?,11923,0,0,363,383,?
58bdb5f4-0070-4261-bead-92eedf09c6ba,500,2023-05-09T05:38:53.611556+01:00,unclassified,rabv_ea,11923,1552,1958,371,387,RABV_EA
73d8f5c9-e907-446c-8e3f-3b0a8293d965,1685,2023-05-09T05:38:50.611556+01:00,unclassified,?,11923,0,0,359,372,?
947dea45-9fec-4632-aef9-4f4a009cc8a2,608,2023-05-09T05:40:25.611556+01:00,unclassified,rabv_ea,11923,7155,7467,293,297,RABV_EA
97066fa0-d28c-4357-8549-3f0ea29b0928,1994,2023-05-09T05:40:23.611556+01:00,unclassified,?,11923,0,0,560,576,?
8c942c1e-c78f-439e-b566-f84368ebf470,766,2023-05-09T05:40:03.611556+01:00,unclassified,?,11923,0,0,383,394,?
3f937024-28fc-496f-aa69-7b2f21b7d88d,442,2023-05-09T05:40:06.611556+01:00,unclassified,rabv_ea,11923,7704,8081,349,365,RABV_EA
31555b26-eff0-4a9b-a050-49423c56234a,1337,2023-05-09T05:38:48.611556+01:00,unclassified,?,11923,0,0,394,404,?
e6d16767-3d1b-46b9-935b-16b892f08228,847,2023-05-09T05:40:18.611556+01:00,unclassified,?,11923,0,0,371,384,?
c6bc4e24-e645-40d4-9f5a-f3297da2f769,423,2023-05-09T04:25:29.611556+01:00,unclassified,rabv_ea,11923,1864,2239,325,340,RABV_EA
0781744b-6188-4f2a-8d60-b606a7260803,465,2023-05-09T05:40:23.611556+01:00,unclassified,rabv_ea,11923,9851,10246,381,389,RABV_EA
9bba844f-eef3-4af6-92df-d3fecaa30ef8,453,2023-05-09T05:40:27.611556+01:00,unclassified,rabv_ea,11923,5211,5608,357,381,RABV_EA
22c225a9-671d-402f-8310-d84af0411caa,451,2023-05-09T04:25:28.611556+01:00,unclassified,rabv_ea,11923,9552,9940,353,371,RABV_EA
289a61c4-0283-4a51-b6fc-1818301e0340,508,2023-05-09T05:40:25.611556+01:00,unclassified,rabv_ea,11923,1567,1951,335,358,RABV_EA
4de6a46a-1436-4bd1-a4fc-76c00f1c017d,1059,2023-05-09T05:40:28.611556+01:00,unclassified,?,11923,0,0,371,405,?
211cbc73-1c33-4f41-b5e0-58b6deea9264,503,2023-05-09T05:40:29.611556+01:00,unclassified,rabv_ea,11923,9854,10263,371,382,RABV_EA
62485b2a-75c6-44b9-b1ee-c0db2398770d,846,2023-05-09T04:25:25.611556+01:00,unclassified,*,0,0,0,0,0,*
2f87f540-273f-4def-9578-05e7459598b2,920,2023-05-09T05:40:22.611556+01:00,unclassified,?,11923,0,0,372,385,?
8ec8c59d-43df-41f7-b5ca-f5a3aff1acf0,237,2023-05-09T05:40:27.611556+01:00,unclassified,*,0,0,0,0,0,*
6d32f469-314b-4a67-b6ea-9bde9689bd39,473,2023-05-09T04:25:30.611556+01:00,unclassified,rabv_ea,11923,7693,8059,319,345,RABV_EA
6ccb411d-6261-4ba3-b543-493fb6eee02f,925,2023-05-09T05:40:33.611556+01:00,unclassified,?,11923,0,0,359,378,?
1425303c-c62f-4930-b303-41e495f27f9a,462,2023-05-09T05:38:54.611556+01:00,unclassified,rabv_ea,11923,7702,8057,290,299,RABV_EA
5f9fb5e9-2dd4-4e7e-9d66-8ece10bb7120,456,2023-05-09T05:40:28.611556+01:00,unclassified,rabv_ea,11923,3390,3768,326,356,RABV_EA
50df9948-95de-4a42-a36f-5fc82162399f,934,2023-05-09T05:40:31.611556+01:00,unclassified,?,11923,0,0,386,393,?
32dbd5e9-9949-4f0e-bea3-c2a9584fea84,1258,2023-05-09T04:26:52.611556+01:00,unclassified,?,11923,0,0,371,388,?
17932bf2-351a-4830-a109-715ff17bfa64,863,2023-05-09T05:40:30.611556+01:00,unclassified,?,11923,0,0,392,398,?
d8ff7cb3-fe77-47e3-8cd0-732a33e5eb26,474,2023-05-09T05:40:29.611556+01:00,unclassified,rabv_ea,11923,7692,8080,326,339,RABV_EA
2d846151-8b29-423e-a760-4d2e371f37a4,674,2023-05-09T05:40:41.611556+01:00,unclassified,?,11923,0,0,345,369,?
5d02f680-438a-492e-a63c-183475a3d3d0,464,2023-05-09T05:40:44.611556+01:00,unclassified,rabv_ea,11923,10164,10563,383,392,RABV_EA
ae6117fa-3123-4d34-ab56-18f27d2fd1fe,840,2023-05-09T05:40:31.611556+01:00,unclassified,?,11923,0,0,367,374,?
134daa13-87bd-4d57-af34-8910a3840549,462,2023-05-09T05:39:02.611556+01:00,unclassified,rabv_ea,11923,9869,10246,362,366,RABV_EA
55efe9b0-f4ac-49c6-aea4-b3285568e425,1325,2023-05-09T05:38:58.611556+01:00,unclassified,?,11923,0,0,351,361,?
f9fe5443-aee2-4210-896c-5527aa97ef20,453,2023-05-09T05:40:39.611556+01:00,unclassified,*,0,0,0,0,0,*
b068158b-1556-41ca-93fd-8f067c58bf46,454,2023-05-09T05:40:34.611556+01:00,unclassified,rabv_ea,11923,9561,9940,333,356,RABV_EA
edc24c99-07d6-41e4-8f43-a94502f1b306,476,2023-05-09T05:40:33.611556+01:00,unclassified,rabv_ea,11923,5197,5592,363,388,RABV_EA
86da5bff-1a7a-4c7a-920a-c1e5b2b443e8,946,2023-05-09T05:40:21.611556+01:00,unclassified,?,11923,0,0,406,417,?
1c04d311-3bfd-4431-ad24-8f7e36222935,874,2023-05-09T05:40:39.611556+01:00,unclassified,?,11923,0,0,356,372,?
3e043a7c-b0be-4e6b-9083-d121d470e39c,1709,2023-05-09T05:40:29.611556+01:00,unclassified,rabv_ea,11923,1865,2262,354,373,RABV_EA
7ecf0b6c-ecde-4ddd-b38a-1c6d51ba9374,239,2023-05-09T05:40:35.611556+01:00,unclassified,*,0,0,0,0,0,*
601ba3bb-4bb3-457f-85bd-03f69947ff71,668,2023-05-09T04:25:10.611556+01:00,unclassified,?,11923,0,0,365,382,?
d2c71817-ffb6-44d3-bcc6-9d3e8f84cd08,856,2023-05-09T04:25:08.611556+01:00,unclassified,?,11923,0,0,360,375,?
1cbb5d20-85f2-4f4a-8ad8-483429682871,443,2023-05-09T05:40:33.611556+01:00,unclassified,rabv_ea,11923,5879,6223,316,323,RABV_EA
48af9bd5-488d-4b1a-8bfb-087d3d71cea2,513,2023-05-09T05:40:39.611556+01:00,unclassified,rabv_ea,11923,5196,5608,351,381,RABV_EA
08108b76-1680-4ac9-8370-8709adb06e1b,331,2023-05-09T05:40:40.611556+01:00,unclassified,rabv_ea,11923,2535,2845,291,303,RABV_EA
4448402a-9420-4e6d-b1e6-db7a0ebb4a62,923,2023-05-09T05:40:37.611556+01:00,unclassified,?,11923,0,0,382,390,?
4b08d4ac-8d94-4bb9-a5d5-99b82dd75f74,879,2023-05-09T05:40:38.611556+01:00,unclassified,?,11923,0,0,357,380,?
6e5361cd-b112-499c-ab12-7d07caccf50e,455,2023-05-09T05:38:57.611556+01:00,unclassified,rabv_ea,11923,9550,9940,351,370,RABV_EA
faeb7dac-307e-4352-891b-f71e158c621d,1139,2023-05-09T05:40:53.611556+01:00,unclassified,?,11923,0,0,385,398,?
876e6720-3a27-4aeb-95ce-b4a982e2a0e1,460,2023-05-09T05:40:54.611556+01:00,unclassified,rabv_ea,11923,9549,9931,338,362,RABV_EA
a19a9353-37b9-4fdb-9300-3543ed8ae108,852,2023-05-09T05:40:51.611556+01:00,unclassified,?,11923,0,0,338,355,?
06b44e6f-f5e8-4542-897c-4744a3467af4,454,2023-05-09T05:40:53.611556+01:00,unclassified,rabv_ea,11923,7702,8070,347,363,RABV_EA
a2cf3c7d-c695-4945-8eb0-a677552347c2,444,2023-05-09T05:40:52.611556+01:00,unclassified,rabv_ea,11923,11111,11494,362,372,RABV_EA
e5d9cdc6-ce19-4dd1-afb9-ce7375c8065a,2444,2023-05-09T05:39:05.611556+01:00,unclassified,?,11923,0,0,389,399,?
7c77608a-6e51-4ea0-8de8-6d66667542d1,827,2023-05-09T05:40:47.611556+01:00,unclassified,?,11923,0,0,362,382,?
c8f9a94c-7032-4e85-b63d-b1fbdbf847eb,598,2023-05-09T05:39:09.611556+01:00,unclassified,rabv_ea,11923,7693,8081,370,380,RABV_EA
9018299d-801d-4f67-b88a-98df6a36fb99,457,2023-05-09T05:39:08.611556+01:00,unclassified,rabv_ea,11923,5211,5608,376,385,RABV_EA
ef6c3192-2d7b-4bd3-8a21-33b6a966a8db,1680,2023-05-09T05:39:04.611556+01:00,unclassified,?,11923,0,0,349,377,?
c4862f27-3c1f-415a-925b-c69dd1ab04eb,662,2023-05-09T05:40:38.611556+01:00,unclassified,rabv_ea,11923,1577,1933,311,335,RABV_EA
0fb4d7a3-bd57-424c-a061-a55493000b8a,906,2023-05-09T05:40:30.611556+01:00,unclassified,?,11923,0,0,392,415,?
e0843fd8-631a-4684-b434-b78d393704a6,1318,2023-05-09T05:40:52.611556+01:00,unclassified,?,11923,0,0,379,397,?
bdf08796-a662-4f4a-be24-fbf7040a5e33,465,2023-05-09T05:39:10.611556+01:00,unclassified,rabv_ea,11923,7075,7467,375,384,RABV_EA
2b00413f-96f5-47d5-acbd-24dedcda5b6d,438,2023-05-09T04:25:19.611556+01:00,unclassified,rabv_ea,11923,1587,1958,337,345,RABV_EA
32420b15-8435-4d33-aeaa-531126789e1e,243,2023-05-09T05:40:40.611556+01:00,unclassified,rabv_ea,11923,4656,4768,106,112,RABV_EA
0b14e0c0-de60-4460-a0c5-64834ce2cab9,460,2023-05-09T04:25:06.611556+01:00,unclassified,rabv_ea,11923,7075,7461,367,378,RABV_EA
062702ca-0c79-45fa-86bf-0dd8b09ae7c6,475,2023-05-09T05:40:50.611556+01:00,unclassified,rabv_ea,11923,4626,5027,362,388,RABV_EA
b629ffea-add5-40ba-8855-e64c3777ab77,713,2023-05-09T05:39:12.611556+01:00,unclassified,?,11923,0,0,373,390,?
16e00c5a-61fc-4889-bf7d-3c4db0a30b83,472,2023-05-09T05:40:39.611556+01:00,unclassified,rabv_ea,11923,10164,10565,372,393,RABV_EA
c18dc372-dff5-4fc5-a0b9-69ad21bf3143,483,2023-05-09T05:40:55.611556+01:00,unclassified,rabv_ea,11923,1566,1954,355,374,RABV_EA
b4650322-23f1-445c-b7e4-3aada4d0e47a,511,2023-05-09T05:40:36.611556+01:00,unclassified,rabv_ea,11923,7690,8078,364,374,RABV_EA
ca2f6cec-26bf-48cf-a771-ae3909c3384e,527,2023-05-09T05:40:53.611556+01:00,unclassified,rabv_ea,11923,10164,10576,385,402,RABV_EA
382501b3-812a-4182-a378-5a65ee103841,842,2023-05-09T05:39:08.611556+01:00,unclassified,?,11923,0,0,348,369,?
58949d2b-14f5-4082-ad45-1cc705a70316,443,2023-05-09T05:40:46.611556+01:00,unclassified,rabv_ea,11923,9851,10227,336,348,RABV_EA
b84d908f-3f3c-438a-a226-139f21ef1536,464,2023-05-09T04:25:06.611556+01:00,unclassified,rabv_ea,11923,1565,1958,369,386,RABV_EA
35598857-5f4b-4625-b296-6f33bf586921,445,2023-05-09T05:39:15.611556+01:00,unclassified,rabv_ea,11923,9555,9920,324,345,RABV_EA
8f8bed59-9250-4b50-b534-218b7b890fb9,495,2023-05-09T04:25:08.611556+01:00,unclassified,rabv_ea,11923,7693,8079,375,382,RABV_EA
74fa4847-6319-46f5-83c3-9ec5b39d75aa,1671,2023-05-09T04:25:16.611556+01:00,unclassified,?,11923,0,0,363,390,?
5a18b245-c24f-419e-84a6-6d9673214ff7,338,2023-05-09T05:40:51.611556+01:00,unclassified,*,0,0,0,0,0,*
7348b326-1686-42a1-8593-f33d9f462f33,473,2023-05-09T05:39:15.611556+01:00,unclassified,rabv_ea,11923,3399,3791,372,386,RABV_EA
05ffd4fd-ddd9-4e13-bb8a-24e5b3f6e8fa,952,2023-05-09T05:39:10.611556+01:00,unclassified,?,11923,0,0,389,397,?
82e315fb-de8e-436a-a949-ae124ceef6a2,864,2023-05-09T05:40:47.611556+01:00,unclassified,?,11923,0,0,373,382,?
871af7e6-854a-414e-960f-9afd42efc0bf,467,2023-05-09T04:25:09.611556+01:00,unclassified,rabv_ea,11923,2749,3126,347,370,RABV_EA
69709c0a-b5d5-4b2d-a003-29e735a60cfe,1240,2023-05-09T05:39:09.611556+01:00,unclassified,?,11923,0,0,361,375,?
cae41a28-975e-4603-b12a-72e2631caa29,1696,2023-05-09T04:25:07.611556+01:00,unclassified,?,11923,0,0,386,397,?
94e0885e-f38a-43ff-adb8-68023c81c3a9,2341,2023-05-09T05:40:54.611556+01:00,unclassified,?,11923,0,0,394,406,?
4ca42c7d-a2de-4e7a-96c3-b6c8e1e9d437,527,2023-05-09T05:41:02.611556+01:00,unclassified,rabv_ea,11923,10164,10576,359,384,RABV_EA
47a7488e-84c2-4000-bd80-6554a9cb2edc,1222,2023-05-09T05:40:46.611556+01:00,unclassified,?,11923,0,0,373,389,?
f2455826-9cec-4930-9220-1ffaa9984d9a,848,2023-05-09T04:26:49.611556+01:00,unclassified,?,11923,0,0,368,380,?
8a79302b-42d9-4d37-a14c-f4bf7ff18ff9,1075,2023-05-09T04:26:34.611556+01:00,unclassified,?,11923,0,0,366,385,?
3909c0ab-822d-49cf-8a38-900becf3d0d0,2078,2023-05-09T04:26:33.611556+01:00,unclassified,?,11923,0,0,366,385,?
6130c71c-b4a6-46a6-ad93-e73d2f4608bb,893,2023-05-09T05:41:10.611556+01:00,unclassified,?,11923,0,0,381,396,?
1aaca4cf-689e-4117-9338-1bb16acd3bae,884,2023-05-09T05:40:51.611556+01:00,unclassified,?,11923,0,0,360,389,?
160a8961-28de-4756-973c-812d26681cc7,918,2023-05-09T04:25:06.611556+01:00,unclassified,?,11923,0,0,373,386,?
d9f057a7-3687-42c9-80a9-119d87f87896,446,2023-05-09T05:41:03.611556+01:00,unclassified,rabv_ea,11923,9551,9940,360,372,RABV_EA
b2dc01ee-15fc-4f9d-9511-d90c688878dc,504,2023-05-09T05:39:19.611556+01:00,unclassified,rabv_ea,11923,7071,7467,369,378,RABV_EA
1daf1886-6896-413c-8bd9-8f375b377886,947,2023-05-09T05:40:50.611556+01:00,unclassified,?,11923,0,0,354,384,?
2e4e6e7c-9573-49ed-bb49-de68496b5be4,1276,2023-05-09T05:41:02.611556+01:00,unclassified,?,11923,0,0,369,399,?
466ed81a-bf32-4e87-9b50-0c7c57137c98,488,2023-05-09T05:40:46.611556+01:00,unclassified,rabv_ea,11923,10170,10562,349,380,RABV_EA
aed70837-8992-468c-ae59-466fa698ad50,843,2023-05-09T05:39:16.611556+01:00,unclassified,?,11923,0,0,378,397,?
f6664d4e-d25c-4e89-bad9-44e95f377174,293,2023-05-09T05:40:46.611556+01:00,unclassified,*,0,0,0,0,0,*
cd8099ca-363f-4af5-bd6d-9bee0fcca53e,776,2023-05-09T05:39:17.611556+01:00,unclassified,?,11923,0,0,355,367,?
54965ce7-25b8-4bb9-8364-9426748ddc85,446,2023-05-09T05:39:13.611556+01:00,unclassified,rabv_ea,11923,7702,8062,327,342,RABV_EA
114b625f-3a5b-4748-ad52-6179ce31e2b4,846,2023-05-09T05:40:46.611556+01:00,unclassified,?,11923,0,0,336,360,?
de258c58-2a66-44eb-94c7-b39b01aa63fe,446,2023-05-09T04:25:07.611556+01:00,unclassified,rabv_ea,11923,7707,8070,336,354,RABV_EA
cec7f85d-d8cf-48ca-aac8-458fa6ca5860,854,2023-05-09T05:41:09.611556+01:00,unclassified,?,11923,0,0,348,368,?
e2cbd56a-bab0-4312-8a61-e58c3e891777,443,2023-05-09T04:26:38.611556+01:00,unclassified,rabv_ea,11923,7704,8081,342,357,RABV_EA
ad9eaafb-8fb3-4404-bf98-c299041ea883,1171,2023-05-09T05:41:07.611556+01:00,unclassified,?,11923,0,0,376,391,?
6c7900ed-4406-43b6-8f94-15abf27f91fd,1272,2023-05-09T04:24:44.611556+01:00,unclassified,?,11923,0,0,381,402,?
1c16a7a3-68dc-4dbd-8d3c-eee9722a8cb2,457,2023-05-09T04:24:49.611556+01:00,unclassified,rabv_ea,11923,11417,11796,348,367,RABV_EA
e0774631-9839-4859-8a78-348d9605fdc9,462,2023-05-09T04:26:36.611556+01:00,unclassified,rabv_ea,11923,9851,10246,352,373,RABV_EA
219f6f9f-9738-4ce6-b74d-88ccebc16142,393,2023-05-09T05:40:45.611556+01:00,unclassified,rabv_ea,11923,3062,3323,234,247,RABV_EA
227e3783-ed37-4709-b97f-0103059dd4e2,1277,2023-05-09T04:24:47.611556+01:00,unclassified,?,11923,0,0,384,388,?
cf58015f-41a5-4bf6-9b59-0fa7eaca99b9,1062,2023-05-09T04:26:46.611556+01:00,unclassified,rabv_ea,11923,6446,7467,928,969,RABV_EA
9bf814cf-8394-47c9-9712-3e1979bb326d,450,2023-05-09T04:26:38.611556+01:00,unclassified,rabv_ea,11923,7706,8081,369,372,RABV_EA
017f64e0-95d7-49f6-87c7-11fa72a0ebc7,458,2023-05-09T04:24:49.611556+01:00,unclassified,rabv_ea,11923,7714,8081,357,362,RABV_EA
9e22ae32-0462-41db-b156-d5e2d18d71d4,583,2023-05-09T04:24:46.611556+01:00,unclassified,?,11923,0,0,353,368,?
aeb819c9-ebed-4aec-8c25-5fc0af94e7bc,453,2023-05-09T04:24:49.611556+01:00,unclassified,rabv_ea,11923,5196,5592,361,377,RABV_EA
deb331ee-d6ee-4dba-85ef-e81cada066ad,737,2023-05-09T05:41:05.611556+01:00,unclassified,?,11923,0,0,383,400,?
e935afa2-3cc4-4f6c-9432-fa99215ca400,516,2023-05-09T04:26:04.611556+01:00,unclassified,rabv_ea,11923,9857,10263,376,385,RABV_EA
f1f3df62-eb09-45f8-abb3-a8de362a0507,508,2023-05-09T04:24:48.611556+01:00,unclassified,rabv_ea,11923,7695,8081,371,373,RABV_EA
2bbd2a41-3b55-44d6-97ac-e5a159434dcf,450,2023-05-09T04:26:37.611556+01:00,unclassified,rabv_ea,11923,9075,9333,236,255,RABV_EA
f2d722f4-b868-4f60-bd09-afe2c8fa4b75,388,2023-05-09T04:24:48.611556+01:00,unclassified,rabv_ea,11923,7690,8007,287,303,RABV_EA
0e4eabb2-55c3-4039-a067-6758e7776ccf,1362,2023-05-09T04:26:35.611556+01:00,unclassified,?,11923,0,0,358,384,?
21c5acd8-0bfb-4a06-b1cf-8c49f1ebf204,509,2023-05-09T04:24:48.611556+01:00,unclassified,rabv_ea,11923,7693,8077,354,363,RABV_EA
dedfab0e-9172-46ce-85a4-80371cc90934,423,2023-05-09T05:41:11.611556+01:00,unclassified,rabv_ea,11923,6473,6829,336,342,RABV_EA
16437ba6-4de1-469b-a14b-d9f8847ae919,869,2023-05-09T05:41:04.611556+01:00,unclassified,?,11923,0,0,387,397,?
4ba8a590-d975-4d1f-a603-1c10792a1a66,494,2023-05-09T05:41:08.611556+01:00,unclassified,rabv_ea,11923,5196,5593,364,387,RABV_EA
fae5b074-c292-49a6-a7e2-140f0a5c36a2,296,2023-05-09T05:39:33.611556+01:00,unclassified,*,0,0,0,0,0,*
8768dc2a-024d-4beb-8e21-4c5e5df28cf6,429,2023-05-09T05:41:00.611556+01:00,unclassified,rabv_ea,11923,73,459,334,350,RABV_EA
958819a9-3bcf-4705-a978-f5f3471c54c9,151,2023-05-09T05:41:22.611556+01:00,unclassified,rabv_ea,11923,6718,6830,109,110,RABV_EA
920f35ff-935b-4645-9b08-fccd9439d8da,441,2023-05-09T05:41:24.611556+01:00,unclassified,rabv_ea,11923,956,1335,361,367,RABV_EA
acd8a818-18c5-4ec2-8261-ae960810bdc7,1318,2023-05-09T05:41:27.611556+01:00,unclassified,?,11923,0,0,367,378,?
2f6bcb8f-2c54-45e3-929f-4330e9905721,247,2023-05-09T05:41:22.611556+01:00,unclassified,rabv_ea,11923,5443,5608,161,162,RABV_EA
611a7504-70a8-4165-9e66-5aff88287c07,545,2023-05-09T05:40:58.611556+01:00,unclassified,rabv_ea,11923,11087,11487,356,390,RABV_EA
a2716574-f6f0-4143-9112-848100de73e1,1320,2023-05-09T05:40:54.611556+01:00,unclassified,?,11923,0,0,353,375,?
2fb002f2-88cd-455d-ac84-a069fb2824bd,466,2023-05-09T05:41:18.611556+01:00,unclassified,rabv_ea,11923,3062,3449,340,362,RABV_EA
597ccd0c-06e2-4c6c-876b-6b598001efd8,1700,2023-05-09T05:41:25.611556+01:00,unclassified,?,11923,0,0,383,388,?
20c9e199-3eb9-4a2f-afab-919d3910bb06,292,2023-05-09T05:41:16.611556+01:00,unclassified,rabv_ea,11923,5212,5485,252,268,RABV_EA
f59c85b0-bce4-440d-bf53-5d0453dd0777,480,2023-05-09T05:41:17.611556+01:00,unclassified,rabv_ea,11923,4626,5036,380,399,RABV_EA
3542ca4d-09d6-447f-95b0-de44bacbb80d,464,2023-05-09T05:41:15.611556+01:00,unclassified,rabv_ea,11923,11110,11493,359,371,RABV_EA
18681eb0-d13d-4e42-a75f-4b4db34decdb,696,2023-05-09T05:41:13.611556+01:00,unclassified,rabv_ea,11923,5198,5301,96,102,RABV_EA
c1be5d47-3c31-4642-b025-f271bcf1ba87,430,2023-05-09T05:39:48.611556+01:00,unclassified,rabv_ea,11923,6424,6808,340,360,RABV_EA
eee767d7-74e4-4b8d-aeb9-20cdae9de6aa,860,2023-05-09T05:39:27.611556+01:00,unclassified,?,11923,0,0,359,386,?
bf295ae6-7183-496a-a6ed-68b538045554,1566,2023-05-09T05:41:23.611556+01:00,unclassified,?,11923,0,0,808,913,?
756c11af-34dc-410c-a821-5c373522a005,505,2023-05-09T05:41:24.611556+01:00,unclassified,rabv_ea,11923,10161,10576,385,408,RABV_EA
fcf89de1-329a-4da1-a05e-4639d3cfa01b,320,2023-05-09T05:41:32.611556+01:00,unclassified,rabv_ea,11923,10165,10480,286,298,RABV_EA
141e80ed-49ad-4359-9c1a-fe91ad29c03b,407,2023-05-09T05:39:50.611556+01:00,unclassified,rabv_ea,11923,9126,9325,184,192,RABV_EA
6650cb2c-e5d7-434c-8324-5bf7764b356a,1177,2023-05-09T05:40:58.611556+01:00,unclassified,?,11923,0,0,372,404,?
cf59103f-ff1e-4115-bc15-80d5e110bfba,342,2023-05-09T04:24:50.611556+01:00,unclassified,rabv_ea,11923,4964,5249,262,275,RABV_EA
3a14f41d-c944-4e2f-9955-7700fb7ca4c0,1563,2023-05-09T05:41:10.611556+01:00,unclassified,?,11923,0,0,372,387,?
6039c3bf-18af-4543-9a3b-63c62764a9b7,459,2023-05-09T05:41:17.611556+01:00,unclassified,rabv_ea,11923,9548,9938,342,360,RABV_EA
5b2174f7-37df-4645-bcb6-733a46bee9c3,451,2023-05-09T05:41:31.611556+01:00,unclassified,rabv_ea,11923,1567,1958,334,360,RABV_EA
203c097a-ddf0-49c8-9980-d4ac73725bbc,524,2023-05-09T05:39:47.611556+01:00,unclassified,rabv_ea,11923,8930,9325,364,373,RABV_EA
5ee902e4-3ad2-4747-ac19-335c4cde1ebf,470,2023-05-09T05:40:59.611556+01:00,unclassified,rabv_ea,11923,319,696,346,369,RABV_EA
455f4f58-5898-4b8c-b76e-a97b698e980f,471,2023-05-09T05:39:51.611556+01:00,unclassified,rabv_ea,11923,953,1332,355,375,RABV_EA
9920a4e1-0bb7-4f8e-a7de-a53322d61f76,487,2023-05-09T05:39:45.611556+01:00,unclassified,rabv_ea,11923,10164,10562,349,384,RABV_EA
cf7ccea5-dff8-40f3-a769-f60407e6e774,258,2023-05-09T05:41:07.611556+01:00,unclassified,rabv_ea,11923,9241,9325,83,84,RABV_EA
93de3d59-ffda-497b-a8b3-2cf946d7450b,432,2023-05-09T05:41:16.611556+01:00,unclassified,rabv_ea,11923,1864,2244,337,356,RABV_EA
adeec001-f69f-4dcb-bf7a-a8bf2c0f3ef6,839,2023-05-09T05:41:28.611556+01:00,unclassified,?,11923,0,0,376,383,?
be1da8fe-399d-407c-9392-f4a33eb89d6e,458,2023-05-09T05:39:50.611556+01:00,unclassified,rabv_ea,11923,7721,8049,308,319,RABV_EA
ccf4c296-1a5c-4a99-9cf5-55d7c7709a7e,638,2023-05-09T05:41:25.611556+01:00,unclassified,*,0,0,0,0,0,*
3ba2c1ef-0cab-47b6-b594-16224092c25a,260,2023-05-09T05:41:19.611556+01:00,unclassified,rabv_ea,11923,11594,11766,153,168,RABV_EA
a951dc86-6a49-49de-ad78-0e50f85a43f7,868,2023-05-09T05:39:42.611556+01:00,unclassified,?,11923,0,0,378,394,?
f2c3572d-bbbb-46b3-b2b3-75afed8d905f,927,2023-05-09T05:41:34.611556+01:00,unclassified,?,11923,0,0,353,370,?
94363d99-43f3-42ef-b3f3-54b1436d1c4c,300,2023-05-09T05:41:37.611556+01:00,unclassified,rabv_ea,11923,7690,7913,210,216,RABV_EA
08397b62-40de-4ca1-827c-48b2ae725b87,463,2023-05-09T05:39:44.611556+01:00,unclassified,rabv_ea,11923,3049,3438,358,379,RABV_EA
74fcbe9b-cb6f-449b-aa28-9216f82b0cb2,463,2023-05-09T04:24:46.611556+01:00,unclassified,rabv_ea,11923,1568,1955,362,376,RABV_EA
71f31cd9-c707-48b9-a174-c2f844d542b5,458,2023-05-09T05:39:45.611556+01:00,unclassified,rabv_ea,11923,7703,8068,341,353,RABV_EA
9eed9af2-fc77-43b3-bd9d-d058dd0e2429,460,2023-05-09T05:40:56.611556+01:00,unclassified,rabv_ea,11923,9548,9940,359,380,RABV_EA
030899cf-c2ef-4124-8e28-e72c7a4709c8,442,2023-05-09T05:40:57.611556+01:00,unclassified,rabv_ea,11923,8951,9322,342,355,RABV_EA
f75e8485-c8b1-45de-8b59-a475b5d4c637,1698,2023-05-09T05:40:53.611556+01:00,unclassified,?,11923,0,0,366,379,?
6bbf05c7-c8cf-4495-bdf2-80be18676f17,485,2023-05-09T05:39:45.611556+01:00,unclassified,rabv_ea,11923,7699,8078,340,357,RABV_EA
b6d784d6-51c0-4524-8923-2c7ce2f249cc,856,2023-05-09T05:41:36.611556+01:00,unclassified,?,11923,0,0,374,376,?
ef3bbb68-2ca7-46b0-933b-5bf9436d24a4,458,2023-05-09T05:41:42.611556+01:00,unclassified,rabv_ea,11923,5836,6223,358,374,RABV_EA
5acd2644-a781-4435-8f2d-9333cb80148d,455,2023-05-09T05:41:20.611556+01:00,unclassified,rabv_ea,11923,1584,1958,336,345,RABV_EA
eef32d1f-b393-4f80-a0ae-155d84d1fdd7,424,2023-05-09T05:41:21.611556+01:00,unclassified,rabv_ea,11923,4197,4414,200,214,RABV_EA
c7a13c1c-9992-420b-9c60-491ec16a247d,441,2023-05-09T05:41:17.611556+01:00,unclassified,rabv_ea,11923,7704,8064,340,352,RABV_EA
38bc4aa8-d186-45da-a99f-06468b8244bc,933,2023-05-09T05:41:05.611556+01:00,unclassified,?,11923,0,0,345,367,?
bba52590-51c1-4746-a1c6-110783dcadf3,440,2023-05-09T05:41:46.611556+01:00,unclassified,rabv_ea,11923,9851,10244,342,368,RABV_EA
4bf96d16-e6f0-4b82-8842-f1f6b8e744ad,459,2023-05-09T05:41:00.611556+01:00,unclassified,rabv_ea,11923,9851,10240,365,377,RABV_EA
ddf7fbe4-26c9-46a6-9e08-5a549fe3ba6c,1337,2023-05-09T05:39:41.611556+01:00,unclassified,rabv_ea,11923,10164,11494,1008,1143,RABV_EA
45df7f5e-c852-489f-a6e7-ee057519404e,869,2023-05-09T05:41:12.611556+01:00,unclassified,?,11923,0,0,348,369,?
7eae35e4-e0cf-4a38-aed2-053078fcecf0,279,2023-05-09T05:41:13.611556+01:00,unclassified,*,0,0,0,0,0,*
bbef4ffa-8f55-45bd-a8b1-bec002693a33,447,2023-05-09T05:39:45.611556+01:00,unclassified,rabv_ea,11923,3406,3790,356,368,RABV_EA
8b9d4af4-6103-4a52-9450-174da33a2ae8,949,2023-05-09T05:39:43.611556+01:00,unclassified,?,11923,0,0,371,387,?
8afd183f-13fa-4d02-a4b9-1feb92cfe808,521,2023-05-09T05:41:00.611556+01:00,unclassified,rabv_ea,11923,3721,4055,293,318,RABV_EA
4908c346-b5a2-4332-bffe-c9dd678207d9,831,2023-05-09T05:39:43.611556+01:00,unclassified,?,11923,0,0,355,369,?
9210a486-f69b-481e-804d-6f13ec046308,443,2023-05-09T05:41:33.611556+01:00,unclassified,rabv_ea,11923,9851,10228,320,346,RABV_EA
5d20abf9-3f35-4a18-b38e-094c9bf5df85,1031,2023-05-09T05:41:47.611556+01:00,unclassified,?,11923,0,0,375,380,?
04d3d6f5-9efe-4e12-8760-c3b7943fc7e1,873,2023-05-09T05:41:52.611556+01:00,unclassified,?,11923,0,0,356,371,?
9fe81dac-a862-4075-8544-3ef2b704742b,455,2023-05-09T04:25:48.611556+01:00,unclassified,rabv_ea,11923,9549,9940,359,376,RABV_EA
4d6d9159-598a-440c-a4d6-d9077bb528ba,921,2023-05-09T05:41:30.611556+01:00,unclassified,?,11923,0,0,394,406,?
e4bd881b-0c1c-419a-9336-039b4faf12db,458,2023-05-09T05:41:47.611556+01:00,unclassified,rabv_ea,11923,11406,11796,365,378,RABV_EA
6069f582-a0fe-494a-9859-3fda250694ff,374,2023-05-09T04:25:51.611556+01:00,unclassified,*,0,0,0,0,0,*
5a970f75-a98f-42bf-b1ec-9230357da293,464,2023-05-09T05:41:43.611556+01:00,unclassified,rabv_ea,11923,10164,10561,357,381,RABV_EA
017b0a54-ff01-4f39-8710-909746b38d82,491,2023-05-09T05:41:44.611556+01:00,unclassified,rabv_ea,11923,1887,2264,356,371,RABV_EA
5de1ad8a-5006-4061-ac78-77d2f00bfaa4,480,2023-05-09T05:41:37.611556+01:00,unclassified,rabv_ea,11923,1567,1955,374,386,RABV_EA
286735bf-6653-422a-9fc5-f9280f9a4fdb,217,2023-05-09T05:41:47.611556+01:00,unclassified,rabv_ea,11923,317,466,138,143,RABV_EA
dd9079ed-7923-4d74-9695-a83e335881f6,454,2023-05-09T05:41:36.611556+01:00,unclassified,rabv_ea,11923,941,1313,345,362,RABV_EA
6c7877b3-cc5c-4015-85d5-85dca7388629,221,2023-05-09T05:41:54.611556+01:00,unclassified,*,0,0,0,0,0,*
d3dc8189-551e-4e4d-a531-c8b1f0e7bf09,505,2023-05-09T05:41:36.611556+01:00,unclassified,rabv_ea,11923,7682,8081,367,380,RABV_EA
f8d5e4d3-3fc2-48ca-860a-82afa9f95680,1302,2023-05-09T04:25:50.611556+01:00,unclassified,?,11923,0,0,395,404,?
5fe0a66b-aa40-4d08-8bb5-bf4b056a1e16,351,2023-05-09T05:41:53.611556+01:00,unclassified,rabv_ea,11923,3062,3323,241,248,RABV_EA
dcef4d42-1ea2-496c-a946-a32518b1a671,491,2023-05-09T05:41:30.611556+01:00,unclassified,rabv_ea,11923,7697,8072,341,361,RABV_EA
89481871-98a0-41d4-983e-5bebf52a3aec,286,2023-05-09T05:41:32.611556+01:00,unclassified,rabv_ea,11923,626,747,112,120,RABV_EA
1b2d190d-0ee6-4580-83c5-8fd6b77f93b7,849,2023-05-09T05:41:29.611556+01:00,unclassified,?,11923,0,0,363,378,?
542bf5a3-681d-4bcb-8728-a604f781087a,440,2023-05-09T05:41:51.611556+01:00,unclassified,rabv_ea,11923,11117,11493,320,351,RABV_EA
02b1ed8d-193e-4587-a1e6-9190d671b1b8,448,2023-05-09T05:41:50.611556+01:00,unclassified,rabv_ea,11923,11115,11487,327,349,RABV_EA
c75c0f8c-3d94-4471-beeb-c9cf1fcc543a,854,2023-05-09T05:41:39.611556+01:00,unclassified,?,11923,0,0,361,373,?
01d94b55-4ddd-4091-9b08-30b42944f439,494,2023-05-09T05:41:38.611556+01:00,unclassified,rabv_ea,11923,3073,3336,246,257,RABV_EA
fc767bfe-9d5f-4108-9a40-2605d7a90c3f,2629,2023-05-09T05:41:29.611556+01:00,unclassified,?,11923,0,0,371,379,?
109e4a59-2293-4dee-b22b-5bd761d1272b,752,2023-05-09T05:41:53.611556+01:00,unclassified,?,11923,0,0,355,365,?
b14faf40-d47b-4db5-8ec5-dd3663a326d0,488,2023-05-09T05:41:31.611556+01:00,unclassified,rabv_ea,11923,3049,3458,377,398,RABV_EA
400d3525-59f2-4f5f-8115-aa57aed9ab2e,457,2023-05-09T05:40:01.611556+01:00,unclassified,rabv_ea,11923,9568,9913,295,326,RABV_EA
c536f3bc-b03a-4f0f-a1d9-ddae83ecd689,473,2023-05-09T05:41:40.611556+01:00,unclassified,rabv_ea,11923,5837,6223,356,373,RABV_EA
d0bc7420-1665-4d9c-9c22-8ff12d1f92e1,1686,2023-05-09T04:25:44.611556+01:00,unclassified,?,11923,0,0,369,377,?
ec0be9dc-ef4c-46ab-a889-ae5661f18a80,553,2023-05-09T05:40:02.611556+01:00,unclassified,rabv_ea,11923,7689,8079,377,385,RABV_EA
da94b8db-f366-4efb-9b16-5ae620251d31,457,2023-05-09T05:41:43.611556+01:00,unclassified,rabv_ea,11923,11111,11494,365,375,RABV_EA
ec566c6b-fe0b-4f62-bb55-70523efd3e5b,151,2023-05-09T04:24:22.611556+01:00,unclassified,rabv_ea,11923,11407,11494,82,87,RABV_EA
df324e45-8525-4f6c-8016-1ddbe53a3fe9,254,2023-05-09T04:24:22.611556+01:00,unclassified,rabv_ea,11923,2114,2218,96,98,RABV_EA
e42f4421-6a20-43eb-8748-08e6469dadde,452,2023-05-09T05:41:54.611556+01:00,unclassified,rabv_ea,11923,7714,8081,363,366,RABV_EA
e7e6865e-cbb4-4e88-a4c6-21ec5d111e7b,476,2023-05-09T05:41:50.611556+01:00,unclassified,rabv_ea,11923,2732,3140,355,388,RABV_EA
9e7f526e-677d-4cab-8d1f-cc4bb9c86b0e,479,2023-05-09T05:41:43.611556+01:00,unclassified,rabv_ea,11923,10175,10562,346,378,RABV_EA
b43d30ad-3047-4fa5-be18-8900142ebc73,781,2023-05-09T05:41:42.611556+01:00,unclassified,?,11923,0,0,424,452,?
cb236674-2fcb-45d2-980d-a400a4c0443d,519,2023-05-09T05:41:45.611556+01:00,unclassified,rabv_ea,11923,10164,10572,379,395,RABV_EA
221c33e5-117a-4e38-8c22-fd610335c074,851,2023-05-09T05:41:55.611556+01:00,unclassified,?,11923,0,0,387,401,?
156b602e-7484-4669-b7f8-0ff40f8902ba,451,2023-05-09T05:41:58.611556+01:00,unclassified,rabv_ea,11923,11111,11494,347,367,RABV_EA
4b502ded-5224-4032-b67a-996d26bc6500,482,2023-05-09T05:40:06.611556+01:00,unclassified,rabv_ea,11923,4639,5036,372,387,RABV_EA
772a1d5f-29bc-407f-947a-c162e1f7b388,454,2023-05-09T05:40:04.611556+01:00,unclassified,rabv_ea,11923,10496,10879,347,372,RABV_EA
53365cbf-0389-42e2-9627-ec2a6572d906,449,2023-05-09T05:40:02.611556+01:00,unclassified,rabv_ea,11923,10173,10561,344,373,RABV_EA
5cd64562-357d-49cd-96e5-2e94989f5224,625,2023-05-09T05:42:00.611556+01:00,unclassified,?,11923,0,0,346,359,?
9847ade6-0a55-43bc-a86e-847a24e98e80,487,2023-05-09T05:42:00.611556+01:00,unclassified,rabv_ea,11923,3049,3456,385,404,RABV_EA
1c2290b3-c68e-4ab0-8479-daa8109b7a39,465,2023-05-09T04:24:23.611556+01:00,unclassified,rabv_ea,11923,5197,5592,364,382,RABV_EA
2cdfb8b1-7afd-436e-8ec4-4b13e9c122ab,2495,2023-05-09T05:41:53.611556+01:00,unclassified,?,11923,0,0,364,384,?
3bbc1793-aa3d-4b47-9248-a921310982ab,452,2023-05-09T04:24:47.611556+01:00,unclassified,rabv_ea,11923,5854,6206,302,333,RABV_EA
87c2113c-b7ba-47c6-8c48-916e35819152,849,2023-05-09T05:41:58.611556+01:00,unclassified,?,11923,0,0,333,353,?
4e382080-388c-4d76-a742-63d1d3888259,1647,2023-05-09T05:41:53.611556+01:00,unclassified,?,11923,0,0,762,784,?
1b8a36c0-fc72-4c0e-b1e9-30e71ba43d34,1693,2023-05-09T05:41:40.611556+01:00,unclassified,?,11923,0,0,376,398,?
93041cc3-633e-4758-9bf6-51191155bb65,478,2023-05-09T05:41:44.611556+01:00,unclassified,rabv_ea,11923,3062,3459,354,379,RABV_EA
76f7fa03-a158-495a-9563-09df02b06869,485,2023-05-09T05:41:43.611556+01:00,unclassified,rabv_ea,11923,319,710,331,364,RABV_EA
e1660d09-bc48-4370-afcf-bb6c74e8ee7d,881,2023-05-09T05:41:56.611556+01:00,unclassified,?,11923,0,0,382,398,?
304efa1d-4406-4131-b216-9246f65fd613,796,2023-05-09T05:40:09.611556+01:00,unclassified,?,11923,0,0,375,386,?
cae88e96-02aa-4b5a-84b2-5d8c323e9547,325,2023-05-09T05:41:44.611556+01:00,unclassified,?,11923,0,0,193,201,?
bc537edd-2ff3-4967-8891-ac94dc817025,440,2023-05-09T05:41:46.611556+01:00,unclassified,rabv_ea,11923,7690,8067,353,372,RABV_EA
e43443c8-c3b1-4cb1-87ba-594e53cf1db8,1325,2023-05-09T05:41:42.611556+01:00,unclassified,?,11923,0,0,391,410,?
b1c51615-1429-4bb1-9b25-56511c0c2567,476,2023-05-09T05:41:44.611556+01:00,unclassified,rabv_ea,11923,7713,8068,326,351,RABV_EA
38583b56-914d-41ce-aa80-6118ba67cf38,1281,2023-05-09T04:24:10.611556+01:00,unclassified,?,11923,0,0,374,396,?
0853c997-1c00-405b-9872-87345dd0d0d2,750,2023-05-09T05:40:02.611556+01:00,unclassified,?,11923,0,0,309,323,?
b02961dc-367b-43ac-9e4e-06255a031ad3,1273,2023-05-09T05:40:10.611556+01:00,unclassified,?,11923,0,0,373,380,?
c1bce19a-a190-4705-ab8c-2ce7f8d78ce6,458,2023-05-09T05:42:13.611556+01:00,unclassified,rabv_ea,11923,9868,10263,360,373,RABV_EA
c7067717-88f4-44a1-a80a-77fd18665e26,924,2023-05-09T05:41:53.611556+01:00,unclassified,?,11923,0,0,362,366,?
c930e58d-3724-4e14-968d-ca25701397e6,864,2023-05-09T05:41:52.611556+01:00,unclassified,?,11923,0,0,371,393,?
5e9e9151-5164-4bf9-aeb4-020e7d085c34,1286,2023-05-09T05:41:41.611556+01:00,unclassified,?,11923,0,0,362,384,?
32052743-66cb-4c03-aa62-6b6ab25fde15,457,2023-05-09T05:40:10.611556+01:00,unclassified,rabv_ea,11923,9870,10231,346,351,RABV_EA
9b47c8e4-0eac-4f49-99c6-1c706ac28dad,582,2023-05-09T05:41:54.611556+01:00,unclassified,?,11923,0,0,374,392,?
4090812f-0b92-4180-b0f5-aa1f571f3066,997,2023-05-09T04:24:14.611556+01:00,unclassified,?,11923,0,0,360,389,?
651628ac-8e1b-4c0b-a6c1-59b177649859,431,2023-05-09T05:42:22.611556+01:00,unclassified,rabv_ea,11923,330,690,309,339,RABV_EA
da5b9541-aebe-499a-8a0c-016ceb1c5a31,889,2023-05-09T05:42:19.611556+01:00,unclassified,?,11923,0,0,354,374,?
2487f822-20e0-493a-98b2-79105d5b6380,3607,2023-05-09T05:40:09.611556+01:00,unclassified,?,11923,0,0,377,396,?
ff3d96c0-0ec7-4137-8e82-c8dd1e31ac63,849,2023-05-09T05:40:16.611556+01:00,unclassified,?,11923,0,0,377,391,?
6db73b41-02ba-41be-ab42-f2d363d80968,444,2023-05-09T05:40:19.611556+01:00,unclassified,rabv_ea,11923,7690,8051,343,356,RABV_EA
cb925bf1-994f-4e03-b161-c64e432b88b1,1313,2023-05-09T05:40:15.611556+01:00,unclassified,?,11923,0,0,377,401,?
ad15b330-58d3-4e2d-bd11-904613614ec3,481,2023-05-09T05:42:15.611556+01:00,unclassified,rabv_ea,11923,9857,10263,368,380,RABV_EA
d039f05c-1820-4431-9401-e9ad0b8f0b74,870,2023-05-09T05:42:14.611556+01:00,unclassified,rabv_ea,11923,4925,5298,355,366,RABV_EA
5eac788b-160f-4e44-8385-756218fdff27,356,2023-05-09T05:40:16.611556+01:00,unclassified,rabv_ea,11923,3231,3461,212,221,RABV_EA
c5f277c2-e258-428c-a4e0-05b9e1136825,476,2023-05-09T04:23:59.611556+01:00,unclassified,rabv_ea,11923,5836,6223,361,378,RABV_EA
96b5bb5e-08a6-4faa-950c-b10686ee5366,507,2023-05-09T05:42:17.611556+01:00,unclassified,rabv_ea,11923,3383,3778,353,374,RABV_EA
3673c62b-43b4-453b-9091-5b4ad08e6075,2064,2023-05-09T04:24:07.611556+01:00,unclassified,?,11923,0,0,375,390,?
4eed21c0-d716-4775-adf7-ba82856ce70a,458,2023-05-09T05:42:16.611556+01:00,unclassified,rabv_ea,11923,11392,11770,353,369,RABV_EA
67555290-e93a-4140-9c44-0ea4b73e8c53,456,2023-05-09T04:24:15.611556+01:00,unclassified,rabv_ea,11923,9548,9940,363,378,RABV_EA
0042847a-18bc-4fa8-a389-7186781b0ea7,232,2023-05-09T05:42:14.611556+01:00,unclassified,rabv_ea,11923,4271,4422,139,150,RABV_EA
e4c7e2bc-4aa3-4cf7-b0bb-5e92c0f06574,447,2023-05-09T04:24:15.611556+01:00,unclassified,rabv_ea,11923,5836,6198,320,336,RABV_EA
81c40be4-5dcb-493a-8a9a-f852c4e16711,936,2023-05-09T05:42:20.611556+01:00,unclassified,?,11923,0,0,372,384,?
ea0600d0-66d4-48aa-8c89-8c007633ab42,475,2023-05-09T05:42:17.611556+01:00,unclassified,rabv_ea,11923,11406,11796,361,386,RABV_EA
3793bb74-7396-4bef-b785-412bf6c54c2f,921,2023-05-09T04:24:02.611556+01:00,unclassified,?,11923,0,0,367,376,?
418e9fbf-b7d7-4e83-ad09-9403962c3c15,451,2023-05-09T05:42:06.611556+01:00,unclassified,rabv_ea,11923,1575,1958,346,361,RABV_EA
0d533a55-d174-4c4f-8ad9-290f29ee60c9,935,2023-05-09T05:42:13.611556+01:00,unclassified,?,11923,0,0,361,367,?
499104a0-462a-4616-a17a-d79bd80005b2,1235,2023-05-09T05:41:52.611556+01:00,unclassified,?,11923,0,0,341,352,?
95dc027c-ab64-4169-8567-18514d7dcbee,1325,2023-05-09T05:42:07.611556+01:00,unclassified,?,11923,0,0,373,383,?
2c83587e-2b01-4c4d-bbcb-5f00e61b401e,305,2023-05-09T05:42:13.611556+01:00,unclassified,*,0,0,0,0,0,*
bb005349-e6e0-4dd7-8eaf-53fcd795c9e4,855,2023-05-09T04:24:00.611556+01:00,unclassified,?,11923,0,0,360,371,?
af79d636-4fec-4a82-92ad-5ed963271593,890,2023-05-09T04:24:11.611556+01:00,unclassified,?,11923,0,0,381,396,?
84386c7d-7b6f-4821-8ab5-6bae7d5c0ece,460,2023-05-09T04:24:11.611556+01:00,unclassified,rabv_ea,11923,1569,1958,363,378,RABV_EA
e2a845b3-de2f-494e-b66a-dac03907c07c,1205,2023-05-09T05:40:13.611556+01:00,unclassified,?,11923,0,0,340,350,?
b3dbf440-c349-43d5-be27-65e05f1bd8da,480,2023-05-09T05:42:08.611556+01:00,unclassified,rabv_ea,11923,9879,10259,355,373,RABV_EA
e1135c4e-702c-4502-a2f7-66e869f4d41d,1734,2023-05-09T04:24:09.611556+01:00,unclassified,?,11923,0,0,398,407,?
2451deec-ff99-44ed-a170-2f2287ac96fc,433,2023-05-09T05:42:06.611556+01:00,unclassified,rabv_ea,11923,6478,6824,316,336,RABV_EA
ce5c4d28-36c2-4624-ac35-ff6ec7260cf7,871,2023-05-09T05:42:25.611556+01:00,unclassified,?,11923,0,0,381,401,?
bbe177b1-e476-436d-bb75-67be1a89a03a,439,2023-05-09T05:42:28.611556+01:00,unclassified,rabv_ea,11923,1568,1958,362,377,RABV_EA
3c6351ad-6151-41c9-95a6-d11e32c775dc,476,2023-05-09T05:42:29.611556+01:00,unclassified,rabv_ea,11923,5211,5608,382,393,RABV_EA
d56cb8ae-fd4a-4d18-ab7b-8fb584c79f98,452,2023-05-09T05:42:30.611556+01:00,unclassified,rabv_ea,11923,5836,6212,343,360,RABV_EA
0a9de188-d7db-4868-8e21-67bfe27a5816,468,2023-05-09T05:42:29.611556+01:00,unclassified,rabv_ea,11923,2745,3149,366,390,RABV_EA
7a3b3f0e-ca56-4f38-b165-fef5a999d2cd,463,2023-05-09T05:40:42.611556+01:00,unclassified,rabv_ea,11923,7705,8077,354,362,RABV_EA
b9e9bd46-13c4-4549-9986-71bd6c487b78,472,2023-05-09T05:42:26.611556+01:00,unclassified,rabv_ea,11923,3418,3791,335,354,RABV_EA
30f83f8e-44be-49a6-8339-1274e06d4b59,497,2023-05-09T05:40:40.611556+01:00,unclassified,rabv_ea,11923,7690,8078,359,381,RABV_EA
a9af26d7-ece1-44a3-94b1-714594ef9809,874,2023-05-09T04:24:02.611556+01:00,unclassified,?,11923,0,0,374,403,?
22e71867-1245-4190-b641-a0b87014989f,511,2023-05-09T05:42:25.611556+01:00,unclassified,rabv_ea,11923,9851,10232,351,367,RABV_EA
6379d837-bd30-49c6-8d4a-fe351b75f357,666,2023-05-09T05:42:24.611556+01:00,unclassified,?,11923,0,0,367,389,?
f9e73d56-25c8-4559-b5c1-c4fc890959df,457,2023-05-09T05:40:44.611556+01:00,unclassified,rabv_ea,11923,5217,5564,310,328,RABV_EA
6ecd2e15-e9f3-4fde-a282-a23a8fc9578d,437,2023-05-09T05:42:21.611556+01:00,unclassified,rabv_ea,11923,7712,8079,359,364,RABV_EA
b30e4dec-78d3-47b8-ba85-9d28e1a854ca,976,2023-05-09T05:42:24.611556+01:00,unclassified,?,11923,0,0,393,411,?
f20b9581-7675-48e2-8292-9bc790dbb82f,442,2023-05-09T05:42:25.611556+01:00,unclassified,rabv_ea,11923,1864,2247,351,367,RABV_EA
35df5d81-ea7f-4c84-bdb5-d6cec2717c1c,459,2023-05-09T04:23:41.611556+01:00,unclassified,rabv_ea,11923,8941,9315,342,360,RABV_EA
b919c544-e8bc-4f5d-8719-b2ef9925aec0,1109,2023-05-09T05:40:40.611556+01:00,unclassified,?,11923,0,0,383,396,?
a5b232ec-f227-44c7-9c2b-d53024e3327b,521,2023-05-09T05:42:26.611556+01:00,unclassified,rabv_ea,11923,7689,8068,357,366,RABV_EA
fda01390-11fe-42ad-bd09-a60e5aa28363,469,2023-05-09T05:40:41.611556+01:00,unclassified,rabv_ea,11923,9851,10247,373,384,RABV_EA
c8da1d42-3191-4da9-8d8b-d1dfa069f237,840,2023-05-09T05:42:14.611556+01:00,unclassified,?,11923,0,0,350,366,?
cddccb95-f708-427b-9110-fc2c569d1ece,942,2023-05-09T05:42:14.611556+01:00,unclassified,rabv_ea,11923,10168,11494,745,786,RABV_EA
4d95e04e-d682-4a94-baa2-3b2249702a0e,1225,2023-05-09T05:42:07.611556+01:00,unclassified,?,11923,0,0,351,387,?
5655222c-036a-4f48-a825-5f9556fef788,1279,2023-05-09T05:42:42.611556+01:00,unclassified,?,11923,0,0,384,394,?
9a64f704-e9c9-49a8-bc1e-3f0783adbb52,1665,2023-05-09T05:42:33.611556+01:00,unclassified,?,11923,0,0,387,400,?
d49b3bb0-338f-42f8-8942-916a4c36425f,489,2023-05-09T05:42:06.611556+01:00,unclassified,rabv_ea,11923,4624,5053,376,394,RABV_EA
9da400ba-bbff-43b5-b59d-ac47bc7719d5,1689,2023-05-09T04:23:36.611556+01:00,unclassified,?,11923,0,0,384,397,?
1a895345-71fe-4ee3-8fc5-e546f439923d,907,2023-05-09T05:40:43.611556+01:00,unclassified,?,11923,0,0,349,364,?
aa29c353-9f40-4ad3-b23e-4aacb1569dea,472,2023-05-09T04:23:49.611556+01:00,unclassified,rabv_ea,11923,3398,3791,376,386,RABV_EA
15fc9665-d4cf-4780-ae19-fcb67d6f032f,510,2023-05-09T05:40:48.611556+01:00,unclassified,rabv_ea,11923,7691,8081,361,375,RABV_EA
3bc376cc-94c1-4cf0-8604-917c9c38b01e,3107,2023-05-09T05:40:39.611556+01:00,unclassified,?,11923,0,0,1009,1141,?
f4fa2626-87c5-491a-880c-73be9d80b234,296,2023-05-09T05:42:36.611556+01:00,unclassified,rabv_ea,11923,6439,6640,183,191,RABV_EA
b07be453-e46a-4082-bb07-3718ab63227c,252,2023-05-09T04:24:03.611556+01:00,unclassified,*,0,0,0,0,0,*
999c115e-8a28-4ff0-af63-99a9ca2cf247,446,2023-05-09T05:42:32.611556+01:00,unclassified,rabv_ea,11923,9879,10260,358,368,RABV_EA
d6934149-6c94-4a91-b7c8-cb61f0d945bb,626,2023-05-09T04:23:59.611556+01:00,unclassified,rabv_ea,11923,5199,5608,364,391,RABV_EA
efd315fb-70e8-42df-a39b-6b008f7a3e21,974,2023-05-09T04:23:59.611556+01:00,unclassified,?,11923,0,0,368,377,?
1c4e142e-1d20-478f-b8b8-431b06794b65,399,2023-05-09T05:40:47.611556+01:00,unclassified,rabv_ea,11923,1879,2192,273,297,RABV_EA
bf292e64-fd73-4053-856a-177741c24f84,450,2023-05-09T04:24:00.611556+01:00,unclassified,rabv_ea,11923,69,445,346,362,RABV_EA
6e50610f-0ffd-4bb0-8386-82f9fc259fb6,512,2023-05-09T04:23:50.611556+01:00,unclassified,rabv_ea,11923,7687,8081,373,381,RABV_EA
063ed9d2-fbfe-420c-8403-aac443bb412c,437,2023-05-09T05:42:37.611556+01:00,unclassified,rabv_ea,11923,11110,11485,334,347,RABV_EA
00ec6462-f014-4f13-9775-99351d2a050a,326,2023-05-09T04:23:52.611556+01:00,unclassified,rabv_ea,11923,9248,9314,60,62,RABV_EA
e8f04166-b6ef-4fe5-99d9-aeec72d701be,307,2023-05-09T05:41:26.611556+01:00,unclassified,*,0,0,0,0,0,*
a54f3e64-4de8-43f6-aed6-0854f2355e99,502,2023-05-09T05:42:34.611556+01:00,unclassified,rabv_ea,11923,7690,8081,360,372,RABV_EA
e53bddc6-aa18-4083-954c-db3da04e7ee6,474,2023-05-09T04:23:51.611556+01:00,unclassified,rabv_ea,11923,2733,3135,380,395,RABV_EA
31c6215f-a787-46e6-9ba9-e36906fa4f12,2478,2023-05-09T05:42:26.611556+01:00,unclassified,?,11923,0,0,372,389,?
9f0637b6-83ee-4648-9eda-d84f08bbe362,451,2023-05-09T05:41:27.611556+01:00,unclassified,rabv_ea,11923,7706,8081,344,360,RABV_EA
5d31f6bc-053a-4cbc-bbda-2dd668f394c9,456,2023-05-09T05:42:31.611556+01:00,unclassified,rabv_ea,11923,10172,10561,352,373,RABV_EA
d26a7439-f4f0-41c7-8a06-2fc3354e9a64,446,2023-05-09T05:42:34.611556+01:00,unclassified,rabv_ea,11923,7713,8081,344,355,RABV_EA
e4cb45c9-be7c-4423-85b2-0ac0647fd826,1673,2023-05-09T04:23:47.611556+01:00,unclassified,?,11923,0,0,385,398,?
9c7801dc-37ad-49ea-a5d1-b04ab98abfe7,1010,2023-05-09T04:23:36.611556+01:00,unclassified,?,11923,0,0,374,392,?
6733df45-7bd8-42ae-81a9-eb6defb47b93,1221,2023-05-09T04:22:58.611556+01:00,unclassified,?,11923,0,0,365,373,?
f2fce3b6-ab76-4c59-807e-617282aefd4b,444,2023-05-09T04:24:47.611556+01:00,unclassified,rabv_ea,11923,9851,10228,347,359,RABV_EA
0113a243-030c-43ac-8d54-61d2ab7681bf,479,2023-05-09T04:24:00.611556+01:00,unclassified,rabv_ea,11923,1567,1958,354,379,RABV_EA
c9c0300c-4c3e-4974-84c6-3ff0951bd830,352,2023-05-09T04:22:58.611556+01:00,unclassified,rabv_ea,11923,3062,3274,193,201,RABV_EA
86b13de2-7858-4d16-9a61-0349cce45829,441,2023-05-09T05:41:36.611556+01:00,unclassified,rabv_ea,11923,7705,8081,352,363,RABV_EA
2d8722b0-6c83-41e7-bb5b-c388b36dde73,471,2023-05-09T04:22:58.611556+01:00,unclassified,rabv_ea,11923,5209,5608,365,382,RABV_EA
48e0bab9-d3ca-46bf-98e1-3f234bdfd5df,1288,2023-05-09T05:42:43.611556+01:00,unclassified,?,11923,0,0,381,389,?
3cb92c44-f85a-4fb5-a4df-0ab834957f94,530,2023-05-09T04:23:10.611556+01:00,unclassified,rabv_ea,11923,10168,10568,363,385,RABV_EA
c6530dec-d937-4b9f-b790-16aa06ef2c7f,465,2023-05-09T05:42:34.611556+01:00,unclassified,rabv_ea,11923,7088,7467,353,366,RABV_EA
32322aed-8566-4d38-a1af-3018f88966a9,1210,2023-05-09T05:42:29.611556+01:00,unclassified,?,11923,0,0,339,368,?
43811c32-9d4a-4fc5-8c9d-b1ea29d09940,895,2023-05-09T04:22:59.611556+01:00,unclassified,?,11923,0,0,382,396,?
97f99cfc-594c-40db-823c-62b46e9c0f3d,546,2023-05-09T04:22:57.611556+01:00,unclassified,rabv_ea,11923,9851,10259,385,400,RABV_EA
04966526-5e1e-49a3-8cae-0e2f355fb665,465,2023-05-09T04:22:58.611556+01:00,unclassified,rabv_ea,11923,9851,10248,355,373,RABV_EA
2d519a31-db1e-4bd9-a4fe-f578251e61b4,453,2023-05-09T04:22:56.611556+01:00,unclassified,rabv_ea,11923,319,689,343,362,RABV_EA
e2c27e0b-90f0-455f-a175-9a46d230989f,452,2023-05-09T04:23:01.611556+01:00,unclassified,rabv_ea,11923,1572,1958,334,357,RABV_EA
9721c6f0-30e0-4557-b84a-08051b579281,457,2023-05-09T05:42:31.611556+01:00,unclassified,rabv_ea,11923,10170,10554,348,367,RABV_EA
d1ce0b57-0ac1-4cd4-be6a-50419e2d4b8b,451,2023-05-09T05:42:45.611556+01:00,unclassified,rabv_ea,11923,7706,8071,332,354,RABV_EA
b6616992-9963-4856-b381-402bc0ec7ac3,367,2023-05-09T04:22:56.611556+01:00,unclassified,rabv_ea,11923,4191,4418,216,222,RABV_EA
5c57c1cb-1f1e-455e-8b36-bf7776591226,463,2023-05-09T04:23:01.611556+01:00,unclassified,rabv_ea,11923,5835,6222,363,378,RABV_EA
5ee07686-9631-436d-b48b-720aed64759e,456,2023-05-09T04:23:59.611556+01:00,unclassified,rabv_ea,11923,5836,6223,356,367,RABV_EA
7917b02c-dc53-406e-a34e-68e339996bf2,475,2023-05-09T04:24:23.611556+01:00,unclassified,rabv_ea,11923,5198,5592,362,384,RABV_EA
305cb474-4b76-4f3c-9a28-c244923b7ac1,3165,2023-05-09T05:42:41.611556+01:00,unclassified,?,11923,0,0,380,389,?
871e6c7c-6e40-407d-a58e-fa361494abc0,487,2023-05-09T05:42:50.611556+01:00,unclassified,rabv_ea,11923,1565,1958,374,388,RABV_EA
0776c84b-19ef-42dc-9356-6ed0c5973a33,514,2023-05-09T05:42:50.611556+01:00,unclassified,rabv_ea,11923,10187,10576,347,365,RABV_EA
9ccb294a-8aef-4242-91f9-b368c48bc012,432,2023-05-09T05:42:49.611556+01:00,unclassified,rabv_ea,11923,1561,1937,319,333,RABV_EA
d1d565df-ed9f-444e-a730-ab36fdb1ca1b,449,2023-05-09T05:43:00.611556+01:00,unclassified,rabv_ea,11923,5837,6197,329,347,RABV_EA
47a2277d-38e0-434d-a979-da204e0b9234,1132,2023-05-09T05:42:54.611556+01:00,unclassified,?,11923,0,0,345,360,?
5945681f-a30c-4b92-8c87-c39d7d1c3b7f,401,2023-05-09T04:24:22.611556+01:00,unclassified,rabv_ea,11923,1873,2194,288,303,RABV_EA
4baf90b4-a80d-420f-8aef-c01aa3525167,1328,2023-05-09T05:41:46.611556+01:00,unclassified,?,11923,0,0,375,406,?
b9e30ee6-6b6e-4e60-b16a-5890d1a38271,1292,2023-05-09T04:24:22.611556+01:00,unclassified,?,11923,0,0,352,375,?
1f305a4c-51fb-4013-916e-2aa76981b68a,991,2023-05-09T04:24:24.611556+01:00,unclassified,rabv_ea,11923,1551,1957,380,390,RABV_EA
cd6db6bc-111b-4e99-afe3-a7dbabbf92a5,622,2023-05-09T05:42:47.611556+01:00,unclassified,?,11923,0,0,181,185,?
9fce6d7a-f25c-4bcd-80e3-b49fec622122,923,2023-05-09T05:42:57.611556+01:00,unclassified,?,11923,0,0,381,407,?
596c4759-4a3f-4ff0-9898-e227e258aedc,1655,2023-05-09T05:42:40.611556+01:00,unclassified,?,11923,0,0,387,398,?
029d808d-ba28-4beb-9c8d-ee5707a1f555,464,2023-05-09T05:43:02.611556+01:00,unclassified,rabv_ea,11923,9550,9939,365,381,RABV_EA
400af50a-1773-42db-bb7e-0273346b17f2,508,2023-05-09T05:43:18.611556+01:00,unclassified,rabv_ea,11923,6135,6528,362,374,RABV_EA
64d26122-ac78-4244-9f0a-afc95b220708,899,2023-05-09T05:41:47.611556+01:00,unclassified,?,11923,0,0,369,389,?
39551194-c308-42b5-a130-5df20e9ca3a5,1748,2023-05-09T05:41:46.611556+01:00,unclassified,rabv_ea,11923,10165,10576,394,406,RABV_EA
e521bfbb-d1cf-4905-a9dc-ba0d2b40aef4,270,2023-05-09T05:43:19.611556+01:00,unclassified,rabv_ea,11923,10164,10349,164,180,RABV_EA
e5224cee-cda8-4914-ba3c-5b5b4e68d66d,883,2023-05-09T04:24:20.611556+01:00,unclassified,?,11923,0,0,362,385,?
8f30cdd7-04f0-4c7f-87a4-4e8629cbbfce,435,2023-05-09T05:42:58.611556+01:00,unclassified,rabv_ea,11923,1567,1944,330,349,RABV_EA
0c35d271-c180-4483-a145-d979182d23d6,431,2023-05-09T05:42:55.611556+01:00,unclassified,rabv_ea,11923,1864,2247,335,359,RABV_EA
cabe4627-697d-467d-b9da-6a8be2dc8652,855,2023-05-09T05:43:01.611556+01:00,unclassified,?,11923,0,0,347,366,?
23d1b4ab-5883-41c1-852f-3f56a0afc3d1,443,2023-05-09T04:24:04.611556+01:00,unclassified,rabv_ea,11923,7700,8063,320,344,RABV_EA
926626d9-d05e-4d2d-b270-326890061ee3,899,2023-05-09T05:42:57.611556+01:00,unclassified,?,11923,0,0,366,385,?
88262a1d-6494-4cd1-92d5-f31d406044af,853,2023-05-09T04:24:23.611556+01:00,unclassified,?,11923,0,0,371,382,?
748f90ae-8ad6-47be-855e-4d07f8ac4ac3,669,2023-05-09T05:42:58.611556+01:00,unclassified,?,11923,0,0,367,384,?
dfc7debd-4bae-42fb-b66f-b8d386cfe6fe,503,2023-05-09T04:23:09.611556+01:00,unclassified,rabv_ea,11923,7694,8081,344,361,RABV_EA
23a9ea1f-6501-4f0e-b67f-eadd8ce10e35,456,2023-05-09T05:43:11.611556+01:00,unclassified,rabv_ea,11923,6424,6808,342,363,RABV_EA
02dd5a36-16a2-4d82-b1bd-41a936314588,878,2023-05-09T05:42:02.611556+01:00,unclassified,?,11923,0,0,364,371,?
fdbe67be-251c-4ad5-bc48-62586f470a39,2505,2023-05-09T04:22:52.611556+01:00,unclassified,?,11923,0,0,382,389,?
c3142dd6-8526-482a-9bba-ccc764fa8f0f,1592,2023-05-09T05:42:01.611556+01:00,unclassified,?,11923,0,0,375,385,?
df0feb66-fba9-4560-8c1a-dfe02b53d333,861,2023-05-09T05:43:00.611556+01:00,unclassified,?,11923,0,0,347,354,?
d10d5314-446f-4a63-b2f1-1ec2354d84f8,892,2023-05-09T05:43:11.611556+01:00,unclassified,?,11923,0,0,346,366,?
00eeabe6-f7ea-4eeb-91e4-133acc498c80,1906,2023-05-09T05:43:25.611556+01:00,unclassified,?,11923,0,0,369,384,?
770b966e-3628-45b6-beea-14b147871d8a,263,2023-05-09T05:41:56.611556+01:00,unclassified,rabv_ea,11923,7710,7800,88,88,RABV_EA
e837572b-9c0f-48d6-ada8-8985e3525596,423,2023-05-09T05:43:31.611556+01:00,unclassified,rabv_ea,11923,9580,9940,313,322,RABV_EA
c584a908-a720-4f1b-b70b-73e8c97aebf7,484,2023-05-09T05:41:58.611556+01:00,unclassified,rabv_ea,11923,10166,10563,381,393,RABV_EA
e5de7765-97ac-4d62-97be-41c854413e69,267,2023-05-09T05:43:30.611556+01:00,unclassified,*,0,0,0,0,0,*
e0b0aca1-4f13-4ab9-b246-723c8ada1388,458,2023-05-09T05:41:55.611556+01:00,unclassified,rabv_ea,11923,7704,8082,352,365,RABV_EA
7ca4eebb-f547-448a-89f4-be8b56d586eb,472,2023-05-09T05:43:18.611556+01:00,unclassified,rabv_ea,11923,10177,10574,381,393,RABV_EA
4129e339-9bef-4e19-a7ae-cebd7f5ffc5a,847,2023-05-09T05:42:04.611556+01:00,unclassified,?,11923,0,0,370,387,?
c0a45e9d-8b37-487e-891f-a244a7e790f3,1295,2023-05-09T04:23:05.611556+01:00,unclassified,?,11923,0,0,390,397,?
dc7e6c54-4a78-4b49-be4a-0a8dc0f6e595,1280,2023-05-09T05:43:08.611556+01:00,unclassified,?,11923,0,0,384,401,?
c39b93ff-003b-48da-a03a-d33c01a10229,889,2023-05-09T05:43:15.611556+01:00,unclassified,?,11923,0,0,372,396,?
5f52f78d-4e3c-466a-9283-cfd6c1a8ee02,445,2023-05-09T05:42:51.611556+01:00,unclassified,rabv_ea,11923,944,1321,347,364,RABV_EA
c0145b3c-049e-499c-8437-be21e15c8e95,455,2023-05-09T05:43:30.611556+01:00,unclassified,rabv_ea,11923,1591,1946,317,327,RABV_EA
322266a3-c5f3-46b4-91ba-c51e390c0201,1333,2023-05-09T04:23:08.611556+01:00,unclassified,?,11923,0,0,387,394,?
77670069-f27b-4bd0-b18a-b319dfb8f684,2025,2023-05-09T04:23:04.611556+01:00,unclassified,?,11923,0,0,385,401,?
8acd73b4-8942-49a4-9645-c253702672a1,468,2023-05-09T04:23:07.611556+01:00,unclassified,rabv_ea,11923,4626,5036,374,397,RABV_EA
a7ff479f-6bc8-4b2b-932c-9c7762298dfc,455,2023-05-09T05:42:02.611556+01:00,unclassified,rabv_ea,11923,5846,6220,359,365,RABV_EA
d0fb8d41-8fd5-461c-81a2-0df8d1c46d59,449,2023-05-09T05:42:05.611556+01:00,unclassified,rabv_ea,11923,6448,6820,338,357,RABV_EA
77d7af15-a92d-4daf-be34-15a0fcdf1fe1,438,2023-05-09T04:23:06.611556+01:00,unclassified,rabv_ea,11923,942,1323,354,368,RABV_EA
954c7ebb-d627-4e19-8213-abf2566b9cdb,532,2023-05-09T05:43:12.611556+01:00,unclassified,rabv_ea,11923,1627,1955,299,307,RABV_EA
0ac80a47-f43c-41a7-847d-b05ba33eddb1,899,2023-05-09T04:22:28.611556+01:00,unclassified,?,11923,0,0,381,390,?
7b5d2625-188e-4eb7-8392-ab83e2031f0f,689,2023-05-09T04:22:26.611556+01:00,unclassified,?,11923,0,0,394,411,?
f6284f0b-9d95-4ae9-9816-0addb7dbe75e,551,2023-05-09T05:42:07.611556+01:00,unclassified,rabv_ea,11923,4656,5051,350,375,RABV_EA
758b007f-c8b7-4a69-b215-4fe74084cda8,514,2023-05-09T05:43:37.611556+01:00,unclassified,rabv_ea,11923,3707,4100,340,383,RABV_EA
b7096f88-1c77-4853-84da-3c8617030ebc,2953,2023-05-09T04:22:51.611556+01:00,unclassified,?,11923,0,0,385,391,?
a90902f7-61d6-4c8d-b1d3-626aa2f927b7,462,2023-05-09T05:43:24.611556+01:00,unclassified,rabv_ea,11923,5847,6160,301,309,RABV_EA
7015ea3b-e79e-4a11-86f6-a45201437ae8,1220,2023-05-09T05:43:31.611556+01:00,unclassified,?,11923,0,0,380,392,?
4f35168b-e305-4d81-b52f-33853ecb8827,222,2023-05-09T04:23:12.611556+01:00,unclassified,rabv_ea,11923,5370,5596,203,211,RABV_EA
3357721d-1b59-42d6-9b4f-c7f1772f6a6d,243,2023-05-09T05:43:26.611556+01:00,unclassified,rabv_ea,11923,6437,6677,221,230,RABV_EA
5c08415d-816d-4a3f-95a2-7c54b948395e,497,2023-05-09T05:43:27.611556+01:00,unclassified,rabv_ea,11923,3062,3466,379,398,RABV_EA
2dcb53a2-6709-4ef0-8395-4df89c30a16f,441,2023-05-09T05:43:14.611556+01:00,unclassified,rabv_ea,11923,332,710,335,358,RABV_EA
5c131d98-7e3b-44a8-9577-c7f5827d85ed,464,2023-05-09T05:43:35.611556+01:00,unclassified,rabv_ea,11923,1571,1958,366,378,RABV_EA
267f6348-b5aa-4992-8f5b-0016d2fcc365,1024,2023-05-09T05:43:12.611556+01:00,unclassified,?,11923,0,0,382,398,?
aab85450-4ec8-4f05-9828-52479608db11,310,2023-05-09T05:43:27.611556+01:00,unclassified,rabv_ea,11923,10321,10576,236,247,RABV_EA
a2291daf-6295-4848-aa3a-f9b88c1aa43b,363,2023-05-09T05:42:11.611556+01:00,unclassified,rabv_ea,11923,4187,4418,217,226,RABV_EA
276481fe-f57b-4f4e-980f-415d5a20a533,286,2023-05-09T05:43:28.611556+01:00,unclassified,rabv_ea,11923,4193,4424,201,216,RABV_EA
da71c9c7-6568-4da3-8601-c825df4b8fcd,453,2023-05-09T04:23:11.611556+01:00,unclassified,rabv_ea,11923,5835,6223,357,374,RABV_EA
871d6f19-e258-44c9-8af9-ab48b681e48a,849,2023-05-09T05:43:25.611556+01:00,unclassified,?,11923,0,0,333,350,?
3d676b2b-7a3a-406e-bcd5-0bff99a1a4d9,462,2023-05-09T05:43:35.611556+01:00,unclassified,rabv_ea,11923,9867,10263,370,387,RABV_EA
8215978e-8f97-41f6-a670-58ef7f190ac6,840,2023-05-09T05:43:07.611556+01:00,unclassified,?,11923,0,0,381,390,?
a024ba13-fa65-4160-9ea8-354e9bd85eb4,1448,2023-05-09T05:41:52.611556+01:00,unclassified,?,11923,0,0,371,385,?
258f3e94-5ddd-447d-bf53-b06eee293eb3,919,2023-05-09T05:42:10.611556+01:00,unclassified,?,11923,0,0,371,392,?
05efb079-8ff5-4642-adb8-bcb147a034f0,265,2023-05-09T05:42:11.611556+01:00,unclassified,*,0,0,0,0,0,*
1a7d5b72-337e-4b97-8057-0640365c1738,834,2023-05-09T05:43:31.611556+01:00,unclassified,?,11923,0,0,290,310,?
3221ec0b-acfb-4180-9f80-2f2efdcacff8,164,2023-05-09T05:42:14.611556+01:00,unclassified,rabv_ea,11923,10164,10253,87,89,RABV_EA
c624715f-0f3c-427f-9bae-39b7f8e6a277,461,2023-05-09T05:42:11.611556+01:00,unclassified,rabv_ea,11923,1565,1958,363,380,RABV_EA
64a69b9d-dfeb-4313-ac30-6ef8174341f2,1277,2023-05-09T05:43:23.611556+01:00,unclassified,?,11923,0,0,369,385,?
624e7fa5-b4b2-4bde-9b45-f242ff3bdfd8,354,2023-05-09T05:42:08.611556+01:00,unclassified,rabv_ea,11923,5018,5292,235,259,RABV_EA
4462cd56-7540-4ab0-9f20-2c4358489f43,689,2023-05-09T04:22:56.611556+01:00,unclassified,rabv_ea,11923,5196,5592,359,381,RABV_EA
8381bbf3-581e-44d5-8073-c79055aacaff,942,2023-05-09T05:43:05.611556+01:00,unclassified,?,11923,0,0,389,401,?
8c1b536f-b8ad-4320-8374-69967eb26cce,854,2023-05-09T05:41:53.611556+01:00,unclassified,?,11923,0,0,363,378,?
c84255f6-faed-4f21-b1cc-1aeafd56634f,446,2023-05-09T05:41:58.611556+01:00,unclassified,rabv_ea,11923,7690,8061,342,363,RABV_EA
3a1ae08f-f347-4186-a943-9e761d081a93,846,2023-05-09T05:43:29.611556+01:00,unclassified,?,11923,0,0,350,371,?
1ad2ed61-ffd1-4000-961f-11e474a4d965,451,2023-05-09T05:42:14.611556+01:00,unclassified,rabv_ea,11923,7690,8064,363,370,RABV_EA
5a16c64b-1ab2-4ad4-8151-ccd5041451b8,467,2023-05-09T05:42:11.611556+01:00,unclassified,rabv_ea,11923,10164,10562,369,389,RABV_EA
c8cbe848-93f8-46c6-93d7-c75a8517014d,862,2023-05-09T05:43:03.611556+01:00,unclassified,?,11923,0,0,341,375,?
c1af261c-f6dd-424a-9b6c-517eb3e5c00d,468,2023-05-09T05:42:24.611556+01:00,unclassified,rabv_ea,11923,11392,11773,334,358,RABV_EA
d2b9fb2d-b83c-4732-b5be-785b7e78fdc9,882,2023-05-09T05:42:15.611556+01:00,unclassified,?,11923,0,0,397,410,?
7734baa7-bda2-4b3e-af79-b8800ea562e2,1291,2023-05-09T05:42:05.611556+01:00,unclassified,rabv_ea,11923,10172,11477,1006,1134,RABV_EA
5ddd7957-c466-4193-96db-588535a7dbdc,350,2023-05-09T04:22:58.611556+01:00,unclassified,rabv_ea,11923,8484,8694,197,206,RABV_EA
50d5ad51-8f94-4bf0-8f03-f96e072c6b69,880,2023-05-09T05:43:50.611556+01:00,unclassified,?,11923,0,0,365,374,?
c27034c1-a243-4f89-a6ec-a8aeeeabde40,1251,2023-05-09T04:22:20.611556+01:00,unclassified,?,11923,0,0,359,374,?
419ccac8-834a-4a7b-b54a-8f77a7bdf7ec,708,2023-05-09T04:22:06.611556+01:00,unclassified,?,11923,0,0,376,393,?
233baa87-6049-4740-82ca-3ca2e44aa7dc,1287,2023-05-09T05:43:15.611556+01:00,unclassified,?,11923,0,0,377,401,?
a1a95dd5-b3bb-4537-a4c7-9eb9dc12390e,440,2023-05-09T05:43:55.611556+01:00,unclassified,rabv_ea,11923,7714,8081,343,353,RABV_EA
3f36b184-d1f8-436c-a190-c92ccd904881,1282,2023-05-09T05:42:22.611556+01:00,unclassified,?,11923,0,0,380,395,?
d8c7872a-bf0e-4ba7-87a2-d44fd8790f48,1253,2023-05-09T05:43:04.611556+01:00,unclassified,?,11923,0,0,376,393,?
b766ef6a-9892-4198-9640-6836c52ad150,860,2023-05-09T05:43:14.611556+01:00,unclassified,?,11923,0,0,371,386,?
2bdbd16d-6283-4531-a1c6-4d00b02d4a38,440,2023-05-09T05:43:04.611556+01:00,unclassified,rabv_ea,11923,7690,8061,357,364,RABV_EA
2d7b55e9-ea60-483a-8cf9-21e7fc898450,1341,2023-05-09T05:42:22.611556+01:00,unclassified,?,11923,0,0,373,390,?
054fec7c-d534-4665-b2a3-f563a51545f7,1314,2023-05-09T05:42:24.611556+01:00,unclassified,?,11923,0,0,388,404,?
3214e476-ea91-430f-ab8e-f316b5ea5d9d,1254,2023-05-09T04:22:19.611556+01:00,unclassified,?,11923,0,0,375,383,?
db2b674d-1bcf-4ca8-b6b5-d7856846a45c,469,2023-05-09T05:43:37.611556+01:00,unclassified,rabv_ea,11923,3383,3787,356,376,RABV_EA
470beb18-3ca1-4c02-860b-bd0c50e41682,1134,2023-05-09T05:42:27.611556+01:00,unclassified,?,11923,0,0,363,389,?
88a61e64-fd3b-40a7-bfe4-f7927e5de8ad,865,2023-05-09T05:43:34.611556+01:00,unclassified,rabv_ea,11923,2748,3791,716,771,RABV_EA
c542437a-d925-4145-a6ea-58d9597cf01d,877,2023-05-09T04:22:19.611556+01:00,unclassified,?,11923,0,0,368,384,?
fc976d35-fb05-4ecd-8f69-7973e2c55c5d,812,2023-05-09T04:22:23.611556+01:00,unclassified,?,11923,0,0,370,383,?
1eda442e-3c2e-48d7-a7dd-1b085011cd37,451,2023-05-09T04:22:20.611556+01:00,unclassified,rabv_ea,11923,5196,5595,356,379,RABV_EA
0090dc60-32e2-4d75-810f-627f4c53d1e7,828,2023-05-09T05:43:04.611556+01:00,unclassified,?,11923,0,0,349,377,?
ea98f36d-8b9c-417c-9fe6-59e078fe6631,852,2023-05-09T05:43:14.611556+01:00,unclassified,?,11923,0,0,350,367,?
ac59f98c-e3f6-481d-9569-0ca9227eb038,474,2023-05-09T05:42:23.611556+01:00,unclassified,rabv_ea,11923,4633,5036,364,387,RABV_EA
cc71061e-d7b1-468c-bcbd-903cfd6a3489,855,2023-05-09T05:42:24.611556+01:00,unclassified,?,11923,0,0,362,380,?
58c3bebc-dab0-4055-9637-a422357bea02,1508,2023-05-09T05:42:23.611556+01:00,unclassified,?,11923,0,0,359,376,?
0a942403-a380-46e8-982d-f2e34b81bf1a,382,2023-05-09T05:43:07.611556+01:00,unclassified,rabv_ea,11923,7760,8081,305,309,RABV_EA
0530c316-2147-4bd9-886a-0d0337aaf45d,420,2023-05-09T05:42:30.611556+01:00,unclassified,rabv_ea,11923,2442,2823,332,351,RABV_EA
a0015473-239d-4185-93af-99985f831642,236,2023-05-09T05:43:44.611556+01:00,unclassified,rabv_ea,11923,9229,9318,85,88,RABV_EA
a76efe71-906c-4c00-9f9c-06a8844681a1,436,2023-05-09T05:42:27.611556+01:00,unclassified,rabv_ea,11923,7706,8081,325,357,RABV_EA
b86652b1-12c0-4dd5-8f1b-025c0993e01f,401,2023-05-09T05:43:18.611556+01:00,unclassified,rabv_ea,11923,6133,6515,354,369,RABV_EA
37911f1a-3d30-48b6-b50a-2095a3692deb,461,2023-05-09T05:43:52.611556+01:00,unclassified,rabv_ea,11923,5196,5589,342,372,RABV_EA
918e15b8-6fb2-4d56-bf25-e90ef2b3621c,486,2023-05-09T05:43:55.611556+01:00,unclassified,rabv_ea,11923,6437,6829,360,376,RABV_EA
b80ee827-3515-4d1f-a4fa-82fe30b83356,464,2023-05-09T05:43:52.611556+01:00,unclassified,rabv_ea,11923,10164,10561,361,389,RABV_EA
0a139967-852f-4261-b4ad-23c35ef8c99d,1272,2023-05-09T05:43:34.611556+01:00,unclassified,?,11923,0,0,368,372,?
c586c9c7-9591-414c-82ad-237f2da4321b,520,2023-05-09T05:43:54.611556+01:00,unclassified,rabv_ea,11923,10164,10585,377,402,RABV_EA
7f7d97cb-49e7-41bc-a08f-4db0d960e936,466,2023-05-09T04:22:05.611556+01:00,unclassified,rabv_ea,11923,11392,11780,359,375,RABV_EA
b16a4c5b-b18b-4b7a-9ad0-a66e5607fba6,465,2023-05-09T04:22:07.611556+01:00,unclassified,rabv_ea,11923,7131,7467,322,329,RABV_EA
cdc3b1a4-ff1f-4180-b166-39945b29f100,454,2023-05-09T04:22:08.611556+01:00,unclassified,rabv_ea,11923,2735,3129,366,383,RABV_EA
2efe0ea4-7b4a-494b-9ef2-a99fffb4af6c,478,2023-05-09T04:22:07.611556+01:00,unclassified,rabv_ea,11923,4626,5038,358,396,RABV_EA
3d4a2859-b6a1-428a-9a0d-773dfde0d4a4,849,2023-05-09T05:42:46.611556+01:00,unclassified,?,11923,0,0,356,371,?
4634045f-617d-4fa6-b1dc-a815e7b573df,440,2023-05-09T05:43:19.611556+01:00,unclassified,rabv_ea,11923,1864,2246,345,359,RABV_EA
414aa298-9a72-4b7f-83bc-4b766537a705,847,2023-05-09T05:43:20.611556+01:00,unclassified,?,11923,0,0,371,397,?
59efe071-07a7-4ba2-b049-9d2f1f413399,463,2023-05-09T05:43:46.611556+01:00,unclassified,rabv_ea,11923,6149,6504,314,338,RABV_EA
5ffe9273-37de-4edb-8ee2-920ddedd630a,233,2023-05-09T05:43:45.611556+01:00,unclassified,rabv_ea,11923,10164,10345,160,162,RABV_EA
8beaab23-aa1d-4a7a-b0b2-0caf1f1b3a4d,280,2023-05-09T04:21:56.611556+01:00,unclassified,rabv_ea,11923,9111,9323,199,207,RABV_EA
8e22d491-3986-4d5d-b61e-a224d5d42669,476,2023-05-09T04:22:07.611556+01:00,unclassified,rabv_ea,11923,9851,10246,364,382,RABV_EA
ee65ca0f-84ec-47e0-9bfe-52a64f9640ef,453,2023-05-09T05:43:20.611556+01:00,unclassified,rabv_ea,11923,9857,10247,351,366,RABV_EA
60403b91-0d47-4353-a520-c00bfb5c3475,1724,2023-05-09T05:43:45.611556+01:00,unclassified,?,11923,0,0,325,338,?
62881dcc-d64a-4178-9981-6777c2fed9f5,881,2023-05-09T05:43:48.611556+01:00,unclassified,?,11923,0,0,345,360,?
d0ff25f8-20b7-4229-a495-36e6f630aa81,455,2023-05-09T05:42:48.611556+01:00,unclassified,rabv_ea,11923,11406,11796,360,378,RABV_EA
fd7d9c3b-f227-40a7-a08a-940602b9e4fd,851,2023-05-09T05:43:20.611556+01:00,unclassified,?,11923,0,0,355,374,?
60ea67c5-962d-4a52-886e-62dc976d3edf,422,2023-05-09T05:43:43.611556+01:00,unclassified,rabv_ea,11923,9580,9940,338,347,RABV_EA
46ab8cb5-a2c2-4321-b781-5b7b75b10009,162,2023-05-09T04:22:08.611556+01:00,unclassified,*,0,0,0,0,0,*
3ab54303-de03-4617-a17e-44a6ca43aff2,434,2023-05-09T05:43:41.611556+01:00,unclassified,rabv_ea,11923,7717,8081,350,354,RABV_EA
af322047-edbd-4109-87f7-67c72311804b,891,2023-05-09T05:43:48.611556+01:00,unclassified,?,11923,0,0,352,369,?
cb2593de-858e-4180-b4da-2222443d9011,1083,2023-05-09T05:43:47.611556+01:00,unclassified,?,11923,0,0,368,390,?
01b2d985-ece1-4d05-821a-5aa544e40cb4,461,2023-05-09T05:43:42.611556+01:00,unclassified,rabv_ea,11923,4919,5299,345,368,RABV_EA
4bff2981-6beb-4b00-9dab-839fc156697e,862,2023-05-09T04:21:42.611556+01:00,unclassified,?,11923,0,0,347,371,?
991ce5c5-ea46-43a8-b4ba-b01b6b3048f2,482,2023-05-09T05:42:43.611556+01:00,unclassified,rabv_ea,11923,7690,8082,361,380,RABV_EA
e23d7044-0acd-4143-9837-9109db3a0849,461,2023-05-09T05:43:50.611556+01:00,unclassified,rabv_ea,11923,9851,10248,376,382,RABV_EA
02f2a7d2-fd6e-48d8-94c6-f7c3ee21370d,451,2023-05-09T05:43:51.611556+01:00,unclassified,rabv_ea,11923,7695,8074,345,361,RABV_EA
a7ba3b0d-454e-43b0-b678-0895cbfae149,448,2023-05-09T05:43:41.611556+01:00,unclassified,rabv_ea,11923,7704,8081,367,372,RABV_EA
75614486-f881-40b3-b5cd-8367fd8b58af,1327,2023-05-09T05:42:43.611556+01:00,unclassified,?,11923,0,0,367,386,?
e36af4e8-931a-48b5-a96f-621f2ea160c9,942,2023-05-09T04:21:43.611556+01:00,unclassified,?,11923,0,0,393,407,?
3da6ba5a-2d78-4000-a976-fb8b0b89eb4e,871,2023-05-09T05:42:39.611556+01:00,unclassified,?,11923,0,0,385,394,?
8afc29ca-1c7e-4f96-a53a-03ee0922900b,469,2023-05-09T05:44:15.611556+01:00,unclassified,rabv_ea,11923,3062,3455,368,385,RABV_EA
c4d668f2-17c8-4456-b79f-c38a70c1869b,1298,2023-05-09T05:43:47.611556+01:00,unclassified,?,11923,0,0,364,376,?
44a9a026-4d60-4d46-8925-693dbe363187,915,2023-05-09T05:43:50.611556+01:00,unclassified,?,11923,0,0,356,383,?
7c3651d2-41a5-4857-a395-68fe3d1a57e0,457,2023-05-09T05:43:51.611556+01:00,unclassified,rabv_ea,11923,3390,3774,355,370,RABV_EA
f6fda448-90f7-4ed3-adca-ea7099c28928,367,2023-05-09T05:43:50.611556+01:00,unclassified,rabv_ea,11923,6143,6443,265,278,RABV_EA
1752b4eb-6913-4396-88c0-ae27fef95971,623,2023-05-09T05:44:15.611556+01:00,unclassified,?,11923,0,0,327,336,?
a47c7993-35be-4377-be3b-2fc9cee7f9d9,471,2023-05-09T04:21:44.611556+01:00,unclassified,rabv_ea,11923,10170,10553,365,373,RABV_EA
399db0cb-d781-493d-8506-2ae594e12e19,475,2023-05-09T04:21:43.611556+01:00,unclassified,rabv_ea,11923,3067,3459,368,385,RABV_EA
f2f5fdaf-f4bf-4fa8-b0b8-3ece286eef16,295,2023-05-09T05:42:42.611556+01:00,unclassified,rabv_ea,11923,4226,4397,165,167,RABV_EA
1e91d625-a009-49b4-bf7a-4545b6427611,462,2023-05-09T05:43:41.611556+01:00,unclassified,rabv_ea,11923,3400,3775,348,361,RABV_EA
0aaf1807-017c-4eeb-959a-4f0d9c74e63a,917,2023-05-09T05:43:49.611556+01:00,unclassified,?,11923,0,0,339,360,?
2692e0d2-5a09-4c99-b1ca-5a2f15e73eed,471,2023-05-09T05:44:10.611556+01:00,unclassified,rabv_ea,11923,1624,1958,307,315,RABV_EA
1c4cc078-8bdc-4f7d-9250-b13e292f406b,902,2023-05-09T05:43:44.611556+01:00,unclassified,?,11923,0,0,358,381,?
a8de4a0d-cc4a-4eb0-bb5e-4d9b6f03089f,1276,2023-05-09T05:43:51.611556+01:00,unclassified,?,11923,0,0,736,785,?
ad7439f0-703b-414d-9db6-cf9872f8b423,532,2023-05-09T05:42:38.611556+01:00,unclassified,rabv_ea,11923,8927,9325,371,387,RABV_EA
b9006168-e883-4a39-9ca5-823b9c0e2d4f,476,2023-05-09T05:44:10.611556+01:00,unclassified,rabv_ea,11923,6438,6831,353,383,RABV_EA
6d39138f-ce59-4d4b-8d92-8332dfa916fc,455,2023-05-09T05:43:46.611556+01:00,unclassified,rabv_ea,11923,11117,11460,307,321,RABV_EA
156b7cb2-00aa-4c9e-b52a-1fbabf735a4f,829,2023-05-09T05:43:44.611556+01:00,unclassified,?,11923,0,0,374,397,?
f97a97ea-c13f-462a-af14-0e8d92a48cb2,462,2023-05-09T05:43:44.611556+01:00,unclassified,rabv_ea,11923,9851,10247,372,381,RABV_EA
cc546c88-4a2a-4abb-8d29-c74f588a106b,368,2023-05-09T04:21:44.611556+01:00,unclassified,rabv_ea,11923,4187,4424,214,226,RABV_EA
2fec17b5-331f-4255-8e16-0c3211cc1054,792,2023-05-09T04:23:40.611556+01:00,unclassified,rabv_ea,11923,5195,5608,352,381,RABV_EA
98c23e2e-b1f7-49bd-a029-53d519bcedd4,931,2023-05-09T05:43:52.611556+01:00,unclassified,?,11923,0,0,378,385,?
d9977c2d-83bf-45f9-8441-16244a2cd219,471,2023-05-09T05:42:57.611556+01:00,unclassified,rabv_ea,11923,11407,11769,332,350,RABV_EA
19b2db86-d757-4d5f-aa25-26fc03cda62c,436,2023-05-09T05:44:11.611556+01:00,unclassified,rabv_ea,11923,7705,8081,361,369,RABV_EA
7a33dc11-88ee-4118-8d69-2ce3ca5154b0,373,2023-05-09T05:43:46.611556+01:00,unclassified,rabv_ea,11923,9134,9310,158,171,RABV_EA
bb2eff92-69a4-4aa9-914c-2ce6604d6c63,874,2023-05-09T04:23:40.611556+01:00,unclassified,?,11923,0,0,367,374,?
6b9464a1-9ee8-479b-9c42-8fbf9d550b7b,882,2023-05-09T04:21:24.611556+01:00,unclassified,?,11923,0,0,330,350,?
2fdaea23-0ba4-445f-98c9-9a5473b7b243,867,2023-05-09T05:43:43.611556+01:00,unclassified,?,11923,0,0,351,376,?
491f7611-16ef-4d04-89f2-ab03c3e000ea,443,2023-05-09T04:23:39.611556+01:00,unclassified,rabv_ea,11923,1864,2247,321,358,RABV_EA
527c144e-50c2-477d-ada2-6a98cac2288d,2139,2023-05-09T05:44:23.611556+01:00,unclassified,?,11923,0,0,382,396,?
adfaf825-9dde-4419-b04f-b92e1180215b,277,2023-05-09T05:44:04.611556+01:00,unclassified,*,0,0,0,0,0,*
ef8dbb4a-1463-494c-93df-7e1d4a3d3c02,930,2023-05-09T05:44:23.611556+01:00,unclassified,?,11923,0,0,402,409,?
0f0c2edb-4a8f-4356-9df9-db0eb6fa6e62,889,2023-05-09T05:44:02.611556+01:00,unclassified,?,11923,0,0,374,387,?
a20437fd-6f1f-499d-9816-cb23841c7e8a,395,2023-05-09T05:44:28.611556+01:00,unclassified,rabv_ea,11923,4198,4422,208,219,RABV_EA
6b51bd78-15d0-4ed0-b92d-d9bb9bd16fc5,452,2023-05-09T05:44:01.611556+01:00,unclassified,rabv_ea,11923,10165,10526,286,306,RABV_EA
c8e21961-bd7a-420a-84a2-3a18264b5e2b,450,2023-05-09T05:44:28.611556+01:00,unclassified,*,0,0,0,0,0,*
adbeaab7-6439-428d-8f1e-9d794690c70f,871,2023-05-09T05:44:27.611556+01:00,unclassified,?,11923,0,0,351,363,?
7351c508-db88-42ce-a4b3-5c97a8b4aad5,491,2023-05-09T05:42:56.611556+01:00,unclassified,rabv_ea,11923,4626,5037,384,395,RABV_EA
1a104b6a-bb38-42c9-9929-baed401324e3,462,2023-05-09T05:44:02.611556+01:00,unclassified,rabv_ea,11923,6437,6813,355,364,RABV_EA
bb277ebd-2e71-4e42-9049-41df9bfab3dd,1261,2023-05-09T04:23:37.611556+01:00,unclassified,?,11923,0,0,375,390,?
20aaa0c0-2fdf-4cc4-a3ad-f9074a550443,1712,2023-05-09T05:44:23.611556+01:00,unclassified,?,11923,0,0,400,409,?
4a0eb40c-e423-481f-989e-e0ff97e74dde,874,2023-05-09T05:44:24.611556+01:00,unclassified,?,11923,0,0,366,386,?
d1bcbe43-cbf7-4208-a18e-7d0b8c9d8198,439,2023-05-09T05:44:28.611556+01:00,unclassified,rabv_ea,11923,7705,8082,341,359,RABV_EA
5676a948-32b2-4a7d-be5a-d2c2a381f333,457,2023-05-09T05:44:03.611556+01:00,unclassified,rabv_ea,11923,11111,11488,357,370,RABV_EA
acc7f44d-5b4c-4858-87b9-3e8778aa001a,454,2023-05-09T05:44:22.611556+01:00,unclassified,rabv_ea,11923,6432,6808,322,345,RABV_EA
d3a844c4-db96-4288-9ce6-fdeeb3789abc,872,2023-05-09T05:44:25.611556+01:00,unclassified,?,11923,0,0,369,397,?
06683e38-abf1-4e4a-9d7c-c2a62867bc9f,234,2023-05-09T04:23:42.611556+01:00,unclassified,rabv_ea,11923,615,729,105,110,RABV_EA
62c3757b-1f6e-49e0-a047-e427990c8eb9,524,2023-05-09T04:23:07.611556+01:00,unclassified,rabv_ea,11923,4187,4422,204,222,RABV_EA
f865cad1-7df3-423b-b426-19f71619ff2c,440,2023-05-09T04:23:23.611556+01:00,unclassified,rabv_ea,11923,5199,5585,334,357,RABV_EA
abe0f4e7-5e98-41b5-9ee7-3c04a9e96f4a,892,2023-05-09T05:44:18.611556+01:00,unclassified,rabv_ea,11923,3065,4086,717,771,RABV_EA
e0f1ab1d-19d3-43b9-96fc-ee7ed0da5ebf,281,2023-05-09T05:44:23.611556+01:00,unclassified,*,0,0,0,0,0,*
185aecc9-8763-4ef5-9354-f16f4e675504,313,2023-05-09T05:44:03.611556+01:00,unclassified,rabv_ea,11923,9109,9310,178,198,RABV_EA
c6693888-8931-43f2-b0bd-0a45f6d9f40d,1820,2023-05-09T05:44:20.611556+01:00,unclassified,?,11923,0,0,372,381,?
e440fe74-fa06-4115-bac5-2912dc9b411d,868,2023-05-09T04:23:38.611556+01:00,unclassified,?,11923,0,0,375,393,?
b9e729cc-6bca-4b48-86af-84270afeb04b,1409,2023-05-09T05:44:38.611556+01:00,unclassified,?,11923,0,0,390,400,?
f0e1e1b5-88ac-4035-85ea-0af0c2175181,1296,2023-05-09T05:44:13.611556+01:00,unclassified,?,11923,0,0,350,362,?
399ddeec-2949-44c7-bc54-009e7977ad62,482,2023-05-09T05:44:19.611556+01:00,unclassified,rabv_ea,11923,2448,2829,355,368,RABV_EA
564abcab-2324-468e-bf22-670712cab486,1306,2023-05-09T05:44:02.611556+01:00,unclassified,?,11923,0,0,380,399,?
7148bef6-e9cd-41b7-a802-a0b5317a8596,861,2023-05-09T05:43:55.611556+01:00,unclassified,?,11923,0,0,374,387,?
790e31d9-eab6-4fdf-b3c0-1a1529b2bac9,456,2023-05-09T05:43:07.611556+01:00,unclassified,rabv_ea,11923,10176,10576,366,383,RABV_EA
43410160-1f4e-41de-80cd-cbeb7c138ef0,468,2023-05-09T05:44:21.611556+01:00,unclassified,rabv_ea,11923,6424,6817,380,388,RABV_EA
73f687e7-fd6b-4d3f-9b31-25fccacaa516,872,2023-05-09T05:44:33.611556+01:00,unclassified,?,11923,0,0,358,378,?
ff6345d9-f665-4c89-a230-373a657c1e5b,165,2023-05-09T05:44:37.611556+01:00,unclassified,*,0,0,0,0,0,*
b16c5bc5-a916-4be1-bf38-e25debd89704,1711,2023-05-09T05:43:03.611556+01:00,unclassified,?,11923,0,0,382,404,?
01d2a64b-9504-46d4-b1b4-4c3a34025143,460,2023-05-09T05:44:29.611556+01:00,unclassified,rabv_ea,11923,5200,5579,353,365,RABV_EA
ed8fb6f7-0133-4ff5-8392-d1fc6137e561,471,2023-05-09T05:44:31.611556+01:00,unclassified,rabv_ea,11923,1866,2262,353,374,RABV_EA
bc11b62b-3a57-4ef1-97fa-e313f7e1c8a8,1274,2023-05-09T05:44:31.611556+01:00,unclassified,?,11923,0,0,387,405,?
792b1222-2284-47ae-875d-165fd33881c9,469,2023-05-09T05:43:04.611556+01:00,unclassified,rabv_ea,11923,6424,6819,363,386,RABV_EA
71a63727-f555-4f6f-9dad-64a27f26e3bb,786,2023-05-09T05:44:32.611556+01:00,unclassified,?,11923,0,0,353,362,?
dd209f1c-30d5-4cb6-8819-9e81b7886909,1026,2023-05-09T05:44:29.611556+01:00,unclassified,?,11923,0,0,375,384,?
95db7b9a-cdb9-41b8-a669-ce491d735282,448,2023-05-09T05:44:12.611556+01:00,unclassified,rabv_ea,11923,8940,9318,352,367,RABV_EA
7125523f-4844-4822-aa3c-d802e1e17702,491,2023-05-09T05:44:14.611556+01:00,unclassified,rabv_ea,11923,8927,9325,352,371,RABV_EA
7c7ff358-9978-4b38-8c7d-d7b8ddea30de,1185,2023-05-09T05:44:31.611556+01:00,unclassified,?,11923,0,0,339,354,?
b898a6b5-f822-49e4-b635-ba07f8dd700f,814,2023-05-09T05:44:28.611556+01:00,unclassified,?,11923,0,0,367,381,?
2ff4e245-47d5-49cb-b5df-c0033ee84a43,446,2023-05-09T05:44:40.611556+01:00,unclassified,rabv_ea,11923,7690,8063,346,360,RABV_EA
23b49355-6d9d-44a2-9bfe-09f585c93703,448,2023-05-09T05:44:21.611556+01:00,unclassified,rabv_ea,11923,2738,3117,342,353,RABV_EA
dca99c9b-eafc-4490-93d3-80216acb5801,448,2023-05-09T05:43:57.611556+01:00,unclassified,rabv_ea,11923,10170,10562,344,365,RABV_EA
9a89bdc2-a30f-4ebb-9d57-e8707bc20d11,855,2023-05-09T05:43:56.611556+01:00,unclassified,rabv_ea,11923,9877,10262,348,365,RABV_EA
72fa5e5e-ecf3-4b87-b62e-1ac56003d495,811,2023-05-09T05:43:09.611556+01:00,unclassified,?,11923,0,0,325,345,?
f4b6ec9b-5f7a-4e83-8547-51d3e2e26bdb,422,2023-05-09T05:44:23.611556+01:00,unclassified,rabv_ea,11923,7986,8315,286,318,RABV_EA
04580b6f-f087-48ae-9b7f-720a7cd04920,466,2023-05-09T05:44:12.611556+01:00,unclassified,rabv_ea,11923,7081,7467,349,376,RABV_EA
26857973-5187-4a15-9a8c-22c40c5aabf1,488,2023-05-09T05:44:55.611556+01:00,unclassified,rabv_ea,11923,319,707,333,356,RABV_EA
b53773ff-350c-4950-a0a5-1d9db77fc56a,475,2023-05-09T05:43:27.611556+01:00,unclassified,rabv_ea,11923,2735,3133,361,388,RABV_EA
a07b4946-591d-44a8-a967-56a61f9d0f37,477,2023-05-09T05:44:29.611556+01:00,unclassified,rabv_ea,11923,5835,6223,366,381,RABV_EA
bb3fd9b9-64f0-4505-82a3-0db3a83fab9b,418,2023-05-09T05:44:14.611556+01:00,unclassified,rabv_ea,11923,7705,8070,314,345,RABV_EA
24c0aa51-28c6-47e4-b59c-ee5f8caaaf09,183,2023-05-09T05:44:15.611556+01:00,unclassified,rabv_ea,11923,359,443,79,81,RABV_EA
77a21fba-a945-4c0e-809e-e36938dfdd85,453,2023-05-09T05:44:20.611556+01:00,unclassified,rabv_ea,11923,5213,5608,367,384,RABV_EA
e9ca0635-cc84-4f5e-9422-cee194e61790,172,2023-05-09T05:44:16.611556+01:00,unclassified,*,0,0,0,0,0,*
dd4d676e-eb56-412e-aeb6-965e6efa5352,884,2023-05-09T05:43:03.611556+01:00,unclassified,?,11923,0,0,381,396,?
f47ace78-9487-4fa4-bfee-28c70d2ecd86,1314,2023-05-09T04:21:17.611556+01:00,unclassified,?,11923,0,0,377,389,?
43cae60c-c653-4b4c-8db2-9e1b5acaac9d,446,2023-05-09T05:44:17.611556+01:00,unclassified,rabv_ea,11923,9882,10240,318,329,RABV_EA
a54b563a-f4b5-4f1b-926c-fc621938c2e6,444,2023-05-09T05:44:19.611556+01:00,unclassified,rabv_ea,11923,7703,8081,343,359,RABV_EA
8b3d0d24-df73-4a95-88cf-9392fec1cbff,468,2023-05-09T05:44:16.611556+01:00,unclassified,rabv_ea,11923,1572,1956,352,367,RABV_EA
336f5906-17a1-41b5-84d3-f889352c3d81,627,2023-05-09T05:44:56.611556+01:00,unclassified,?,11923,0,0,211,227,?
c1456ea4-0093-4be3-987e-b7d35ba242b5,2537,2023-05-09T05:44:48.611556+01:00,unclassified,?,11923,0,0,354,381,?
d7dd28c6-0665-4721-8ccb-02384dc77d95,871,2023-05-09T05:44:28.611556+01:00,unclassified,?,11923,0,0,386,396,?
f6fe8c19-709a-4438-bfcd-d642edc53828,452,2023-05-09T05:44:56.611556+01:00,unclassified,rabv_ea,11923,4894,5283,370,381,RABV_EA
cf50a636-6c02-43d6-94d5-6a980d45ae37,470,2023-05-09T05:44:30.611556+01:00,unclassified,rabv_ea,11923,10164,10562,368,386,RABV_EA
0e82ee01-4a31-46b7-8fce-42743b249d49,4188,2023-05-09T05:44:44.611556+01:00,unclassified,?,11923,0,0,650,673,?
fecaaa34-1256-4853-b9c6-7d9bf48a6c88,853,2023-05-09T05:44:53.611556+01:00,unclassified,?,11923,0,0,379,390,?
b75e42ef-28c9-46b3-96ff-6f4081b16b61,255,2023-05-09T05:44:30.611556+01:00,unclassified,*,0,0,0,0,0,*
3f9990cc-2ea4-4947-b84f-9e23e23b5348,462,2023-05-09T05:44:21.611556+01:00,unclassified,rabv_ea,11923,1567,1958,347,370,RABV_EA
1b2b6596-c1b5-4169-be32-5ec78dc2fbaa,468,2023-05-09T05:44:14.611556+01:00,unclassified,rabv_ea,11923,10164,10554,363,381,RABV_EA
b2b08697-f8d5-4fbe-918f-fe552a27beae,862,2023-05-09T05:44:08.611556+01:00,unclassified,?,11923,0,0,358,387,?
f5953f68-77cd-4ce4-aac4-ae429d48c78b,872,2023-05-09T05:44:08.611556+01:00,unclassified,?,11923,0,0,384,400,?
3d5c52b9-ba74-443f-a4c1-6f1a6949e4c9,836,2023-05-09T04:21:46.611556+01:00,unclassified,?,11923,0,0,369,381,?
64189f1e-c8f3-479c-a84a-1361b795196c,465,2023-05-09T04:21:22.611556+01:00,unclassified,rabv_ea,11923,10178,10575,357,382,RABV_EA
470377f2-ba3a-4b6e-84b9-5b5a552dc8fa,1601,2023-05-09T05:44:16.611556+01:00,unclassified,?,11923,0,0,389,394,?
ffd65f5c-6926-4737-aa91-af811274a447,473,2023-05-09T05:44:18.611556+01:00,unclassified,rabv_ea,11923,6424,6814,361,383,RABV_EA
7cfde8fc-35b2-4d5c-8fcb-ca7ef84e0ce4,494,2023-05-09T05:44:16.611556+01:00,unclassified,rabv_ea,11923,10164,10569,388,400,RABV_EA
9b38fdc9-ac41-47a6-80ca-7c6f1f3f4e98,850,2023-05-09T05:44:17.611556+01:00,unclassified,?,11923,0,0,397,404,?
fe3772ad-5f65-439e-9381-a95c4c4bc476,833,2023-05-09T05:44:11.611556+01:00,unclassified,?,11923,0,0,382,396,?
cd03b3f0-32b6-4304-a5ad-760420b8297f,837,2023-05-09T04:21:18.611556+01:00,unclassified,?,11923,0,0,350,360,?
f168ff16-4848-49f9-b3af-b49d653955f6,501,2023-05-09T05:45:07.611556+01:00,unclassified,rabv_ea,11923,10172,10576,368,382,RABV_EA
6651e524-05f9-49f0-872a-cc748853f1f8,447,2023-05-09T05:44:42.611556+01:00,unclassified,rabv_ea,11923,1551,1943,368,380,RABV_EA
bae06007-78b0-490d-b5a3-f71734edd384,447,2023-05-09T04:21:21.611556+01:00,unclassified,rabv_ea,11923,7078,7474,336,353,RABV_EA
194729de-c25d-431a-a60c-0945325f58c3,872,2023-05-09T04:21:19.611556+01:00,unclassified,?,11923,0,0,378,398,?
2a17b967-b0fd-41a8-ab17-c7ecef709d48,509,2023-05-09T05:44:56.611556+01:00,unclassified,rabv_ea,11923,7690,8077,356,373,RABV_EA
0d55f177-43b6-4480-b63f-2f4d56996e99,831,2023-05-09T04:22:28.611556+01:00,unclassified,?,11923,0,0,361,374,?
7d4f2374-545a-4bde-8e93-b9faf971b6d8,343,2023-05-09T04:22:29.611556+01:00,unclassified,?,11923,0,0,135,143,?
3b04abb7-c180-4d79-a114-849f04e42845,909,2023-05-09T05:44:45.611556+01:00,unclassified,?,11923,0,0,374,392,?
22322efd-590e-4ba4-baba-706c3b1d5615,460,2023-05-09T04:22:26.611556+01:00,unclassified,rabv_ea,11923,1567,1958,354,370,RABV_EA
755b985e-1139-4784-b971-b78960002157,811,2023-05-09T05:44:44.611556+01:00,unclassified,?,11923,0,0,361,376,?
108ef136-e1ba-49cc-a033-5f0f55e5d82a,1318,2023-05-09T04:21:15.611556+01:00,unclassified,?,11923,0,0,378,385,?
43076fcf-3484-48f3-8b97-5760c2189e3c,468,2023-05-09T04:22:29.611556+01:00,unclassified,rabv_ea,11923,6438,6833,374,390,RABV_EA
91299fef-a602-42ad-b371-ace446c78249,644,2023-05-09T04:21:18.611556+01:00,unclassified,?,11923,0,0,359,377,?
60409933-27d4-4df4-b8f4-29bd22716ae9,465,2023-05-09T05:45:03.611556+01:00,unclassified,rabv_ea,11923,2733,3133,371,389,RABV_EA
ce85c32b-db05-4127-846b-d808d088450e,512,2023-05-09T05:45:06.611556+01:00,unclassified,rabv_ea,11923,10170,10573,355,375,RABV_EA
5a76dbe9-40c4-46bb-a581-7b34c4c2d0f6,448,2023-05-09T05:45:06.611556+01:00,unclassified,rabv_ea,11923,7706,8071,348,358,RABV_EA
461abc10-4a0e-4801-88db-bb9892a98c41,1275,2023-05-09T05:43:34.611556+01:00,unclassified,?,11923,0,0,359,379,?
2c7ed1be-0278-4dbe-9bec-d6e0d427da4c,398,2023-05-09T05:44:50.611556+01:00,unclassified,*,0,0,0,0,0,*
695db186-ef5e-43b4-a4df-409363e765dc,908,2023-05-09T05:44:49.611556+01:00,unclassified,?,11923,0,0,387,411,?
7acf2f1a-a817-47b1-803c-0ea4b2e1bbc4,922,2023-05-09T05:45:03.611556+01:00,unclassified,?,11923,0,0,381,402,?
a324752f-fffc-40cd-b4b9-bca869657925,512,2023-05-09T05:43:37.611556+01:00,unclassified,rabv_ea,11923,7690,8080,371,378,RABV_EA
4569888d-30f7-4a8f-bd11-272e2ef76249,208,2023-05-09T05:45:08.611556+01:00,unclassified,*,0,0,0,0,0,*
aa5e8eeb-c8d2-4238-b7d8-a68b25e05537,1377,2023-05-09T05:45:00.611556+01:00,unclassified,?,11923,0,0,389,398,?
82fdf2ed-a13d-4ddc-9324-12be031d49ec,459,2023-05-09T05:43:37.611556+01:00,unclassified,rabv_ea,11923,11097,11477,353,367,RABV_EA
d575a8f0-e74d-4db6-9c9f-eb951f2ed61b,372,2023-05-09T05:43:39.611556+01:00,unclassified,rabv_ea,11923,70,441,341,361,RABV_EA
162b4e8f-295c-420f-8722-2f3e5fb84c35,204,2023-05-09T05:43:37.611556+01:00,unclassified,*,0,0,0,0,0,*
241e7751-b01e-40cb-9838-daf58e20594d,1656,2023-05-09T05:45:16.611556+01:00,unclassified,?,11923,0,0,352,385,?
317ffee5-3af4-47e7-90fe-2f747ee66adc,857,2023-05-09T05:45:01.611556+01:00,unclassified,?,11923,0,0,366,379,?
f998e6b3-7d3f-41d1-948b-636baebadc7d,385,2023-05-09T05:45:19.611556+01:00,unclassified,rabv_ea,11923,6438,6801,347,357,RABV_EA
49316595-de8f-47e0-a3de-c4fc26acf8f6,2735,2023-05-09T05:45:09.611556+01:00,unclassified,?,11923,0,0,349,365,?
1af080c3-585f-4cfd-ae7c-ac43e3a97748,498,2023-05-09T05:43:38.611556+01:00,unclassified,rabv_ea,11923,10164,10560,354,384,RABV_EA
832ac71f-435c-4b68-ac63-44080d2c23ba,435,2023-05-09T05:45:19.611556+01:00,unclassified,rabv_ea,11923,1568,1958,360,368,RABV_EA
f0c9fc81-de38-4ead-856a-4690a1eac9e7,521,2023-05-09T05:45:04.611556+01:00,unclassified,rabv_ea,11923,7410,7776,338,354,RABV_EA
ee2d1c66-4a06-4a33-98bf-6826b390d5ac,1287,2023-05-09T05:43:34.611556+01:00,unclassified,?,11923,0,0,391,400,?
e75c140b-2b00-47ac-b095-9b6a476b6d2f,1240,2023-05-09T04:22:04.611556+01:00,unclassified,?,11923,0,0,349,371,?
4e4cf195-7ae5-4d47-b2c5-e6a9c2934fd4,460,2023-05-09T04:22:07.611556+01:00,unclassified,rabv_ea,11923,5823,6207,342,370,RABV_EA
0c9f3fa7-9139-40bd-9ca1-163b4196e0a7,2081,2023-05-09T05:44:49.611556+01:00,unclassified,?,11923,0,0,290,302,?
a57dc3e0-7533-4b8c-a3b4-1fe142b8baf4,589,2023-05-09T04:22:07.611556+01:00,unclassified,rabv_ea,11923,9856,10259,359,377,RABV_EA
c75a1f37-b0f6-4430-abab-d1718f90f76e,872,2023-05-09T04:22:03.611556+01:00,unclassified,?,11923,0,0,356,372,?
444edad2-46c9-4b04-8e80-74e8c76a6ada,457,2023-05-09T04:22:06.611556+01:00,unclassified,rabv_ea,11923,70,459,355,374,RABV_EA
e3129ede-e139-433f-9af6-62d30b2f6aee,458,2023-05-09T04:20:55.611556+01:00,unclassified,rabv_ea,11923,4934,5281,315,331,RABV_EA
aefe246c-c49c-4fc5-b09c-5ccae245db29,444,2023-05-09T04:21:17.611556+01:00,unclassified,rabv_ea,11923,3062,3457,340,368,RABV_EA
c9f0edc3-f9c9-4408-b5e8-e29a9e8b20b6,1597,2023-05-09T04:21:11.611556+01:00,unclassified,?,11923,0,0,386,395,?
5ffe3066-534d-44f0-bf60-156eb1aebea3,937,2023-05-09T04:20:56.611556+01:00,unclassified,?,11923,0,0,355,374,?
87b9d194-0a8a-4637-84f9-69b8b023da06,490,2023-05-09T05:45:24.611556+01:00,unclassified,rabv_ea,11923,10166,10576,359,398,RABV_EA
2b0165ea-5b1a-4e37-822c-7ceab49674e1,875,2023-05-09T04:22:04.611556+01:00,unclassified,rabv_ea,11923,5197,5899,648,681,RABV_EA
c1f24c6d-5afe-4a55-9511-f41a08b16087,462,2023-05-09T05:45:19.611556+01:00,unclassified,rabv_ea,11923,1566,1958,349,370,RABV_EA
b3a8706b-8c12-4d58-aa40-477194d1f8f3,502,2023-05-09T05:44:56.611556+01:00,unclassified,rabv_ea,11923,8930,9321,346,364,RABV_EA
e78a1d5f-04dc-4557-a875-32b015334343,841,2023-05-09T05:44:54.611556+01:00,unclassified,?,11923,0,0,371,390,?
9219fa90-1b47-497e-be89-f5721f4166df,454,2023-05-09T05:45:13.611556+01:00,unclassified,rabv_ea,11923,1567,1958,361,379,RABV_EA
c20024d2-af58-4e34-b629-6e1eff5704ec,432,2023-05-09T04:22:02.611556+01:00,unclassified,rabv_ea,11923,7709,8071,326,347,RABV_EA
51491185-2f6c-4d1f-88a0-4e80ed4f21b5,460,2023-05-09T05:43:36.611556+01:00,unclassified,rabv_ea,11923,2735,3079,305,327,RABV_EA
b0886ddc-3ced-4c29-9c9e-3fb2c2d5f120,471,2023-05-09T05:45:10.611556+01:00,unclassified,rabv_ea,11923,5196,5584,357,379,RABV_EA
fe7b26c2-8195-4368-a933-24273c9489fc,794,2023-05-09T05:45:23.611556+01:00,unclassified,?,11923,0,0,374,392,?
5b5ffe1b-f57e-48a8-8d50-0488c433b020,514,2023-05-09T05:45:26.611556+01:00,unclassified,rabv_ea,11923,7699,8081,366,375,RABV_EA
fc6dea57-c74e-42ef-9c12-0916c2f7ac6b,847,2023-05-09T05:45:25.611556+01:00,unclassified,?,11923,0,0,344,369,?
d96a5639-db77-4070-a159-c3fca3c4adb3,456,2023-05-09T04:21:57.611556+01:00,unclassified,rabv_ea,11923,9854,10243,376,381,RABV_EA
d97805ac-298a-40ad-a08c-ac3e435e23c8,287,2023-05-09T04:21:19.611556+01:00,unclassified,*,0,0,0,0,0,*
f0135a12-4510-4954-8799-eb4d36e22ed0,387,2023-05-09T05:45:15.611556+01:00,unclassified,rabv_ea,11923,2733,3048,292,312,RABV_EA
2838b2ea-b898-44bf-aa01-02e424931af9,1498,2023-05-09T04:22:00.611556+01:00,unclassified,?,11923,0,0,359,397,?
fbb8643a-11e1-43a1-b83f-510f72b0da10,445,2023-05-09T04:21:59.611556+01:00,unclassified,rabv_ea,11923,8940,9325,356,367,RABV_EA
0bc2b069-8644-4a79-8758-be7ba816080b,892,2023-05-09T04:20:52.611556+01:00,unclassified,?,11923,0,0,391,405,?
d780f48d-047f-4f24-a711-ce7aba291c66,819,2023-05-09T04:20:51.611556+01:00,unclassified,?,11923,0,0,336,374,?
7199189e-c51e-45d7-8e6e-46c288a05dc2,815,2023-05-09T04:20:51.611556+01:00,unclassified,?,11923,0,0,364,385,?
2526f4a0-1581-4b4f-b27f-07012b7bdcad,1226,2023-05-09T04:20:58.611556+01:00,unclassified,?,11923,0,0,373,389,?
436a105c-3598-400d-be7a-dca9483e137a,511,2023-05-09T04:20:53.611556+01:00,unclassified,rabv_ea,11923,11109,11486,342,363,RABV_EA
d57a8cc2-d800-4b04-8715-ffc505fe858d,1643,2023-05-09T05:45:08.611556+01:00,unclassified,?,11923,0,0,369,386,?
057dc947-b707-4019-81f1-74cb23d60ae8,457,2023-05-09T05:45:29.611556+01:00,unclassified,rabv_ea,11923,7730,8079,332,339,RABV_EA
4a30061c-9964-4207-a4f4-75f8c85c3f1a,724,2023-05-09T04:21:57.611556+01:00,unclassified,rabv_ea,11923,7705,8081,346,365,RABV_EA
a60ff16b-6881-4dd4-a8ab-03bc6442df00,496,2023-05-09T04:21:54.611556+01:00,unclassified,rabv_ea,11923,7691,8081,347,354,RABV_EA
c94f48c9-3f6b-4a21-9086-68ed434856a3,568,2023-05-09T05:45:27.611556+01:00,unclassified,rabv_ea,11923,1657,1958,281,290,RABV_EA
5d081657-4b1d-43ce-a0c4-801b68a602fb,469,2023-05-09T05:45:28.611556+01:00,unclassified,rabv_ea,11923,4645,5052,377,395,RABV_EA
a9a22fc2-cc53-45a5-ba4c-d95b9c9feb72,1393,2023-05-09T04:20:12.611556+01:00,unclassified,?,11923,0,0,392,399,?
fc81b021-e7a2-4a7f-b438-fd3c9bac724e,471,2023-05-09T04:21:45.611556+01:00,unclassified,rabv_ea,11923,4631,5037,366,384,RABV_EA
e83236f1-84d6-4bdd-970f-ee00826d6965,1279,2023-05-09T05:45:22.611556+01:00,unclassified,?,11923,0,0,366,380,?
20d56aa9-77f1-4f6c-b0f2-752e2856c922,846,2023-05-09T05:45:17.611556+01:00,unclassified,?,11923,0,0,376,387,?
61352429-6f5b-4b86-8b03-0624de8615f2,473,2023-05-09T05:45:13.611556+01:00,unclassified,rabv_ea,11923,2733,3125,363,375,RABV_EA
179ced40-737d-4046-9aac-c48b2c2ad2a2,468,2023-05-09T05:45:49.611556+01:00,unclassified,rabv_ea,11923,10164,10562,335,376,RABV_EA
e31cd716-fab1-45cc-95a9-efae94168cc4,485,2023-05-09T05:45:50.611556+01:00,unclassified,rabv_ea,11923,9851,10246,353,378,RABV_EA
2bd39a50-cd27-42ec-a77f-b68e881d41c9,453,2023-05-09T04:20:19.611556+01:00,unclassified,rabv_ea,11923,1567,1958,362,373,RABV_EA
d71867b3-007f-469f-bbc9-5e6309a52cd8,442,2023-05-09T04:20:20.611556+01:00,unclassified,rabv_ea,11923,7692,8064,338,350,RABV_EA
8670d5ca-32d5-468f-a509-e82facf8cbf6,877,2023-05-09T04:20:17.611556+01:00,unclassified,rabv_ea,11923,4630,5592,714,757,RABV_EA
6429dad7-1625-4178-ac0d-6193a5cd540f,1054,2023-05-09T04:20:14.611556+01:00,unclassified,?,11923,0,0,362,379,?
73e9a256-ac97-48da-8116-a716ee672ddb,459,2023-05-09T05:45:33.611556+01:00,unclassified,rabv_ea,11923,8945,9325,356,368,RABV_EA
fc493029-6f3b-42ae-b541-ffb409c1fc98,478,2023-05-09T04:20:22.611556+01:00,unclassified,rabv_ea,11923,5199,5593,379,387,RABV_EA
cc88d034-9f8f-4c72-b0e5-5982baaad00b,300,2023-05-09T04:20:20.611556+01:00,unclassified,rabv_ea,11923,9872,10103,213,226,RABV_EA
bca1a285-eeac-431f-9cb1-1b798c369e1a,884,2023-05-09T05:44:05.611556+01:00,unclassified,?,11923,0,0,365,379,?
ffd38f1c-9c76-490c-938d-f4e2d5486c33,922,2023-05-09T04:20:15.611556+01:00,unclassified,?,11923,0,0,400,404,?
6c680178-42cd-4200-8efe-fd0581138273,1706,2023-05-09T05:45:31.611556+01:00,unclassified,?,11923,0,0,392,405,?
7e1c3062-2476-4356-9911-0d6a57b211e8,875,2023-05-09T05:44:04.611556+01:00,unclassified,?,11923,0,0,370,388,?
6cd7ece9-806c-4c7b-94f6-6e3dc174a8cd,1233,2023-05-09T05:45:36.611556+01:00,unclassified,?,11923,0,0,351,367,?
a190505a-a319-4bd0-aab1-ed16ee0a4460,711,2023-05-09T04:20:24.611556+01:00,unclassified,?,11923,0,0,354,365,?
8e92e09a-927c-497d-b7fd-6df641b956e1,469,2023-05-09T05:45:36.611556+01:00,unclassified,rabv_ea,11923,4910,5281,347,365,RABV_EA
e76a4fad-52e1-4548-940b-5b4b8d6bf33e,983,2023-05-09T04:20:24.611556+01:00,unclassified,?,11923,0,0,375,387,?
b21d3047-0913-4167-b153-583c2fe571e3,850,2023-05-09T04:20:24.611556+01:00,unclassified,?,11923,0,0,359,378,?
d28d5634-b296-4698-880a-df7642436c20,1590,2023-05-09T05:44:04.611556+01:00,unclassified,?,11923,0,0,378,384,?
554fa903-4a9d-4474-980e-69acdce8c33c,793,2023-05-09T05:45:35.611556+01:00,unclassified,rabv_ea,11923,1864,2229,330,349,RABV_EA
788e9b91-0830-414e-a141-7b22b503a914,359,2023-05-09T05:45:37.611556+01:00,unclassified,rabv_ea,11923,5199,5483,252,267,RABV_EA
0e4b54a4-6857-4cac-8547-f70ba8692caa,474,2023-05-09T05:45:37.611556+01:00,unclassified,rabv_ea,11923,5214,5608,363,384,RABV_EA
2c55e03f-1b12-44c0-8c99-7ae55a604fbc,897,2023-05-09T05:45:47.611556+01:00,unclassified,?,11923,0,0,346,363,?
d3154b29-d046-431a-8eb1-3a8ed4ca2eb6,448,2023-05-09T05:45:48.611556+01:00,unclassified,rabv_ea,11923,9851,10247,356,370,RABV_EA
d746d709-0762-4b7c-a21e-ca16b601b558,863,2023-05-09T05:45:46.611556+01:00,unclassified,?,11923,0,0,354,370,?
57fc8aaf-1efc-400f-8827-9491e50cd75e,698,2023-05-09T05:45:30.611556+01:00,unclassified,?,11923,0,0,356,370,?
34bb85b2-4d88-4799-9bb7-1ca6eea12bf9,1343,2023-05-09T05:45:30.611556+01:00,unclassified,?,11923,0,0,374,397,?
3ebf8b7d-bcaf-4a9e-9c85-1efa489064cb,449,2023-05-09T04:20:21.611556+01:00,unclassified,rabv_ea,11923,940,1324,337,364,RABV_EA
5f209cb6-5cd9-4828-960f-e8d90e3bab9c,359,2023-05-09T04:20:23.611556+01:00,unclassified,rabv_ea,11923,5210,5329,111,119,RABV_EA
dcf90d30-f902-4165-b621-b5ecd1b57d51,1296,2023-05-09T05:44:03.611556+01:00,unclassified,?,11923,0,0,362,378,?
bc8188a8-93ac-4911-8e22-0ff2a60aa74a,818,2023-05-09T04:20:23.611556+01:00,unclassified,rabv_ea,11923,4921,5608,589,631,RABV_EA
deb30a64-5f9f-4bdb-8363-7764bb179e96,380,2023-05-09T04:21:46.611556+01:00,unclassified,rabv_ea,11923,7773,8081,301,306,RABV_EA
3376e801-0651-4cee-89c6-d9fd92d934f3,468,2023-05-09T05:45:42.611556+01:00,unclassified,rabv_ea,11923,7075,7455,336,360,RABV_EA
439fb34e-c77d-446c-ac89-1c4000d42f37,487,2023-05-09T04:20:18.611556+01:00,unclassified,rabv_ea,11923,4626,5037,385,401,RABV_EA
9c7f15d4-976f-4bb7-8f4b-8ae3eb82db7e,503,2023-05-09T05:45:41.611556+01:00,unclassified,rabv_ea,11923,3390,3787,342,372,RABV_EA
b5984c77-a9c5-4b94-89ae-2dd312dfaacc,458,2023-05-09T05:45:57.611556+01:00,unclassified,rabv_ea,11923,9868,10248,369,373,RABV_EA
845e402a-edb4-4a25-bd52-b823682ba982,1577,2023-05-09T05:45:39.611556+01:00,unclassified,?,11923,0,0,386,392,?
a02aad49-5472-4183-b004-f6117f0b9747,474,2023-05-09T05:45:50.611556+01:00,unclassified,*,0,0,0,0,0,*
12182faf-45c3-4f5c-b19d-c81e2020d03e,821,2023-05-09T05:45:34.611556+01:00,unclassified,?,11923,0,0,353,368,?
c00d91e2-18c8-4bff-91e2-fb9c61b46092,559,2023-05-09T05:45:42.611556+01:00,unclassified,rabv_ea,11923,10164,10570,362,388,RABV_EA
36504045-58be-4d3f-b6ae-11e377716303,573,2023-05-09T04:20:25.611556+01:00,unclassified,rabv_ea,11923,10164,10576,354,387,RABV_EA
f27d8054-f602-4a77-aa39-37a1cf0c2280,876,2023-05-09T05:45:34.611556+01:00,unclassified,?,11923,0,0,349,367,?
451c570c-3155-49fc-80b9-512ae1a4f589,440,2023-05-09T05:43:56.611556+01:00,unclassified,rabv_ea,11923,9862,10249,364,377,RABV_EA
7847fc94-1102-4d1b-ae9d-ac87cd29d431,853,2023-05-09T04:20:15.611556+01:00,unclassified,?,11923,0,0,392,397,?
f918f710-48e2-467d-83c8-c5218feb80fb,1230,2023-05-09T04:20:18.611556+01:00,unclassified,?,11923,0,0,394,403,?
9aa96aa4-1b86-4cae-9bfa-c8ee1803e27f,465,2023-05-09T04:20:20.611556+01:00,unclassified,rabv_ea,11923,10164,10562,368,391,RABV_EA
9c1ba6a1-818a-4641-8faa-aa1c3cca806b,880,2023-05-09T04:20:17.611556+01:00,unclassified,?,11923,0,0,362,380,?
cf3bb8f4-cab4-493d-bc10-b5c79b79a07d,431,2023-05-09T05:45:43.611556+01:00,unclassified,*,0,0,0,0,0,*
f82c1ad0-7613-4608-adbd-bcf26303ee35,739,2023-05-09T05:45:54.611556+01:00,unclassified,?,11923,0,0,344,364,?
33e79db9-31a9-408a-a020-8aa5e0fafba9,472,2023-05-09T05:45:46.611556+01:00,unclassified,rabv_ea,11923,6424,6819,350,374,RABV_EA
7afca6ae-2f7a-4139-8568-f396b7f32004,355,2023-05-09T04:20:21.611556+01:00,unclassified,rabv_ea,11923,628,750,113,119,RABV_EA
40e1c139-9a0a-4dec-ae9d-819ec17289f3,1214,2023-05-09T04:20:17.611556+01:00,unclassified,?,11923,0,0,376,382,?
089f9e9e-57d2-49f6-9c86-bb73adf6125d,1294,2023-05-09T05:45:40.611556+01:00,unclassified,rabv_ea,11923,10163,11477,989,1127,RABV_EA
4f78ea9a-bb6c-4d6d-8707-84b4eeb3a693,184,2023-05-09T05:45:45.611556+01:00,unclassified,rabv_ea,11923,4963,5047,82,84,RABV_EA
4ac10b35-d006-4a50-aa85-2af5b065ae8f,842,2023-05-09T05:45:45.611556+01:00,unclassified,?,11923,0,0,368,379,?
7c715f12-35f7-4973-bb88-2aec6e2dbb30,224,2023-05-09T05:45:50.611556+01:00,unclassified,rabv_ea,11923,613,755,125,134,RABV_EA
040e8b0c-4ef1-4668-8061-7d9c3893517a,1188,2023-05-09T05:45:41.611556+01:00,unclassified,?,11923,0,0,405,417,?
c8025253-9495-4730-a06f-391046be2e83,444,2023-05-09T04:21:44.611556+01:00,unclassified,rabv_ea,11923,10204,10576,339,360,RABV_EA
3af6c434-a430-4ae8-abc3-9d64718e4ba8,850,2023-05-09T04:20:17.611556+01:00,unclassified,?,11923,0,0,353,366,?
216e6164-f82c-482e-bff0-824baa32e8c5,1393,2023-05-09T04:21:40.611556+01:00,unclassified,?,11923,0,0,349,365,?
669bc6ce-a965-4723-a1c7-d9277079c562,395,2023-05-09T04:21:44.611556+01:00,unclassified,rabv_ea,11923,4187,4422,219,229,RABV_EA
4dad688c-0a22-43fa-bec3-687883374c07,510,2023-05-09T05:46:02.611556+01:00,unclassified,rabv_ea,11923,6450,6834,344,366,RABV_EA
50b1a4a3-4f7f-4565-88eb-9f82b87450c2,523,2023-05-09T04:21:43.611556+01:00,unclassified,rabv_ea,11923,9851,10263,385,398,RABV_EA
e8c3c712-534f-430e-9bab-4721eb838600,431,2023-05-09T05:46:01.611556+01:00,unclassified,rabv_ea,11923,7704,8075,346,361,RABV_EA
5d570919-8a15-4cf1-8fed-d67825ebd6c3,533,2023-05-09T05:46:00.611556+01:00,unclassified,rabv_ea,11923,1642,1958,295,307,RABV_EA
3d7378e3-330a-4dd8-a7cb-289b38c42ac7,1245,2023-05-09T05:46:02.611556+01:00,unclassified,?,11923,0,0,359,381,?
049e8b3d-1679-4f88-9132-c33a1b969b49,505,2023-05-09T05:45:59.611556+01:00,unclassified,rabv_ea,11923,10164,10574,351,376,RABV_EA
e30715bc-0f98-4d9a-a182-1db5c911a169,411,2023-05-09T05:46:07.611556+01:00,unclassified,rabv_ea,11923,4339,4624,256,275,RABV_EA
d4ee7201-ad9c-4b56-bcc5-efc45b144e08,463,2023-05-09T04:21:43.611556+01:00,unclassified,rabv_ea,11923,9865,10264,374,387,RABV_EA
9a0cd83e-01f8-4839-9aa6-366c1149ff87,496,2023-05-09T05:45:55.611556+01:00,unclassified,rabv_ea,11923,10164,10573,347,379,RABV_EA
2df3daed-2945-4202-93b1-dcb1af7a8ae6,437,2023-05-09T05:45:45.611556+01:00,unclassified,rabv_ea,11923,8941,9325,338,358,RABV_EA
00841014-ffc8-4534-8b32-793ed1b4df12,1944,2023-05-09T05:45:58.611556+01:00,unclassified,?,11923,0,0,400,412,?
d939effa-e232-400d-aac4-9d11065f939b,988,2023-05-09T05:46:08.611556+01:00,unclassified,rabv_ea,11923,4626,5298,604,646,RABV_EA
a7b7d5b7-8574-4e8f-be4c-9b1f48467207,456,2023-05-09T05:46:00.611556+01:00,unclassified,rabv_ea,11923,10164,10551,349,375,RABV_EA
a2245a3d-55a1-41a1-b0c0-dbf2207a07ac,641,2023-05-09T04:20:16.611556+01:00,unclassified,?,11923,0,0,394,408,?
32fd2b6e-7b36-42db-a776-ff5330221a6f,856,2023-05-09T05:45:59.611556+01:00,unclassified,?,11923,0,0,358,365,?
35b63416-0f0f-4c60-8da0-68e71e62be5f,339,2023-05-09T05:45:59.611556+01:00,unclassified,?,11923,0,0,134,145,?
c1d09e89-1fa7-4077-a41e-8738d0c5f3d2,447,2023-05-09T04:20:21.611556+01:00,unclassified,rabv_ea,11923,7717,8081,352,359,RABV_EA
9fbf70e7-1d8f-4138-88d5-867e071a9abf,304,2023-05-09T04:21:47.611556+01:00,unclassified,rabv_ea,11923,9945,10187,230,239,RABV_EA
754cb8f8-a9d7-4162-bfbe-d80e75b8e8b1,836,2023-05-09T04:21:45.611556+01:00,unclassified,?,11923,0,0,340,355,?
48fc447e-9203-4a57-84b2-7b95cfe1a88d,1096,2023-05-09T05:45:54.611556+01:00,unclassified,?,11923,0,0,360,382,?
c31a6ae0-3a2c-48bb-bcab-2e70438afc56,1265,2023-05-09T05:45:56.611556+01:00,unclassified,?,11923,0,0,342,363,?
b094eb54-65e1-41e0-8a0c-279cd39ce13b,1283,2023-05-09T05:45:53.611556+01:00,unclassified,?,11923,0,0,377,394,?
4f362c3a-b100-46ea-b767-4117a85aa880,842,2023-05-09T05:46:09.611556+01:00,unclassified,?,11923,0,0,349,367,?
1f9a087d-bbcf-49ac-87da-540b8beaa8ce,369,2023-05-09T05:46:00.611556+01:00,unclassified,rabv_ea,11923,320,514,182,188,RABV_EA
1c93d45e-625d-4348-9765-8834684614aa,882,2023-05-09T05:46:07.611556+01:00,unclassified,?,11923,0,0,361,393,?
93be1df2-7c72-42d7-90cb-a5319bea1fa4,453,2023-05-09T05:45:53.611556+01:00,unclassified,rabv_ea,11923,1576,1958,334,361,RABV_EA
d89cc770-f9d7-4703-b765-6d8b593ecb03,1672,2023-05-09T05:45:51.611556+01:00,unclassified,?,11923,0,0,377,388,?
c4cd3dc2-aa67-4b5b-b55c-6b072b5aa8a2,437,2023-05-09T05:45:52.611556+01:00,unclassified,rabv_ea,11923,6424,6819,350,367,RABV_EA
5aa5a03c-01f7-4744-9245-6a16377dd6ad,4408,2023-05-09T05:45:44.611556+01:00,unclassified,?,11923,0,0,390,406,?
60d0e557-2149-465a-88db-302643dec0bf,514,2023-05-09T05:45:53.611556+01:00,unclassified,rabv_ea,11923,3383,3793,371,392,RABV_EA
61b85cc9-8e81-4383-acac-9ba27d9f95df,324,2023-05-09T05:46:03.611556+01:00,unclassified,*,0,0,0,0,0,*
8c7dffe1-733e-4cfb-b6fb-f2e11bfb6c87,466,2023-05-09T05:46:02.611556+01:00,unclassified,rabv_ea,11923,5210,5608,367,386,RABV_EA
affe5642-95ba-47c5-a3ee-b751118f04df,1282,2023-05-09T04:21:46.611556+01:00,unclassified,?,11923,0,0,362,376,?
f92d21a1-31f3-4454-9530-d1ace27a55cb,402,2023-05-09T05:45:59.611556+01:00,unclassified,rabv_ea,11923,6481,6790,260,284,RABV_EA
79d323b3-430d-4fa6-9ec4-a021b9d91658,559,2023-05-09T05:46:02.611556+01:00,unclassified,rabv_ea,11923,5822,6111,267,278,RABV_EA
ad1de7ed-4674-480d-87d1-2d64626d3197,1120,2023-05-09T05:45:55.611556+01:00,unclassified,?,11923,0,0,377,388,?
44376208-775b-4c38-aab5-1fe7afd11bbb,904,2023-05-09T05:46:08.611556+01:00,unclassified,?,11923,0,0,355,382,?
995662a5-e080-4c02-9e5a-5836a39f36ce,1239,2023-05-09T05:45:55.611556+01:00,unclassified,?,11923,0,0,377,383,?
0481c370-291b-45f0-bd9d-5a71b0843b4e,663,2023-05-09T05:46:05.611556+01:00,unclassified,?,11923,0,0,359,371,?
3beba883-db6d-4e20-b2a1-5d578a63da3f,880,2023-05-09T04:19:49.611556+01:00,unclassified,?,11923,0,0,392,405,?
16ab75af-0ca9-429b-8ce9-5c65dd97c085,549,2023-05-09T04:19:50.611556+01:00,unclassified,rabv_ea,11923,5831,6223,336,364,RABV_EA
ee557d56-168c-4cd9-8466-6d32c99b062d,1353,2023-05-09T04:21:42.611556+01:00,unclassified,?,11923,0,0,366,386,?
5c645dd9-9fa1-4e8f-a9f1-0366157d22a1,826,2023-05-09T04:21:42.611556+01:00,unclassified,?,11923,0,0,354,379,?
945f3147-f557-4f1a-ade4-a9221c25ea70,467,2023-05-09T04:19:54.611556+01:00,unclassified,rabv_ea,11923,10177,10576,379,386,RABV_EA
2949215c-f643-4e95-b66e-bca084694583,841,2023-05-09T05:46:05.611556+01:00,unclassified,?,11923,0,0,351,369,?
9169d1b5-53ee-4a85-8c9c-068273c21b5d,687,2023-05-09T05:46:03.611556+01:00,unclassified,?,11923,0,0,390,398,?
ae82e276-d4a4-4ff9-a807-a663089ff991,854,2023-05-09T05:45:50.611556+01:00,unclassified,?,11923,0,0,360,372,?
a31109cd-f1f8-4b0d-9798-ba11ad5a9847,457,2023-05-09T04:19:52.611556+01:00,unclassified,rabv_ea,11923,319,693,338,355,RABV_EA
047395bb-3b85-454d-87a7-160b8e340aef,438,2023-05-09T05:46:05.611556+01:00,unclassified,rabv_ea,11923,7720,8081,336,350,RABV_EA
3e91b468-7b04-45ed-a975-596e3a041637,482,2023-05-09T04:21:30.611556+01:00,unclassified,rabv_ea,11923,1567,1958,376,382,RABV_EA
671d0f62-df27-4b2c-ab83-c882816d1635,467,2023-05-09T04:21:37.611556+01:00,unclassified,rabv_ea,11923,7075,7467,368,380,RABV_EA
8d2c7bd9-8c90-4c53-8175-f9ac0a4fd5bc,429,2023-05-09T04:21:34.611556+01:00,unclassified,rabv_ea,11923,7706,8000,275,285,RABV_EA
27f0f736-0e58-4a3b-b9f8-f74e4ac9f6f7,881,2023-05-09T05:46:19.611556+01:00,unclassified,?,11923,0,0,399,412,?
ec860627-1f8c-4cd0-9bc5-b6c7884f2bab,888,2023-05-09T05:46:16.611556+01:00,unclassified,?,11923,0,0,372,385,?
ed349f38-3419-4cc9-8039-35d03390e2ff,842,2023-05-09T05:46:17.611556+01:00,unclassified,?,11923,0,0,348,375,?
e3dc3d68-8d76-40ea-b549-c45a22ba3c12,455,2023-05-09T04:19:51.611556+01:00,unclassified,rabv_ea,11923,7703,8068,329,353,RABV_EA
2c970a22-35a6-4dd2-a56b-4199800b1f92,415,2023-05-09T05:46:20.611556+01:00,unclassified,rabv_ea,11923,10170,10513,305,322,RABV_EA
bcb6c2aa-46ec-4f76-ab76-11d910be7932,467,2023-05-09T05:44:48.611556+01:00,unclassified,rabv_ea,11923,4626,5036,366,396,RABV_EA
83a32d8b-1553-414f-b858-fded627df6d6,443,2023-05-09T04:21:31.611556+01:00,unclassified,rabv_ea,11923,7704,8081,351,364,RABV_EA
04ccb107-12d6-413c-a66f-5b4f5c440ae6,451,2023-05-09T04:19:53.611556+01:00,unclassified,rabv_ea,11923,1577,1958,367,377,RABV_EA
14a7199e-31ca-4f2d-863c-543ed0f7e936,463,2023-05-09T04:21:31.611556+01:00,unclassified,rabv_ea,11923,9869,10248,342,361,RABV_EA
4e0f72ff-eff5-4e17-ad9a-1f9ff6a98524,449,2023-05-09T04:19:53.611556+01:00,unclassified,rabv_ea,11923,1565,1955,351,367,RABV_EA
04d82145-5ac8-4fe9-a7e4-c9671244d8b3,489,2023-05-09T05:46:20.611556+01:00,unclassified,rabv_ea,11923,9851,10245,354,377,RABV_EA
74fdd964-2458-40a2-8158-1f58a3b96fcf,472,2023-05-09T05:44:49.611556+01:00,unclassified,rabv_ea,11923,11120,11487,325,350,RABV_EA
f96c03fd-9a7c-4f47-90dc-2e89a7def667,463,2023-05-09T04:21:30.611556+01:00,unclassified,rabv_ea,11923,5196,5593,369,384,RABV_EA
f730df41-ca19-4987-ae3d-d2c32029846f,449,2023-05-09T05:44:46.611556+01:00,unclassified,rabv_ea,11923,4184,4422,211,217,RABV_EA
460a86c5-f3c3-4b42-ad8b-b024c4b1f7f8,438,2023-05-09T05:46:17.611556+01:00,unclassified,rabv_ea,11923,7720,8081,342,350,RABV_EA
6fe1b3df-533c-476e-b301-eb68f227fe66,453,2023-05-09T05:46:22.611556+01:00,unclassified,rabv_ea,11923,3393,3774,353,360,RABV_EA
c464aaea-1cec-4f26-9ed6-2d47404fb153,525,2023-05-09T04:19:40.611556+01:00,unclassified,rabv_ea,11923,6424,6825,359,378,RABV_EA
63fb76c7-6596-47af-9263-d3002a175354,1287,2023-05-09T05:44:40.611556+01:00,unclassified,?,11923,0,0,370,377,?
346893cd-b29d-498c-aec5-2156ecd3251b,1576,2023-05-09T04:19:41.611556+01:00,unclassified,?,11923,0,0,383,399,?
60fc26eb-ef8c-40b7-8f66-bbce2ae38abc,446,2023-05-09T04:19:44.611556+01:00,unclassified,rabv_ea,11923,5198,5589,336,360,RABV_EA
7d8a4324-eecb-4964-9252-a29dddd7f826,971,2023-05-09T05:46:12.611556+01:00,unclassified,?,11923,0,0,337,366,?
0e7700dd-0244-4a7f-92d6-ff8cd71b9144,830,2023-05-09T05:46:12.611556+01:00,unclassified,?,11923,0,0,347,362,?
3f4671bb-daa2-4636-b591-b373a383c074,850,2023-05-09T04:19:42.611556+01:00,unclassified,?,11923,0,0,364,378,?
a2ca2aff-c4cb-4947-944f-f7e2579012bc,931,2023-05-09T05:44:44.611556+01:00,unclassified,?,11923,0,0,371,399,?
7e0ad8ff-77a8-4356-b3cd-9d33996e3233,744,2023-05-09T05:44:48.611556+01:00,unclassified,?,11923,0,0,372,381,?
c9a16d9b-9141-4f4e-9360-d88561092491,459,2023-05-09T05:44:42.611556+01:00,unclassified,rabv_ea,11923,1567,1958,371,385,RABV_EA
bab9d52f-7525-411f-9ca1-ca866bc3eb90,468,2023-05-09T05:46:17.611556+01:00,unclassified,rabv_ea,11923,11416,11787,338,359,RABV_EA
e2d24489-ae8b-4ccc-9e60-e461e4c9161d,457,2023-05-09T05:46:12.611556+01:00,unclassified,rabv_ea,11923,4632,5036,352,379,RABV_EA
830a1999-ce06-4770-96d4-4e19d644af6a,885,2023-05-09T05:44:47.611556+01:00,unclassified,?,11923,0,0,381,391,?
1596a9f1-0601-4318-8fe0-284ed5644d91,454,2023-05-09T05:44:42.611556+01:00,unclassified,rabv_ea,11923,9851,10236,340,361,RABV_EA
4cd5a255-5f43-4b12-b59b-5911b8abcccb,840,2023-05-09T05:44:38.611556+01:00,unclassified,?,11923,0,0,297,313,?
57bc5018-114a-43df-a480-0a0eee6a73e0,873,2023-05-09T05:46:13.611556+01:00,unclassified,?,11923,0,0,379,387,?
df8087b6-3f62-446d-84ae-f3e56a7d7d46,444,2023-05-09T05:46:32.611556+01:00,unclassified,rabv_ea,11923,7704,8081,351,359,RABV_EA
c3f824a9-8569-47b5-b8f8-aa4b167e41ca,525,2023-05-09T05:46:28.611556+01:00,unclassified,rabv_ea,11923,3706,4093,346,378,RABV_EA
d3ce1952-d2c3-4cc0-8174-395a926c1a13,480,2023-05-09T05:46:29.611556+01:00,unclassified,rabv_ea,11923,1589,1951,348,357,RABV_EA
4a492371-1d1f-444d-bbd7-45a97dbee574,441,2023-05-09T04:19:33.611556+01:00,unclassified,rabv_ea,11923,7692,8054,328,351,RABV_EA
79bae1fb-a049-4b56-a134-9024e300a2fc,869,2023-05-09T04:19:31.611556+01:00,unclassified,?,11923,0,0,397,407,?
dbc311d1-ae65-4544-931c-0c33cba4a180,344,2023-05-09T05:46:11.611556+01:00,unclassified,rabv_ea,11923,8927,9146,206,212,RABV_EA
d3753bcf-9651-4b59-99a5-93b16181bb79,451,2023-05-09T05:46:15.611556+01:00,unclassified,rabv_ea,11923,79,459,353,369,RABV_EA
fd2938c7-dda6-46b5-8fbe-f3d3f3a978cf,1263,2023-05-09T04:19:37.611556+01:00,unclassified,?,11923,0,0,381,398,?
309da858-0231-49fe-ac5a-b60aa0c40bfe,498,2023-05-09T05:46:36.611556+01:00,unclassified,rabv_ea,11923,5823,6220,346,364,RABV_EA
7c03a1b2-327a-4278-9a2f-c31dc9e605af,515,2023-05-09T05:46:30.611556+01:00,unclassified,rabv_ea,11923,10164,10573,363,377,RABV_EA
d93402ca-22d5-4701-850d-c74a402de1f1,523,2023-05-09T05:46:24.611556+01:00,unclassified,rabv_ea,11923,4626,5051,380,407,RABV_EA
b74deab2-eff5-4480-b11c-4302f88ac996,903,2023-05-09T05:46:27.611556+01:00,unclassified,?,11923,0,0,373,386,?
4a627936-f67e-47bb-821b-abdd265c6407,203,2023-05-09T05:46:40.611556+01:00,unclassified,rabv_ea,11923,1192,1331,128,132,RABV_EA
2a5753e6-62ec-48fe-be57-4ffa2ae0daf1,461,2023-05-09T05:46:40.611556+01:00,unclassified,rabv_ea,11923,1565,1943,350,360,RABV_EA
d7ed738b-1ca0-44ff-9d6e-f61b9a7a52cb,222,2023-05-09T05:44:42.611556+01:00,unclassified,*,0,0,0,0,0,*
04f82999-e6ad-4c3b-876a-c0835ff4d98d,1326,2023-05-09T05:46:21.611556+01:00,unclassified,?,11923,0,0,385,395,?
486c0114-cef3-4c97-85af-c27ec338056a,541,2023-05-09T05:46:26.611556+01:00,unclassified,rabv_ea,11923,11097,11494,363,385,RABV_EA
ea16846c-b86d-4961-bc5d-31be2cfbb0bf,441,2023-05-09T05:45:01.611556+01:00,unclassified,rabv_ea,11923,7700,8063,348,355,RABV_EA
7454cff8-9c55-456f-b797-4108f99ac9e9,436,2023-05-09T05:46:39.611556+01:00,unclassified,rabv_ea,11923,5851,6222,325,343,RABV_EA
2a7c7fae-3985-4d1f-9ce4-835332d49999,452,2023-05-09T05:46:34.611556+01:00,unclassified,rabv_ea,11923,81,447,331,351,RABV_EA
5882e431-7381-44d1-a6fc-0db817e90aab,457,2023-05-09T05:46:38.611556+01:00,unclassified,rabv_ea,11923,9864,10263,362,378,RABV_EA
a3466c45-101c-41ba-8fc6-bd60e1581adb,763,2023-05-09T05:46:30.611556+01:00,unclassified,?,11923,0,0,358,367,?
eca1a75e-61bd-4eb7-ab35-f63a570311d2,376,2023-05-09T05:44:41.611556+01:00,unclassified,rabv_ea,11923,11180,11488,282,296,RABV_EA
d1ac40e9-c368-4190-89ca-17364dcd8275,864,2023-05-09T05:44:43.611556+01:00,unclassified,?,11923,0,0,397,411,?
1ccf8ea0-d65b-4b4b-9f2f-97ecc4275265,242,2023-05-09T05:44:45.611556+01:00,unclassified,rabv_ea,11923,3987,4087,93,94,RABV_EA
740ade4d-708c-4be2-a2a7-155ddf70f70b,437,2023-05-09T05:44:51.611556+01:00,unclassified,rabv_ea,11923,7704,8064,318,339,RABV_EA
c922ef5e-7dd8-476a-a149-82e6dabc499d,1322,2023-05-09T05:44:56.611556+01:00,unclassified,?,11923,0,0,377,395,?
49a3ee32-1c72-4b56-9097-1dfec41d30e4,1346,2023-05-09T05:46:33.611556+01:00,unclassified,?,11923,0,0,371,387,?
f5204cbd-e6d7-410b-82b7-fa95231ef743,438,2023-05-09T05:46:41.611556+01:00,unclassified,rabv_ea,11923,7706,8081,350,362,RABV_EA
f3c1b0cb-6fd0-4d38-95a0-325f0ee99109,458,2023-05-09T05:46:33.611556+01:00,unclassified,rabv_ea,11923,7706,8077,344,357,RABV_EA
229b752f-d760-4abd-ab90-aad741bf375d,493,2023-05-09T05:44:58.611556+01:00,unclassified,*,0,0,0,0,0,*
65e78300-22ab-4214-b891-e08b8bc109db,324,2023-05-09T05:46:36.611556+01:00,unclassified,rabv_ea,11923,789,1034,232,240,RABV_EA
e35532e4-aa8a-4707-8a04-758abcb6b88e,1317,2023-05-09T05:46:36.611556+01:00,unclassified,?,11923,0,0,384,399,?
e69466cf-360a-4696-ac57-e0fb373dd1d4,375,2023-05-09T05:46:41.611556+01:00,unclassified,rabv_ea,11923,10170,10391,200,207,RABV_EA
5c5b45a5-d7f4-4eae-8057-2ddeb043ac0c,509,2023-05-09T05:46:42.611556+01:00,unclassified,rabv_ea,11923,7060,7467,351,376,RABV_EA
75f3eefc-62c6-48d9-b54d-49edb8d58122,462,2023-05-09T04:19:19.611556+01:00,unclassified,rabv_ea,11923,5196,5596,370,381,RABV_EA
c2c1fb1d-f4b6-4deb-aa5b-1953d14f7c2c,475,2023-05-09T04:19:31.611556+01:00,unclassified,rabv_ea,11923,4632,5036,362,389,RABV_EA
22d2b648-2aea-45c8-ac4e-99f29b5c18d4,1368,2023-05-09T04:20:56.611556+01:00,unclassified,?,11923,0,0,398,406,?
8f9fe398-d268-47a0-8249-97987a7c6e1e,488,2023-05-09T04:21:00.611556+01:00,unclassified,rabv_ea,11923,10166,10562,359,380,RABV_EA
65ba01cd-2afe-46f4-bfe2-de573321b1c9,505,2023-05-09T04:21:01.611556+01:00,unclassified,*,0,0,0,0,0,*
819107aa-2938-4c30-b7d8-1688602b5c0c,431,2023-05-09T04:21:01.611556+01:00,unclassified,rabv_ea,11923,3704,4072,312,345,RABV_EA
b66aff72-91d3-4240-81eb-b2f1149ecb91,846,2023-05-09T05:46:49.611556+01:00,unclassified,?,11923,0,0,358,378,?
c317aaac-0724-4a6c-aefb-0643839bbd3b,866,2023-05-09T05:44:53.611556+01:00,unclassified,?,11923,0,0,363,371,?
6b5202ce-75f7-4916-8c2d-0bc3ec6f69e0,472,2023-05-09T05:44:57.611556+01:00,unclassified,rabv_ea,11923,5212,5608,365,382,RABV_EA
6367431e-856a-43a7-967b-6cfd6e6e5d58,1652,2023-05-09T05:46:45.611556+01:00,unclassified,?,11923,0,0,375,393,?
9d591f99-2bb2-447c-aa88-87fbdab3da55,457,2023-05-09T04:19:23.611556+01:00,unclassified,rabv_ea,11923,11409,11793,356,374,RABV_EA
ebc20d39-ba37-4b33-a9d2-eaba9a42f67d,590,2023-05-09T04:19:19.611556+01:00,unclassified,rabv_ea,11923,10164,10564,365,385,RABV_EA
d8fcde79-6d79-47f1-93eb-2cb4654444d2,422,2023-05-09T05:46:25.611556+01:00,unclassified,*,0,0,0,0,0,*
693fb8ce-5bdc-4b5c-8779-4d3bf67c927a,456,2023-05-09T05:46:44.611556+01:00,unclassified,rabv_ea,11923,1568,1944,348,361,RABV_EA
0b3a5c21-13ba-4555-b34b-6c74f8eccbbf,466,2023-05-09T05:46:44.611556+01:00,unclassified,rabv_ea,11923,2733,3135,369,386,RABV_EA
fb2d6038-2073-4391-bb99-28fceb75dd18,1771,2023-05-09T05:46:34.611556+01:00,unclassified,?,11923,0,0,381,405,?
068d80a6-affe-4e9a-ac4a-20c128635b06,276,2023-05-09T04:20:57.611556+01:00,unclassified,rabv_ea,11923,10164,10324,138,151,RABV_EA
fd7ca501-13e1-4e86-8cc7-8e18fa9b9a90,831,2023-05-09T04:19:11.611556+01:00,unclassified,rabv_ea,11923,4902,5284,360,375,RABV_EA
d9e7801b-7919-4aa5-80f9-5e1e0b7adb96,1024,2023-05-09T04:19:09.611556+01:00,unclassified,?,11923,0,0,360,383,?
4198d56e-c622-43e0-9ec8-b28d68011029,367,2023-05-09T04:20:59.611556+01:00,unclassified,*,0,0,0,0,0,*
0c1f7037-c6d6-44c8-90a6-dc58ae7bebf7,374,2023-05-09T04:19:13.611556+01:00,unclassified,*,0,0,0,0,0,*
aca6f72c-3c80-4e49-9b33-4773ea63b9ca,958,2023-05-09T05:46:37.611556+01:00,unclassified,?,11923,0,0,383,404,?
0e83cb76-4892-4b66-b9f5-a952052c5e07,565,2023-05-09T05:45:00.611556+01:00,unclassified,rabv_ea,11923,5202,5608,385,395,RABV_EA
2d8b81de-3494-4bb5-b308-ecd5eea5bde0,1259,2023-05-09T05:44:56.611556+01:00,unclassified,?,11923,0,0,358,382,?
179bf4d5-6277-4554-80d1-ad66525087e7,1276,2023-05-09T05:44:58.611556+01:00,unclassified,?,11923,0,0,377,402,?
dadfeafd-e226-40f3-ad9c-ea2f9617533b,468,2023-05-09T04:19:21.611556+01:00,unclassified,rabv_ea,11923,9857,10259,344,367,RABV_EA
73260093-976f-4692-831e-f266af0d582f,880,2023-05-09T05:46:25.611556+01:00,unclassified,?,11923,0,0,385,391,?
35672903-4738-4678-9722-7fb8354b22e6,477,2023-05-09T05:46:24.611556+01:00,unclassified,rabv_ea,11923,8939,9322,363,374,RABV_EA
d951a38e-a955-4e20-8c53-7bedd33ddc1a,890,2023-05-09T05:46:24.611556+01:00,unclassified,?,11923,0,0,364,380,?
e31bc916-e10b-43ed-833a-3d7ff81ffba8,861,2023-05-09T04:20:57.611556+01:00,unclassified,?,11923,0,0,380,393,?
705e2f63-4452-4684-9eb6-adf5dbddd76e,461,2023-05-09T05:46:38.611556+01:00,unclassified,rabv_ea,11923,7703,8079,356,372,RABV_EA
7b151310-82e1-4fc7-86c0-b0424566bb73,478,2023-05-09T04:19:10.611556+01:00,unclassified,rabv_ea,11923,4637,5008,348,360,RABV_EA
ff4632b8-c20d-4f82-83f0-3075b4c8a80d,459,2023-05-09T04:19:31.611556+01:00,unclassified,rabv_ea,11923,4894,5284,365,377,RABV_EA
d9c39c64-121a-46ed-88ef-b30eb642ecab,569,2023-05-09T04:18:54.611556+01:00,unclassified,rabv_ea,11923,2445,2830,353,376,RABV_EA
a09000f4-e1ee-46af-8cf7-56864e32f08f,852,2023-05-09T04:18:56.611556+01:00,unclassified,?,11923,0,0,350,370,?
f1ab2880-9b13-4c02-8893-4a99845f40b8,445,2023-05-09T05:46:36.611556+01:00,unclassified,rabv_ea,11923,70,459,342,371,RABV_EA
d2de0a81-8456-45cc-bd6f-6eb597ba6979,831,2023-05-09T04:20:59.611556+01:00,unclassified,?,11923,0,0,339,365,?
784d8b14-dfed-415a-98fd-d99ec47809e2,451,2023-05-09T04:21:01.611556+01:00,unclassified,rabv_ea,11923,7715,8081,347,358,RABV_EA
79eb0c06-1cc3-48dd-869f-957611c73e11,385,2023-05-09T04:20:59.611556+01:00,unclassified,rabv_ea,11923,1866,2176,278,297,RABV_EA
9d22b7d2-57c1-4176-8c77-991854b4352d,892,2023-05-09T05:46:50.611556+01:00,unclassified,?,11923,0,0,346,356,?
d23ff840-1530-433d-80c4-011dbda9006c,514,2023-05-09T04:18:44.611556+01:00,unclassified,rabv_ea,11923,7692,8081,370,380,RABV_EA
fc9a73bb-b494-4261-a3be-d3b4be78188a,456,2023-05-09T04:20:58.611556+01:00,unclassified,rabv_ea,11923,6424,6822,382,390,RABV_EA
6db7ba14-f152-4cf5-83a3-cb90fadbf2ae,847,2023-05-09T04:20:56.611556+01:00,unclassified,?,11923,0,0,353,366,?
42a15c2c-e082-4672-8ad6-a2cf961ad2ab,432,2023-05-09T04:20:58.611556+01:00,unclassified,rabv_ea,11923,3390,3776,349,358,RABV_EA
db14bb4b-f0d7-4663-aa3b-1e033cefd9e7,496,2023-05-09T05:46:49.611556+01:00,unclassified,rabv_ea,11923,7690,8073,322,340,RABV_EA
64775cb0-bcae-4756-a181-e330fede6844,936,2023-05-09T04:18:55.611556+01:00,unclassified,?,11923,0,0,368,390,?
615f8dad-07e7-42f3-a0b8-af3aa5963ca4,457,2023-05-09T04:19:12.611556+01:00,unclassified,rabv_ea,11923,11119,11492,333,350,RABV_EA
9f7851bf-c279-405e-b072-9e39391d08a2,1667,2023-05-09T05:46:59.611556+01:00,unclassified,?,11923,0,0,369,387,?
8b49e1fe-9fc0-46a5-adad-c82b3b941acd,2519,2023-05-09T05:46:53.611556+01:00,unclassified,?,11923,0,0,887,962,?
990133fd-7e72-4112-822e-f2d9c2a3ad4a,1284,2023-05-09T05:46:48.611556+01:00,unclassified,?,11923,0,0,390,400,?
31b7ad5a-73b0-4893-b333-b8c0ca1ec4e0,1135,2023-05-09T04:18:53.611556+01:00,unclassified,?,11923,0,0,346,360,?
0452ade0-e005-4f41-8821-7695141172c1,633,2023-05-09T05:47:01.611556+01:00,unclassified,?,11923,0,0,389,401,?
116dafed-cdf4-42e7-80b4-054eeac7b3bf,853,2023-05-09T04:19:22.611556+01:00,unclassified,?,11923,0,0,359,373,?
a3672777-c62d-4a2f-8970-3b28aa799716,435,2023-05-09T04:19:22.611556+01:00,unclassified,rabv_ea,11923,7692,8063,345,355,RABV_EA
25aa26f2-063a-4290-a365-4104c6cb6073,456,2023-05-09T05:46:49.611556+01:00,unclassified,rabv_ea,11923,7706,8081,359,372,RABV_EA
be4335a1-b2fb-415f-8322-cddf733644e3,507,2023-05-09T05:46:52.611556+01:00,unclassified,rabv_ea,11923,7690,8065,336,350,RABV_EA
2d76d76f-f319-414f-aaf7-580ad7997328,972,2023-05-09T05:46:48.611556+01:00,unclassified,?,11923,0,0,390,399,?
093c1a93-cb5a-465b-a8c1-3a901b776954,1293,2023-05-09T04:19:20.611556+01:00,unclassified,?,11923,0,0,396,404,?
04bfc3fe-6087-425a-983e-99a3d0575b21,481,2023-05-09T04:20:57.611556+01:00,unclassified,rabv_ea,11923,1569,1940,343,356,RABV_EA
2f10cf04-5f87-42b2-853e-e6d63fbfe980,343,2023-05-09T05:45:15.611556+01:00,unclassified,rabv_ea,11923,9131,9325,182,190,RABV_EA
96c1c340-bfb4-4f0b-9d8e-b39a31b3c1f3,449,2023-05-09T05:45:18.611556+01:00,unclassified,rabv_ea,11923,9851,10247,345,368,RABV_EA
1dc4f8a2-7fdf-48c6-9921-a4d9e8827482,703,2023-05-09T05:45:16.611556+01:00,unclassified,rabv_ea,11923,1551,1958,389,397,RABV_EA
e383ef32-9df6-4ea5-84e1-c3f55871ded1,491,2023-05-09T05:45:19.611556+01:00,unclassified,rabv_ea,11923,5208,5593,351,370,RABV_EA
ba3b0912-9540-435b-bdee-588c2014d869,472,2023-05-09T05:45:15.611556+01:00,unclassified,rabv_ea,11923,9851,10247,363,384,RABV_EA
849cc93c-96fe-47b0-86fa-323eaae1ea9e,435,2023-05-09T05:46:49.611556+01:00,unclassified,rabv_ea,11923,1864,2248,346,362,RABV_EA
d513f482-6c5b-42ad-8067-58e2d556191d,447,2023-05-09T05:46:49.611556+01:00,unclassified,rabv_ea,11923,9851,10244,338,367,RABV_EA
c083a57c-2efa-454e-8882-905602a171fa,451,2023-05-09T05:46:49.611556+01:00,unclassified,rabv_ea,11923,5864,6219,326,338,RABV_EA
479b21c1-39e7-43a3-92b1-3c1de4d5bcda,1982,2023-05-09T05:46:45.611556+01:00,unclassified,?,11923,0,0,372,388,?
373a8ee9-159e-4fe2-8be5-63c7b9dcd173,507,2023-05-09T05:46:57.611556+01:00,unclassified,rabv_ea,11923,2744,3141,354,374,RABV_EA
4db003e2-16da-4512-a432-1b68f4ceca84,452,2023-05-09T05:46:57.611556+01:00,unclassified,rabv_ea,11923,10178,10572,367,378,RABV_EA
8707ab36-7c57-4504-a4eb-6d9daf062972,456,2023-05-09T04:20:52.611556+01:00,unclassified,rabv_ea,11923,10187,10570,356,376,RABV_EA
c6e78d9f-3ab7-4936-b5a2-ffd9a8cb0538,242,2023-05-09T05:45:17.611556+01:00,unclassified,rabv_ea,11923,9149,9325,170,172,RABV_EA
a4982bdb-7b4a-43b9-a660-7082dda76df5,447,2023-05-09T05:45:27.611556+01:00,unclassified,rabv_ea,11923,10164,10562,341,373,RABV_EA
757941d1-44ad-4bef-b73f-b0381c54760f,846,2023-05-09T05:46:52.611556+01:00,unclassified,?,11923,0,0,392,400,?
9b815106-9883-498c-8d1c-5b8b0447d509,424,2023-05-09T05:47:11.611556+01:00,unclassified,rabv_ea,11923,6473,6812,281,305,RABV_EA
656e6b3a-de56-4b84-b263-70e29f5cdf14,452,2023-05-09T04:18:41.611556+01:00,unclassified,rabv_ea,11923,5202,5589,343,358,RABV_EA
4a1c8db8-4527-455f-b6cb-b0984667837f,393,2023-05-09T05:46:58.611556+01:00,unclassified,rabv_ea,11923,11191,11492,280,295,RABV_EA
c97ce746-8900-4808-9439-3d8abc559a4d,453,2023-05-09T04:18:40.611556+01:00,unclassified,rabv_ea,11923,11114,11492,357,369,RABV_EA
bec329db-4fa9-4e1d-bc12-5688dea4071a,896,2023-05-09T05:47:11.611556+01:00,unclassified,?,11923,0,0,387,401,?
1d7deea0-1739-45fc-a9da-f61f8e8fb781,868,2023-05-09T05:46:51.611556+01:00,unclassified,?,11923,0,0,360,379,?
d2a45ebf-d2c2-4e0d-bb87-31cbabbb53a8,531,2023-05-09T05:46:54.611556+01:00,unclassified,rabv_ea,11923,7690,8079,373,382,RABV_EA
f847220a-b83d-43e6-9218-5d39b4204904,497,2023-05-09T04:20:55.611556+01:00,unclassified,rabv_ea,11923,3067,3463,343,371,RABV_EA
16825884-9f19-474b-b54b-b1e70964b711,856,2023-05-09T04:20:56.611556+01:00,unclassified,?,11923,0,0,384,391,?
8f71e464-1eca-4287-ad32-d5f2f6d3a744,2113,2023-05-09T04:20:49.611556+01:00,unclassified,?,11923,0,0,389,403,?
0ee708c5-6885-46bb-bb2f-9c3000fc6bcd,519,2023-05-09T05:47:10.611556+01:00,unclassified,rabv_ea,11923,4633,5036,363,385,RABV_EA
cef0474a-b78e-4240-ae40-cfd20c3608f9,1220,2023-05-09T05:47:06.611556+01:00,unclassified,?,11923,0,0,377,387,?
bba61aef-bfdf-4e96-8f6a-32b3a2789d65,732,2023-05-09T04:18:47.611556+01:00,unclassified,?,11923,0,0,370,384,?
89aed6b7-8c99-4447-8705-94947abda1c7,2026,2023-05-09T04:20:48.611556+01:00,unclassified,?,11923,0,0,392,404,?
5e83af20-3946-49e0-af92-420fa41e19c1,466,2023-05-09T04:18:40.611556+01:00,unclassified,rabv_ea,11923,5836,6212,340,363,RABV_EA
46a7b240-c88f-4c1e-b957-30febf8849ec,890,2023-05-09T04:18:40.611556+01:00,unclassified,?,11923,0,0,397,405,?
586b8040-eaaa-4e4b-a581-08df105c5e55,1134,2023-05-09T05:45:25.611556+01:00,unclassified,?,11923,0,0,371,383,?
436ae190-f603-48ea-a193-891cafd0b041,448,2023-05-09T05:46:55.611556+01:00,unclassified,rabv_ea,11923,7703,8081,350,367,RABV_EA
fe015021-2fa5-404a-b027-8aa4939ac36e,843,2023-05-09T04:18:40.611556+01:00,unclassified,?,11923,0,0,337,354,?
2f8e3785-d039-448c-9842-d20761827466,548,2023-05-09T05:47:10.611556+01:00,unclassified,rabv_ea,11923,10164,10576,380,402,RABV_EA
928ef1eb-0b2a-4792-b3d4-be3896c621e4,1244,2023-05-09T04:18:38.611556+01:00,unclassified,?,11923,0,0,398,403,?
00c32ae7-bad9-4a3c-9a0a-c37f0ee7bcc9,866,2023-05-09T04:18:37.611556+01:00,unclassified,?,11923,0,0,379,391,?
6fed5f48-b32a-4b50-8a9b-e0465e4a0b6d,466,2023-05-09T04:18:53.611556+01:00,unclassified,rabv_ea,11923,1571,1958,371,378,RABV_EA
bab84383-ac00-4465-95bc-ed73061a107d,452,2023-05-09T04:20:38.611556+01:00,unclassified,rabv_ea,11923,11111,11494,368,378,RABV_EA
6d1e5ce7-25cf-4eff-a57f-90a529fd1f5a,829,2023-05-09T04:20:39.611556+01:00,unclassified,?,11923,0,0,358,377,?
ef17fab8-c9cf-4ac4-9424-d5c136b5e09e,2095,2023-05-09T04:18:39.611556+01:00,unclassified,?,11923,0,0,384,386,?
2b71c0e8-1de8-4b1b-a6c7-dd404e7e21bc,1295,2023-05-09T04:18:38.611556+01:00,unclassified,?,11923,0,0,379,399,?
bb719973-0f83-45df-b8b9-6529049b23e4,836,2023-05-09T05:47:08.611556+01:00,unclassified,?,11923,0,0,356,376,?
859f2083-53f9-4010-81bb-273d9be44d2a,447,2023-05-09T05:46:57.611556+01:00,unclassified,rabv_ea,11923,3406,3791,363,374,RABV_EA
fd53234a-ab23-4cc7-a98a-98d8dd0f60ad,452,2023-05-09T05:46:57.611556+01:00,unclassified,rabv_ea,11923,4894,5286,364,377,RABV_EA
e8d421e4-2c80-438b-8a47-a31f5785def8,503,2023-05-09T05:45:33.611556+01:00,unclassified,rabv_ea,11923,1551,1958,374,385,RABV_EA
c8c81392-4315-4003-a8c9-ac2c88d8ffea,455,2023-05-09T05:45:33.611556+01:00,unclassified,rabv_ea,11923,1864,2241,351,369,RABV_EA
079127f3-8f80-437a-827d-4d906c18cb74,450,2023-05-09T05:47:07.611556+01:00,unclassified,rabv_ea,11923,1869,2247,343,363,RABV_EA
591fabe9-10e5-439c-ac19-e3b7c22d5b1b,868,2023-05-09T05:45:30.611556+01:00,unclassified,?,11923,0,0,362,379,?
95a30f3f-177a-42bf-a307-1587ac097c76,480,2023-05-09T05:45:32.611556+01:00,unclassified,rabv_ea,11923,10181,10571,351,368,RABV_EA
9f1cbd12-842f-45f2-953b-a2af5542091a,715,2023-05-09T05:46:56.611556+01:00,unclassified,?,11923,0,0,370,381,?
551992cc-e3a9-45e4-b159-e1736f63247b,641,2023-05-09T05:46:58.611556+01:00,unclassified,rabv_ea,11923,1619,1958,317,322,RABV_EA
aecc2435-0dfb-4d57-af40-2b44a789648e,455,2023-05-09T04:18:40.611556+01:00,unclassified,rabv_ea,11923,1566,1958,373,384,RABV_EA
5c73df2b-b75f-42c8-876b-3c774b21185b,424,2023-05-09T04:18:43.611556+01:00,unclassified,rabv_ea,11923,11408,11796,336,355,RABV_EA
4d68cf16-c3b6-4194-8c8d-736a0e8d517a,1742,2023-05-09T04:18:38.611556+01:00,unclassified,?,11923,0,0,373,396,?
de39cb52-c9da-479c-bf74-f90e66badd60,453,2023-05-09T04:18:38.611556+01:00,unclassified,rabv_ea,11923,3405,3790,342,365,RABV_EA
8a593e8a-a055-447b-9b89-af035cbf6edd,157,2023-05-09T05:47:10.611556+01:00,unclassified,*,0,0,0,0,0,*
8e43604a-2098-4ae3-8ab1-dccb01969536,1261,2023-05-09T05:47:10.611556+01:00,unclassified,rabv_ea,11923,7061,7467,394,400,RABV_EA
79a6086f-1d09-4d23-a1ac-edb5cba04e4d,464,2023-05-09T04:18:39.611556+01:00,unclassified,rabv_ea,11923,4638,5030,364,372,RABV_EA
bbcf009e-1bda-4795-bd9d-11a7eed4eb2c,458,2023-05-09T05:45:31.611556+01:00,unclassified,rabv_ea,11923,10178,10570,362,376,RABV_EA
90ab72c6-fd72-4450-b465-6e8cd13c9548,194,2023-05-09T05:46:57.611556+01:00,unclassified,*,0,0,0,0,0,*
a0207db9-7f64-434f-9ea9-58030130a014,501,2023-05-09T05:47:09.611556+01:00,unclassified,rabv_ea,11923,5196,5608,391,404,RABV_EA
ceac3ce6-1f76-4724-9db3-52194cfb5666,478,2023-05-09T05:47:12.611556+01:00,unclassified,rabv_ea,11923,4626,5036,371,396,RABV_EA
dbc6e6ca-5704-4b36-b2cd-74fe0fde1fc2,801,2023-05-09T05:47:11.611556+01:00,unclassified,?,11923,0,0,359,377,?
2bbaa775-0bc6-443d-9aa4-012f5a08b489,1298,2023-05-09T04:20:28.611556+01:00,unclassified,?,11923,0,0,376,388,?
0ecbf608-ec61-4f90-8165-f1e350d662ea,904,2023-05-09T05:45:30.611556+01:00,unclassified,?,11923,0,0,355,379,?
d8d29c74-66ec-4b65-8624-da6f9568aa61,464,2023-05-09T05:47:04.611556+01:00,unclassified,rabv_ea,11923,10164,10561,352,384,RABV_EA
314591a3-fd19-4f59-90ff-082a20bbd664,1255,2023-05-09T05:45:30.611556+01:00,unclassified,?,11923,0,0,370,382,?
2fe960cb-80d4-43d9-8a6e-c60fa87e56f0,908,2023-05-09T05:47:10.611556+01:00,unclassified,?,11923,0,0,363,388,?
c5830286-0652-4d27-b941-9c3fe5daa643,462,2023-05-09T04:18:39.611556+01:00,unclassified,rabv_ea,11923,10164,10542,348,375,RABV_EA
bd0dfe09-2070-4f01-8d1f-d5cf57dd3e8d,854,2023-05-09T04:18:17.611556+01:00,unclassified,?,11923,0,0,339,367,?
0055e691-0215-4500-8cb4-e15b152b1266,466,2023-05-09T05:47:05.611556+01:00,unclassified,rabv_ea,11923,1565,1958,380,387,RABV_EA
c5dae77d-a144-4684-b3e9-2294a760aa12,1258,2023-05-09T04:18:19.611556+01:00,unclassified,?,11923,0,0,378,389,?
ddf666c6-a54b-490b-9ff7-84f64c0e7e72,912,2023-05-09T04:18:40.611556+01:00,unclassified,?,11923,0,0,381,398,?
38202678-f4c2-4a82-9537-84555d3a3a9a,1251,2023-05-09T04:18:16.611556+01:00,unclassified,?,11923,0,0,379,395,?
41a6be21-f1a6-469e-aebc-663046f22477,462,2023-05-09T04:18:22.611556+01:00,unclassified,rabv_ea,11923,5199,5594,370,378,RABV_EA
663dcda5-76d3-4e34-97e9-81f5838a64a1,443,2023-05-09T04:18:23.611556+01:00,unclassified,rabv_ea,11923,7706,8081,334,356,RABV_EA
c943e3cb-0dd5-4432-b340-d712ba430520,836,2023-05-09T05:47:04.611556+01:00,unclassified,?,11923,0,0,342,357,?
f0923e4e-6a4d-4ce2-86c4-043d6448b285,445,2023-05-09T04:18:44.611556+01:00,unclassified,rabv_ea,11923,332,710,330,364,RABV_EA
309a044d-0a8e-47fd-964a-aa4afa2172a3,460,2023-05-09T05:46:56.611556+01:00,unclassified,rabv_ea,11923,10177,10570,354,376,RABV_EA
87862cb3-a155-4aa4-bbcb-8da8e21304c1,461,2023-05-09T05:45:34.611556+01:00,unclassified,rabv_ea,11923,8941,9325,367,381,RABV_EA
7b281edc-312d-4fc5-ad47-0d2bee5116e8,456,2023-05-09T05:47:00.611556+01:00,unclassified,rabv_ea,11923,11407,11796,352,378,RABV_EA
e8f25698-3a67-4a76-aaef-f0e4b8d49e9c,1258,2023-05-09T04:20:19.611556+01:00,unclassified,?,11923,0,0,379,390,?
98eb26c2-00db-4416-a197-135b24b460a5,884,2023-05-09T04:18:37.611556+01:00,unclassified,?,11923,0,0,358,386,?
29a96eb0-7c83-401c-8c09-fa40cc4a0c1a,818,2023-05-09T05:45:40.611556+01:00,unclassified,rabv_ea,11923,7696,8074,332,351,RABV_EA
efa77465-5bc6-4424-8568-cafa21302fbd,898,2023-05-09T04:18:18.611556+01:00,unclassified,?,11923,0,0,362,382,?
4884966f-0682-4038-9bc7-dc752c78821e,447,2023-05-09T04:18:23.611556+01:00,unclassified,rabv_ea,11923,3397,3791,334,372,RABV_EA
afbbcdee-f169-451f-a28e-77a1affbff60,1332,2023-05-09T05:47:15.611556+01:00,unclassified,?,11923,0,0,384,398,?
d0c7235f-6738-4745-8458-0bc1ed625e88,466,2023-05-09T04:18:21.611556+01:00,unclassified,rabv_ea,11923,7074,7467,374,383,RABV_EA
3c9d74a6-6f35-4b68-a906-e9a2cb306882,454,2023-05-09T04:18:19.611556+01:00,unclassified,rabv_ea,11923,1564,1958,378,388,RABV_EA
955de7cd-205a-4f91-832e-b353161116dc,465,2023-05-09T04:18:22.611556+01:00,unclassified,rabv_ea,11923,1567,1958,371,379,RABV_EA
40998df7-ce41-4b26-a496-fd646f188bcb,1653,2023-05-09T04:18:36.611556+01:00,unclassified,?,11923,0,0,388,395,?
05ad0243-f88f-4af0-9e7f-251d8c90a088,1804,2023-05-09T04:18:38.611556+01:00,unclassified,?,11923,0,0,374,388,?
7c76401c-1988-41e5-91ae-29dfde25fda9,428,2023-05-09T04:20:33.611556+01:00,unclassified,rabv_ea,11923,1566,1952,335,347,RABV_EA
bdcca32f-c21b-43fc-8354-2ca142d6daf2,1246,2023-05-09T04:18:40.611556+01:00,unclassified,?,11923,0,0,360,368,?
718f3fc0-8476-4cfd-89e5-d2d17ad0021b,881,2023-05-09T05:47:16.611556+01:00,unclassified,rabv_ea,11923,4626,5595,728,786,RABV_EA
7bfa77c5-181e-434b-a3fd-9f42216ea9fb,760,2023-05-09T05:47:18.611556+01:00,unclassified,?,11923,0,0,392,402,?
91caea21-37b0-454e-9d30-552b7cc7ef62,466,2023-05-09T05:47:17.611556+01:00,unclassified,rabv_ea,11923,1567,1958,372,386,RABV_EA
017b588c-568a-474f-b676-199ae765abac,1275,2023-05-09T05:47:14.611556+01:00,unclassified,?,11923,0,0,376,382,?
c3bfc2b3-e0d9-495b-90eb-6efa396e8936,915,2023-05-09T05:47:14.611556+01:00,unclassified,?,11923,0,0,364,379,?
14c07a0a-6bf8-49c3-af1e-90697c9f6cbf,416,2023-05-09T05:47:16.611556+01:00,unclassified,rabv_ea,11923,4341,4537,180,191,RABV_EA
04fb8ea0-50f9-4471-b077-aa70632db0b2,990,2023-05-09T05:47:12.611556+01:00,unclassified,?,11923,0,0,374,382,?
816713dd-f0e3-4d20-b4ed-99f1286730c8,2944,2023-05-09T04:18:11.611556+01:00,unclassified,?,11923,0,0,375,394,?
72e97e8a-bc6c-4d5c-b579-fa799be706a7,443,2023-05-09T04:20:25.611556+01:00,unclassified,rabv_ea,11923,2738,3126,360,370,RABV_EA
1b53bc9c-c3de-4198-9f7b-e723958a67f8,233,2023-05-09T05:45:40.611556+01:00,unclassified,*,0,0,0,0,0,*
d77ea4f0-988d-4876-ba02-da1e821a8e28,489,2023-05-09T05:47:18.611556+01:00,unclassified,rabv_ea,11923,4626,5051,369,404,RABV_EA
75d180f8-efdd-4bbe-b940-28dcfac7bd89,479,2023-05-09T05:47:36.611556+01:00,unclassified,rabv_ea,11923,10164,10561,364,391,RABV_EA
e8a38802-d52c-478a-857a-1f28bef94102,4163,2023-05-09T05:47:25.611556+01:00,unclassified,?,11923,0,0,396,403,?
d05a9ce3-2e1d-407f-8934-268e38d0cf8b,467,2023-05-09T04:20:19.611556+01:00,unclassified,rabv_ea,11923,10179,10576,357,385,RABV_EA
a64d6ba6-af14-41b3-aabe-67fdb1f18119,353,2023-05-09T05:47:39.611556+01:00,unclassified,rabv_ea,11923,9120,9307,169,180,RABV_EA
7d70d5f1-8402-4615-99a5-ce5f754a6304,440,2023-05-09T05:47:40.611556+01:00,unclassified,rabv_ea,11923,11392,11778,338,366,RABV_EA
2c9801ba-639b-40d4-8edf-57e6ef18814d,543,2023-05-09T05:47:40.611556+01:00,unclassified,rabv_ea,11923,9851,10263,388,405,RABV_EA
3ed93402-114a-4ed9-9f87-30817ef6936d,458,2023-05-09T05:47:40.611556+01:00,unclassified,rabv_ea,11923,3061,3458,353,376,RABV_EA
a872828e-57d7-45ac-ac1a-67cf303108b9,643,2023-05-09T05:47:38.611556+01:00,unclassified,?,11923,0,0,367,386,?
6706079d-3302-42e6-89d8-355f02c14f91,428,2023-05-09T05:47:39.611556+01:00,unclassified,rabv_ea,11923,11096,11463,325,338,RABV_EA
4952e1f2-5d66-4f12-ad68-6dc29f0d1801,1292,2023-05-09T04:20:15.611556+01:00,unclassified,?,11923,0,0,381,404,?
f60afa9b-7e49-499e-aea9-498e2b3ab5ac,523,2023-05-09T05:45:40.611556+01:00,unclassified,rabv_ea,11923,1552,1958,375,392,RABV_EA
6470179a-c212-4757-ba1c-1023b027b3e8,438,2023-05-09T04:20:21.611556+01:00,unclassified,rabv_ea,11923,7754,8077,291,305,RABV_EA
c1c8e62b-cf3d-4f47-8a80-8d46bb381746,758,2023-05-09T04:20:18.611556+01:00,unclassified,?,11923,0,0,363,383,?
6345f1f4-23d3-4458-a014-459bc85b9e44,1261,2023-05-09T04:18:09.611556+01:00,unclassified,?,11923,0,0,371,380,?
9ba6d35a-81c7-4fe7-9e90-bc239cfc9edc,451,2023-05-09T05:45:40.611556+01:00,unclassified,rabv_ea,11923,7713,8078,349,359,RABV_EA
6b6614dd-f66e-4296-9139-216756b087d6,1260,2023-05-09T05:45:38.611556+01:00,unclassified,?,11923,0,0,392,405,?
ebc01212-8474-4baa-8d37-45974bc4c5db,483,2023-05-09T05:47:20.611556+01:00,unclassified,rabv_ea,11923,4626,5028,373,388,RABV_EA
2ca7668d-c4e2-4735-b75e-3267be42fb34,509,2023-05-09T05:47:13.611556+01:00,unclassified,rabv_ea,11923,10169,10576,355,375,RABV_EA
828c07d3-10ee-4856-8f96-274800264d65,414,2023-05-09T04:18:07.611556+01:00,unclassified,rabv_ea,11923,8930,9286,312,336,RABV_EA
7b0d0c40-ba2f-44e3-9ccb-91dd78401bb9,964,2023-05-09T04:20:17.611556+01:00,unclassified,?,11923,0,0,400,410,?
258e0de7-a2fd-43da-91bf-cecc56e59680,1250,2023-05-09T04:18:21.611556+01:00,unclassified,?,11923,0,0,382,399,?
4ca841b9-45e1-4773-9198-3d82094b47be,453,2023-05-09T04:18:17.611556+01:00,unclassified,rabv_ea,11923,9851,10249,355,378,RABV_EA
faaee807-2795-4049-90c9-c8e7cd0319ee,920,2023-05-09T05:47:15.611556+01:00,unclassified,?,11923,0,0,396,412,?
5d48ed5a-f1fc-4e45-922d-79d10a709766,410,2023-05-09T05:47:24.611556+01:00,unclassified,?,11923,0,0,216,225,?
f0973982-000b-4ae3-b5dd-8fc994c78c49,946,2023-05-09T05:47:22.611556+01:00,unclassified,?,11923,0,0,392,416,?
248e9a9e-be67-48d8-a95c-a6b6f7961db7,838,2023-05-09T05:47:24.611556+01:00,unclassified,?,11923,0,0,389,398,?
cfe7c006-aabd-4330-a655-64d813a3fb32,448,2023-05-09T04:20:18.611556+01:00,unclassified,rabv_ea,11923,7717,8068,323,336,RABV_EA
e78ae8d7-9521-41da-bc5e-53b14d9b0d6f,476,2023-05-09T05:45:57.611556+01:00,unclassified,rabv_ea,11923,3062,3457,364,381,RABV_EA
77229a84-c4d0-45e5-a6ed-cc4df1433364,877,2023-05-09T04:18:08.611556+01:00,unclassified,?,11923,0,0,378,402,?
2af68a8d-f297-47bf-81db-c15747cf7134,1357,2023-05-09T05:48:00.611556+01:00,unclassified,?,11923,0,0,395,405,?
669cfc02-ce1a-47d5-b4ae-532577c4c5ee,502,2023-05-09T05:45:58.611556+01:00,unclassified,rabv_ea,11923,5197,5605,365,386,RABV_EA
46af008f-4767-4183-bb8f-f471da4146ab,1270,2023-05-09T05:47:18.611556+01:00,unclassified,?,11923,0,0,363,379,?
97f4c53c-52f1-4626-832f-319283fc08db,347,2023-05-09T05:47:25.611556+01:00,unclassified,rabv_ea,11923,10164,10447,251,269,RABV_EA
0184e286-6765-423c-8e4b-90028cb586dd,1147,2023-05-09T05:47:22.611556+01:00,unclassified,?,11923,0,0,372,379,?
4b382628-dff8-4762-b514-51c21f6170b0,446,2023-05-09T05:48:02.611556+01:00,unclassified,rabv_ea,11923,6433,6815,339,358,RABV_EA
591d13b4-c92f-4aac-8776-615775cc7073,494,2023-05-09T05:47:25.611556+01:00,unclassified,rabv_ea,11923,7688,8079,366,374,RABV_EA
5410df8d-f4ad-488a-a179-f2a02cd3ba37,448,2023-05-09T05:47:25.611556+01:00,unclassified,rabv_ea,11923,9854,10245,348,370,RABV_EA
9a6a442d-d789-45d0-ad0b-67eb327c2aab,487,2023-05-09T05:45:58.611556+01:00,unclassified,rabv_ea,11923,3709,4100,346,380,RABV_EA
36cd8da4-fc43-4a64-9099-6f905071f9c4,479,2023-05-09T04:18:09.611556+01:00,unclassified,rabv_ea,11923,10170,10562,364,373,RABV_EA
0973396e-8334-4040-ac4b-e35977b62384,239,2023-05-09T05:48:02.611556+01:00,unclassified,rabv_ea,11923,7692,7868,163,169,RABV_EA
b6f32a93-9643-4e3f-ab97-2fa1cb2527cf,492,2023-05-09T05:47:23.611556+01:00,unclassified,rabv_ea,11923,4637,5036,360,378,RABV_EA
8159cab7-ea32-4c94-904f-f1828765f33e,910,2023-05-09T05:45:56.611556+01:00,unclassified,?,11923,0,0,361,390,?
cf4eb7f1-c533-4763-91ed-c0647e26e2d8,490,2023-05-09T04:18:10.611556+01:00,unclassified,rabv_ea,11923,10164,10576,367,400,RABV_EA
6fd36652-f880-4dbc-9bf4-034db8160bb0,1532,2023-05-09T05:45:54.611556+01:00,unclassified,?,11923,0,0,356,375,?
575a63b1-6ae0-48ee-9fa9-529fa831495e,452,2023-05-09T05:45:55.611556+01:00,unclassified,rabv_ea,11923,7703,8081,350,361,RABV_EA
9ebcf7ba-ed29-4888-a067-216ad86a3564,903,2023-05-09T04:17:57.611556+01:00,unclassified,?,11923,0,0,364,381,?
6524b2a0-c762-41f9-bcae-4ae017ae524c,875,2023-05-09T04:18:00.611556+01:00,unclassified,?,11923,0,0,371,387,?
c421c728-f1cb-4301-b011-3a4dfc07066d,477,2023-05-09T05:45:52.611556+01:00,unclassified,rabv_ea,11923,9867,10263,373,390,RABV_EA
a0200a3d-10ac-4d85-a2ae-705a5f02b483,443,2023-05-09T05:47:48.611556+01:00,unclassified,rabv_ea,11923,7701,8063,334,346,RABV_EA
59ef89c9-a633-4cc3-ad8e-a1d9f5d8afbc,488,2023-05-09T05:45:57.611556+01:00,unclassified,rabv_ea,11923,2753,3135,348,367,RABV_EA
bf401f31-df44-42ee-96fc-43f18268be55,1647,2023-05-09T05:47:37.611556+01:00,unclassified,?,11923,0,0,370,382,?
8f579e68-e1ad-48ef-ac75-4d7dca2c03b8,218,2023-05-09T05:47:28.611556+01:00,unclassified,rabv_ea,11923,5846,6048,191,195,RABV_EA
0090ba68-bbf3-4be7-8266-3ff6c1a3f64a,895,2023-05-09T04:17:52.611556+01:00,unclassified,?,11923,0,0,365,390,?
19b79064-a4f1-43ac-8bf0-a0564248ae44,460,2023-05-09T04:17:55.611556+01:00,unclassified,rabv_ea,11923,10223,10577,315,341,RABV_EA
cd2029a0-a60e-4eed-88d3-598776d597bc,841,2023-05-09T05:47:35.611556+01:00,unclassified,?,11923,0,0,369,384,?
310fb01c-5522-4c43-97d6-3e1bcb553cb7,477,2023-05-09T05:48:08.611556+01:00,unclassified,rabv_ea,11923,9851,10236,357,375,RABV_EA
940f17c2-a688-4209-85f7-0f6375d9732c,455,2023-05-09T04:17:54.611556+01:00,unclassified,rabv_ea,11923,1864,2248,351,366,RABV_EA
3d7c72b7-1cff-498a-bf10-c9af4b350b9f,307,2023-05-09T05:47:36.611556+01:00,unclassified,rabv_ea,11923,4175,4248,68,68,RABV_EA
535d4dff-c4ea-48b1-a64d-d0217d179fa6,1559,2023-05-09T05:48:00.611556+01:00,unclassified,?,11923,0,0,387,397,?
a01e82d3-a131-468d-b456-c1da5a81ebc0,281,2023-05-09T05:48:09.611556+01:00,unclassified,rabv_ea,11923,3067,3248,164,174,RABV_EA
5cb2d9bd-c31f-4254-a9ad-d1ab59f77d55,1694,2023-05-09T04:20:07.611556+01:00,unclassified,?,11923,0,0,384,397,?
0e427291-1a4b-4bde-b4e2-5e0322bf2686,422,2023-05-09T05:47:26.611556+01:00,unclassified,rabv_ea,11923,7714,8081,348,356,RABV_EA
f9389824-713b-4164-b475-449df2fbaf0d,866,2023-05-09T05:47:33.611556+01:00,unclassified,?,11923,0,0,362,372,?
f96ec13d-3f8d-41be-8113-15091399ddc0,895,2023-05-09T05:47:37.611556+01:00,unclassified,?,11923,0,0,388,397,?
c1d5381f-e6ec-4500-a0c9-1f9d95769f75,461,2023-05-09T05:45:53.611556+01:00,unclassified,rabv_ea,11923,5196,5592,372,384,RABV_EA
009e3657-1766-49f5-8c5a-9997fa6c6f5a,583,2023-05-09T05:47:53.611556+01:00,unclassified,rabv_ea,11923,1864,2262,362,385,RABV_EA
51fd1a9b-d9fa-4d52-8e33-3abadeebe9a4,346,2023-05-09T05:47:53.611556+01:00,unclassified,?,11923,0,0,124,129,?
fcf02183-6d52-4938-a85c-26d0f9af9d8b,1256,2023-05-09T04:18:06.611556+01:00,unclassified,?,11923,0,0,382,396,?
f1f0af2c-4dbd-432c-b005-5710a6e22b86,845,2023-05-09T05:47:51.611556+01:00,unclassified,?,11923,0,0,362,380,?
56b64bff-59de-4b77-bebd-532f0d89ebd1,884,2023-05-09T05:47:51.611556+01:00,unclassified,?,11923,0,0,340,365,?
7b609d99-f7e0-450b-982f-1c15872738c1,859,2023-05-09T05:47:53.611556+01:00,unclassified,?,11923,0,0,332,349,?
92f1f0e8-fd23-4685-86fc-0bfffe40e923,471,2023-05-09T05:45:51.611556+01:00,unclassified,rabv_ea,11923,3062,3459,375,387,RABV_EA
40ba2053-a5b0-46a4-9768-05b3db1bc54e,451,2023-05-09T05:45:54.611556+01:00,unclassified,rabv_ea,11923,7704,8073,344,359,RABV_EA
fcbb6889-db83-47e2-ab9d-23ce805ee788,828,2023-05-09T04:20:01.611556+01:00,unclassified,?,11923,0,0,314,321,?
0da8bc4d-b799-4cf5-9601-05cab696bca8,477,2023-05-09T04:20:05.611556+01:00,unclassified,rabv_ea,11923,2733,3133,377,393,RABV_EA
c719c078-50ae-4d16-9c17-19c5debcc1f6,527,2023-05-09T05:47:36.611556+01:00,unclassified,rabv_ea,11923,10164,10580,374,393,RABV_EA
924d7290-dedb-4c49-b01c-39e2b02a0b69,497,2023-05-09T05:48:09.611556+01:00,unclassified,rabv_ea,11923,7698,8081,352,369,RABV_EA
776db1b0-3b41-4dc3-9531-9f696942d7c5,795,2023-05-09T05:48:01.611556+01:00,unclassified,rabv_ea,11923,9610,9940,315,319,RABV_EA
a4d09c54-37d8-4f03-9aa5-6d5ec8e83c8f,457,2023-05-09T04:17:58.611556+01:00,unclassified,rabv_ea,11923,9851,10247,370,379,RABV_EA
56dfc5e0-1b9e-4a25-9132-04dfb4df1440,439,2023-05-09T04:20:05.611556+01:00,unclassified,rabv_ea,11923,956,1333,348,364,RABV_EA
4ca4be84-fe55-42b4-a7d1-681dc294db6c,332,2023-05-09T05:48:06.611556+01:00,unclassified,rabv_ea,11923,2146,2264,110,113,RABV_EA
2ad2f195-9b45-4ce1-9e51-a238a8884c86,465,2023-05-09T05:48:07.611556+01:00,unclassified,rabv_ea,11923,1567,1955,350,367,RABV_EA
e9208373-bf05-4728-86ae-8cff57288c60,913,2023-05-09T05:47:36.611556+01:00,unclassified,?,11923,0,0,376,383,?
bda45979-77d6-4104-9f21-e471a5384a29,474,2023-05-09T05:48:07.611556+01:00,unclassified,rabv_ea,11923,10164,10553,371,384,RABV_EA
dc0eea22-2b86-4551-90b6-dcee238f53a6,432,2023-05-09T05:47:53.611556+01:00,unclassified,rabv_ea,11923,7690,8068,343,356,RABV_EA
9d7cb071-384f-4478-aca6-fe7a0ab5d940,483,2023-05-09T04:17:49.611556+01:00,unclassified,rabv_ea,11923,8942,9325,357,373,RABV_EA
cdda50c1-07b4-45e4-ad61-43390ccc0dce,476,2023-05-09T05:48:09.611556+01:00,unclassified,rabv_ea,11923,628,1034,378,394,RABV_EA
9b64d2cf-d18f-4cc2-a189-1ce6945d964a,517,2023-05-09T05:46:10.611556+01:00,unclassified,rabv_ea,11923,8927,9318,350,378,RABV_EA
204e426d-483f-4a27-977d-b9e590595df9,1712,2023-05-09T05:47:39.611556+01:00,unclassified,?,11923,0,0,377,401,?
465144ab-2ed1-435b-85d1-e3cd0bef8b16,491,2023-05-09T05:47:40.611556+01:00,unclassified,rabv_ea,11923,9851,10261,382,391,RABV_EA
c133ee17-710e-4e68-b02e-e43a6dafc80a,432,2023-05-09T05:48:12.611556+01:00,unclassified,rabv_ea,11923,7704,8081,343,365,RABV_EA
348f673b-4fb3-416c-b58e-1bd1db693d25,443,2023-05-09T05:48:03.611556+01:00,unclassified,rabv_ea,11923,8941,9325,351,369,RABV_EA
d1c356fd-4e5a-4339-b67f-69ec37977076,660,2023-05-09T05:46:10.611556+01:00,unclassified,rabv_ea,11923,4626,5047,383,408,RABV_EA
8438c0d6-ecd7-4020-a28a-977bdf7ba6d6,861,2023-05-09T05:47:41.611556+01:00,unclassified,?,11923,0,0,353,381,?
e9ff4028-42aa-403d-9c63-41f386da24b6,858,2023-05-09T05:47:39.611556+01:00,unclassified,?,11923,0,0,369,392,?
1ce10ad1-a1da-4abc-be8f-ece749332776,379,2023-05-09T05:47:42.611556+01:00,unclassified,rabv_ea,11923,5836,6208,356,363,RABV_EA
932e40d3-cde6-4da1-be6c-b75ddd78a1fe,426,2023-05-09T05:47:40.611556+01:00,unclassified,rabv_ea,11923,4919,5299,327,347,RABV_EA
e2d07954-c83d-4e00-885d-6ac39b0c38a6,843,2023-05-09T05:48:13.611556+01:00,unclassified,?,11923,0,0,358,376,?
b7ecbfb8-5c75-4797-8d38-52afac435ea8,470,2023-05-09T05:48:12.611556+01:00,unclassified,rabv_ea,11923,9851,10246,381,389,RABV_EA
9941f7ce-3f01-42c6-aa73-4de60a1766d5,323,2023-05-09T05:47:42.611556+01:00,unclassified,*,0,0,0,0,0,*
a710b4cb-eca8-43e4-a929-b1e250b56fde,366,2023-05-09T05:46:08.611556+01:00,unclassified,*,0,0,0,0,0,*
a258aa77-9240-4e0c-956d-8e44870052e3,2077,2023-05-09T04:19:50.611556+01:00,unclassified,?,11923,0,0,401,408,?
d91e4dd0-8424-46db-801a-16fe3908c512,1258,2023-05-09T05:48:14.611556+01:00,unclassified,?,11923,0,0,370,381,?
f950ec19-6324-4355-8921-b7473e7f80a2,851,2023-05-09T05:48:14.611556+01:00,unclassified,?,11923,0,0,336,351,?
ad56fc3e-9b70-40f1-9f3b-9d3eb326ce85,437,2023-05-09T05:47:56.611556+01:00,unclassified,rabv_ea,11923,319,691,332,362,RABV_EA
ce944919-74fd-4c1e-85f7-8e45e2007e81,459,2023-05-09T04:18:01.611556+01:00,unclassified,rabv_ea,11923,1571,1956,346,364,RABV_EA
67fb536b-4a8a-44ea-99b0-96e25848fd16,846,2023-05-09T05:48:11.611556+01:00,unclassified,?,11923,0,0,356,369,?
97f8034e-778f-4d03-8593-a1c1f524e067,903,2023-05-09T04:17:59.611556+01:00,unclassified,?,11923,0,0,371,385,?
f794027d-ad56-4ade-ae55-c29309b36500,875,2023-05-09T05:47:54.611556+01:00,unclassified,?,11923,0,0,376,383,?
2a0d7142-b582-4458-80c6-1dd70169493f,438,2023-05-09T05:47:57.611556+01:00,unclassified,rabv_ea,11923,7706,8081,339,360,RABV_EA
