read_name,read_len,start_time,barcode,best_reference,ref_len,start_coords,end_coords,num_matches,mapping_len,display_name
35e29762-bc66-471f-ab8f-20258b64eed6,1268,2023-05-08T19:59:36.611556+01:00,barcode07,?,11923,0,0,390,401,?
ac18f9ba-c1ba-4d98-973f-c63c785e3e9b,879,2023-05-08T19:58:35.611556+01:00,barcode07,?,11923,0,0,374,393,?
81dc67b7-e29d-4ff9-b136-ee6cddfb5a87,468,2023-05-08T19:59:36.611556+01:00,barcode07,rabv_ea,11923,1565,1948,377,381,RABV_EA
e8d71915-4280-42c4-ae56-44bb96d16a0b,906,2023-05-08T19:59:39.611556+01:00,barcode07,?,11923,0,0,382,382,?
79b264bb-71cf-4936-9e47-dcb79c6b9bbc,1299,2023-05-08T19:59:34.611556+01:00,barcode07,?,11923,0,0,628,656,?
bc80d568-955f-4f48-99d0-ceb53834f338,1262,2023-05-08T19:59:36.611556+01:00,barcode07,?,11923,0,0,357,362,?
4ff350ac-0cfd-41f3-82fd-5bf7eaeda6a1,860,2023-05-08T19:59:38.611556+01:00,barcode07,?,11923,0,0,374,383,?
61c557d8-a415-4d43-8766-7bacc3f39168,509,2023-05-08T19:58:30.611556+01:00,barcode07,rabv_ea,11923,7690,8081,373,385,RABV_EA
be929e3f-2921-436b-91a3-8e1f673a1817,1549,2023-05-08T19:59:12.611556+01:00,barcode07,?,11923,0,0,394,397,?
51819a4d-4435-4595-b58d-12b347421911,459,2023-05-08T19:58:29.611556+01:00,barcode07,rabv_ea,11923,9851,10249,379,385,RABV_EA
211d420f-7891-4bee-967c-1a62a90f8f35,463,2023-05-08T19:58:21.611556+01:00,barcode07,rabv_ea,11923,1567,1958,367,378,RABV_EA
c6acedc5-a7d2-421b-9413-ed5af4401a7c,410,2023-05-08T19:58:54.611556+01:00,barcode07,rabv_ea,11923,11096,11446,328,340,RABV_EA
e557a3b3-2b37-43c2-9f3f-b018cf5b08eb,464,2023-05-08T19:58:31.611556+01:00,barcode07,rabv_ea,11923,5196,5592,381,387,RABV_EA
369056d3-d463-44bb-be78-2564a06d1846,469,2023-05-08T19:58:55.611556+01:00,barcode07,rabv_ea,11923,5246,5608,327,348,RABV_EA
aa66def4-f007-4b2f-ab85-ce0c2eeff499,866,2023-05-08T19:58:20.611556+01:00,barcode07,?,11923,0,0,371,386,?
ce79ec17-05d8-4927-9567-ba4eb47743f3,432,2023-05-08T19:59:16.611556+01:00,barcode07,rabv_ea,11923,1242,1621,351,362,RABV_EA
72a508c5-6913-4322-9c82-4ca4c3fbdbd7,443,2023-05-08T19:58:54.611556+01:00,barcode07,rabv_ea,11923,7703,8072,342,355,RABV_EA
bf101c19-a90c-43b3-abb9-dd67beeedf15,856,2023-05-08T19:58:27.611556+01:00,barcode07,?,11923,0,0,366,376,?
bb3d8edf-e3ba-4e63-aaec-06ad9a8c4a43,882,2023-05-08T19:58:29.611556+01:00,barcode07,?,11923,0,0,394,403,?
d7b2fb12-be5b-4ad0-a357-b32b61b824c4,509,2023-05-08T19:59:18.611556+01:00,barcode07,rabv_ea,11923,7690,8081,364,375,RABV_EA
c160acd3-d0ea-47e8-b96b-b5fb6d090fb7,526,2023-05-08T19:58:21.611556+01:00,barcode07,rabv_ea,11923,7699,8076,369,372,RABV_EA
d87b5603-9c98-4814-bb35-64f9dfe3923a,536,2023-05-08T19:58:21.611556+01:00,barcode07,rabv_ea,11923,10164,10575,389,400,RABV_EA
f54c1934-42ae-42d9-84b8-c56195655422,454,2023-05-08T19:58:29.611556+01:00,barcode07,rabv_ea,11923,5844,6223,351,368,RABV_EA
a180b4a3-00a7-491b-a444-96b2e777b00d,912,2023-05-08T19:58:48.611556+01:00,barcode07,?,11923,0,0,383,392,?
5afe5402-03e9-4e1d-ae55-60ed7eba6592,1128,2023-05-08T19:59:24.611556+01:00,barcode07,?,11923,0,0,369,390,?
c3778d62-b358-488e-80f1-5e376f1f40e9,502,2023-05-08T19:58:30.611556+01:00,barcode07,rabv_ea,11923,6133,6528,359,379,RABV_EA
a90e44b3-272a-4f10-aa45-003b3ce420c4,1122,2023-05-08T19:59:15.611556+01:00,barcode07,?,11923,0,0,391,401,?
c51479a4-3d81-401e-a7c8-f95c6b1b6535,465,2023-05-08T19:59:18.611556+01:00,barcode07,rabv_ea,11923,10164,10561,384,391,RABV_EA
19fb54a8-a09b-4129-a5df-2d23ee598527,523,2023-05-08T19:58:57.611556+01:00,barcode07,rabv_ea,11923,10164,10576,367,395,RABV_EA
8632c9e0-bdec-41bc-813e-889207a6ca09,530,2023-05-08T19:58:56.611556+01:00,barcode07,rabv_ea,11923,10172,10576,382,394,RABV_EA
09bf42db-60d5-48ff-90da-ac19426933f8,658,2023-05-08T19:58:55.611556+01:00,barcode07,?,11923,0,0,402,405,?
3f01ce99-640d-4286-a81e-7458ea01068a,1317,2023-05-08T19:58:18.611556+01:00,barcode07,?,11923,0,0,639,670,?
85129bd9-fdbb-40e4-9d93-ce5f09d0b0ba,1683,2023-05-08T19:58:20.611556+01:00,barcode07,?,11923,0,0,390,406,?
8cd04410-db15-49f7-84c9-a77b1c4a9f40,6445,2023-05-08T19:58:06.611556+01:00,barcode07,?,11923,0,0,387,395,?
c6ef5582-3d03-46ae-88f1-21175db286ea,524,2023-05-08T19:58:22.611556+01:00,barcode07,rabv_ea,11923,7690,8081,355,377,RABV_EA
3ffc2138-effa-4849-82f9-4733aca4faf2,409,2023-05-08T19:58:21.611556+01:00,barcode07,rabv_ea,11923,7203,7468,240,252,RABV_EA
f1c35614-5065-4641-b765-353cf7a38379,454,2023-05-08T19:59:24.611556+01:00,barcode07,rabv_ea,11923,7708,8068,350,358,RABV_EA
fe560b7e-b15a-44ee-a425-6c44b14a082e,842,2023-05-08T19:59:20.611556+01:00,barcode07,?,11923,0,0,361,368,?
84d01c5a-60b9-465c-be56-7ae421891879,869,2023-05-08T19:58:47.611556+01:00,barcode07,?,11923,0,0,349,367,?
5f7a200b-4190-4220-a9d8-06890f182abd,515,2023-05-08T19:58:48.611556+01:00,barcode07,rabv_ea,11923,7690,8081,375,383,RABV_EA
3e6fdba9-5ddd-4c33-a997-b211343480d9,2724,2023-05-08T19:58:16.611556+01:00,barcode07,?,11923,0,0,391,399,?
071be834-90ce-4eb6-ac9e-9eef87c187f5,517,2023-05-08T19:58:23.611556+01:00,barcode07,rabv_ea,11923,1556,1958,385,390,RABV_EA
fa0072a5-62e2-42aa-9803-ba187995180d,524,2023-05-08T19:59:13.611556+01:00,barcode07,rabv_ea,11923,6133,6528,382,388,RABV_EA
d84a9c96-ac24-4ffe-8b5e-d83de1409bf8,463,2023-05-08T19:58:21.611556+01:00,barcode07,rabv_ea,11923,8942,9325,362,374,RABV_EA
85443414-0769-41c3-b86a-ce3c8e6a796f,2380,2023-05-08T19:59:08.611556+01:00,barcode07,?,11923,0,0,402,410,?
0c601122-2d43-47a8-862a-63381c94bdc1,849,2023-05-08T19:58:43.611556+01:00,barcode07,?,11923,0,0,364,373,?
a69251a3-5d2e-4961-9e98-e98f038aaedf,429,2023-05-08T19:58:23.611556+01:00,barcode07,rabv_ea,11923,7705,8081,357,363,RABV_EA
22edd1ce-c77c-4177-9fd3-a3b87ecd0ee2,1930,2023-05-08T19:59:08.611556+01:00,barcode07,?,11923,0,0,390,397,?
8a5e682c-07cf-43d1-af3f-25a755496250,510,2023-05-08T19:58:48.611556+01:00,barcode07,rabv_ea,11923,7690,8080,371,379,RABV_EA
b8a6f784-5b0c-48fe-af39-cc9a676461f1,1301,2023-05-08T19:58:28.611556+01:00,barcode07,?,11923,0,0,390,403,?
fdaaa8b4-d313-492c-9b72-fac8a5849882,860,2023-05-08T19:59:15.611556+01:00,barcode07,?,11923,0,0,383,390,?
01542558-1783-45a0-9317-a60778694c7b,1282,2023-05-08T19:59:15.611556+01:00,barcode07,?,11923,0,0,351,394,?
04179272-0830-48a2-acba-e48695b94e57,534,2023-05-08T19:59:17.611556+01:00,barcode07,rabv_ea,11923,10164,10576,385,402,RABV_EA
c8345362-2d99-47e5-9daa-154b4406644a,1343,2023-05-08T19:59:08.611556+01:00,barcode07,?,11923,0,0,368,376,?
b0935e6c-53df-402e-9d1c-7f28366ff9e4,840,2023-05-08T19:59:09.611556+01:00,barcode07,?,11923,0,0,361,366,?
bbb4fe91-7c1d-45ee-a5df-c7f1321f4dd7,823,2023-05-08T19:58:48.611556+01:00,barcode07,?,11923,0,0,371,387,?
dcd10ddf-8ecc-4925-a090-15aa5c6b315b,445,2023-05-08T19:58:40.611556+01:00,barcode07,rabv_ea,11923,5200,5596,343,367,RABV_EA
e710e108-0173-4fe0-b1cb-4aba03e4cc9c,923,2023-05-08T19:58:40.611556+01:00,barcode07,?,11923,0,0,330,345,?
4913e8df-abb8-47dc-a6ba-beeb08ea3c9c,514,2023-05-08T19:58:23.611556+01:00,barcode07,rabv_ea,11923,10164,10575,390,397,RABV_EA
1e69efe1-9903-4f3f-9783-2953a9b82a6c,870,2023-05-08T19:59:03.611556+01:00,barcode07,?,11923,0,0,376,392,?
6fd65763-1110-4168-83d4-2d1be3b81f39,517,2023-05-08T19:58:04.611556+01:00,barcode07,rabv_ea,11923,10164,10576,398,403,RABV_EA
65eecfbc-a9ed-438e-8f62-8f17414fc4b9,496,2023-05-08T19:58:05.611556+01:00,barcode07,rabv_ea,11923,7690,8073,357,366,RABV_EA
c5fac9a3-3a56-4554-ae7b-b007a2e4b287,273,2023-05-08T19:58:06.611556+01:00,barcode07,rabv_ea,11923,5196,5399,192,196,RABV_EA
c2345357-0d0f-47dc-8493-73824ccb0dfb,3850,2023-05-08T19:59:05.611556+01:00,barcode07,?,11923,0,0,392,403,?
2fa83aef-58b8-4a99-a921-7af258c8dcfd,561,2023-05-08T19:58:46.611556+01:00,barcode07,?,11923,0,0,241,247,?
d53a5d16-b15b-492a-a56f-1122d88a82b7,3347,2023-05-08T19:58:17.611556+01:00,barcode07,?,11923,0,0,396,411,?
d35ed153-92ac-4e00-aee9-07080e61508e,474,2023-05-08T19:58:25.611556+01:00,barcode07,rabv_ea,11923,10164,10564,382,396,RABV_EA
80c9dfdb-73f4-429e-9899-17a66fbd4e9d,525,2023-05-08T19:59:10.611556+01:00,barcode07,rabv_ea,11923,10164,10576,390,400,RABV_EA
610068b7-7e6f-44f0-a5e1-0f0179e91f0a,846,2023-05-08T19:59:16.611556+01:00,barcode07,?,11923,0,0,353,362,?
e0c7b4fa-9504-48f9-8918-b0340d66db07,574,2023-05-08T19:58:37.611556+01:00,barcode07,rabv_ea,11923,7690,8070,358,369,RABV_EA
d01cf9f5-1ab0-4bac-909a-f6b26654f44f,428,2023-05-08T19:59:05.611556+01:00,barcode07,rabv_ea,11923,9851,10213,338,347,RABV_EA
e7bc41ff-89c6-4db4-bee4-6873e3072fca,451,2023-05-08T19:58:39.611556+01:00,barcode07,rabv_ea,11923,4896,5283,355,376,RABV_EA
735b3e3c-825c-4dfd-bb76-2db4e58e4912,460,2023-05-08T19:58:21.611556+01:00,barcode07,rabv_ea,11923,4626,5036,366,385,RABV_EA
b3135468-8ee7-4294-b665-66b37c04f439,463,2023-05-08T19:58:21.611556+01:00,barcode07,rabv_ea,11923,6424,6814,370,381,RABV_EA
1934bae6-e785-4c14-bf72-74ff13593111,539,2023-05-08T19:58:20.611556+01:00,barcode07,rabv_ea,11923,10164,10570,373,393,RABV_EA
fa84d0a5-a4d1-40ad-a9c4-a5f1e3805bbc,452,2023-05-08T19:58:58.611556+01:00,barcode07,rabv_ea,11923,8945,9325,342,363,RABV_EA
b727fff6-233d-4ca4-85f0-ba949db61e81,500,2023-05-08T19:58:17.611556+01:00,barcode07,rabv_ea,11923,7703,8081,373,375,RABV_EA
c318a1cb-362d-4580-b786-2fca6861b0f0,444,2023-05-08T19:58:19.611556+01:00,barcode07,rabv_ea,11923,7717,8081,353,357,RABV_EA
047ce972-f7b2-4894-9ddd-895574999d88,899,2023-05-08T19:58:58.611556+01:00,barcode07,?,11923,0,0,358,378,?
2857c297-870d-4169-a217-5bfa30e36fb8,455,2023-05-08T19:58:15.611556+01:00,barcode07,rabv_ea,11923,11111,11494,376,380,RABV_EA
ad566df8-2705-4a02-884b-8574bb395de0,923,2023-05-08T19:58:15.611556+01:00,barcode07,?,11923,0,0,346,367,?
94a903cd-3cb9-45a1-9370-d00f7c9e4ddb,452,2023-05-08T19:58:18.611556+01:00,barcode07,rabv_ea,11923,7076,7467,343,371,RABV_EA
20239711-a4fd-46ca-91fd-19c9302307ff,545,2023-05-08T19:59:02.611556+01:00,barcode07,rabv_ea,11923,10164,10574,381,397,RABV_EA
b3e57894-794c-42d2-840d-ccd78c83db96,449,2023-05-08T19:59:04.611556+01:00,barcode07,rabv_ea,11923,5849,6221,359,365,RABV_EA
af5330ba-8dd2-48ca-8013-b322b7b6792b,848,2023-05-08T19:58:39.611556+01:00,barcode07,?,11923,0,0,335,364,?
c8fec168-9298-4310-a9d6-38c1ba2f139f,483,2023-05-08T19:58:21.611556+01:00,barcode07,rabv_ea,11923,5197,5595,375,390,RABV_EA
c1895892-9256-4344-8a3d-bd1fda22b8ef,436,2023-05-08T19:58:20.611556+01:00,barcode07,rabv_ea,11923,7706,8081,341,356,RABV_EA
96361906-9ad7-4b1f-a4fd-e734f4d5e942,920,2023-05-08T19:58:22.611556+01:00,barcode07,?,11923,0,0,365,371,?
1f38285e-77fc-4384-b141-274d7fa5c15d,482,2023-05-08T19:58:20.611556+01:00,barcode07,rabv_ea,11923,6424,6822,377,395,RABV_EA
36fbaa9a-fa8d-4637-85c5-5b84b4e0325d,475,2023-05-08T19:58:23.611556+01:00,barcode07,rabv_ea,11923,10157,10563,386,396,RABV_EA
899ed87a-2f36-4d7b-ab9c-a80c1a48e81c,887,2023-05-08T19:58:23.611556+01:00,barcode07,?,11923,0,0,351,361,?
d58559e5-6de9-4027-8e18-32fb5024daf9,511,2023-05-08T19:58:06.611556+01:00,barcode07,rabv_ea,11923,6133,6528,377,387,RABV_EA
0d11091e-7598-4cab-9191-617fc6069ff7,878,2023-05-08T19:58:36.611556+01:00,barcode07,?,11923,0,0,392,398,?
a2801b8c-5910-4ccb-aa27-f9f67481b8e4,527,2023-05-08T19:58:21.611556+01:00,barcode07,rabv_ea,11923,5196,5597,368,387,RABV_EA
f83717ee-0205-4061-bb40-d19ab0d9073f,467,2023-05-08T19:58:24.611556+01:00,barcode07,rabv_ea,11923,1576,1958,349,369,RABV_EA
30b5747f-722f-447f-b983-f2a95f717a0f,469,2023-05-08T19:59:12.611556+01:00,barcode07,rabv_ea,11923,5196,5592,383,387,RABV_EA
a48535d1-93fc-49aa-8402-b5e6b5534f47,845,2023-05-08T19:59:11.611556+01:00,barcode07,?,11923,0,0,372,384,?
26683d94-90f8-471e-b228-808b6563de12,508,2023-05-08T19:58:01.611556+01:00,barcode07,rabv_ea,11923,7692,8081,347,371,RABV_EA
c6b31dca-2fbc-4c62-97ce-37fb31871c47,517,2023-05-08T19:57:55.611556+01:00,barcode07,rabv_ea,11923,9854,10259,372,391,RABV_EA
698f5417-3d83-473b-8bfd-d4ff2717368d,1245,2023-05-08T19:58:25.611556+01:00,barcode07,?,11923,0,0,375,386,?
d88606ad-2e79-42c6-b29c-10a72ad60a85,475,2023-05-08T19:58:25.611556+01:00,barcode07,rabv_ea,11923,5196,5595,385,397,RABV_EA
dcd9888f-64ab-45ad-84a6-3692d5763886,451,2023-05-08T19:58:24.611556+01:00,barcode07,rabv_ea,11923,7075,7467,374,379,RABV_EA
61d2a923-6eeb-4646-bc53-aa738dcd4137,451,2023-05-08T19:58:38.611556+01:00,barcode07,rabv_ea,11923,7705,8078,356,364,RABV_EA
cf013ddb-500a-44b4-ad4b-c375ed21b3aa,435,2023-05-08T19:58:15.611556+01:00,barcode07,rabv_ea,11923,5851,6224,341,353,RABV_EA
2e784152-dd1f-49f6-b963-ecee4a1b5801,548,2023-05-08T19:58:17.611556+01:00,barcode07,rabv_ea,11923,10165,10557,356,375,RABV_EA
3d524452-deef-4629-ab4b-eb16cb4b6692,862,2023-05-08T19:58:19.611556+01:00,barcode07,?,11923,0,0,390,401,?
508450ef-036e-4f1a-9cbd-ee980574e684,500,2023-05-08T19:59:03.611556+01:00,barcode07,rabv_ea,11923,4341,4730,369,378,RABV_EA
ed60f29d-a718-41a2-a1ba-592687b13edd,424,2023-05-08T19:58:02.611556+01:00,barcode07,rabv_ea,11923,9185,9325,126,137,RABV_EA
0b88424c-0b51-4fdd-97cb-4174db332270,890,2023-05-08T19:58:36.611556+01:00,barcode07,?,11923,0,0,371,379,?
77f09793-741c-429f-823c-e47c4a659753,607,2023-05-08T19:58:05.611556+01:00,barcode07,rabv_ea,11923,4525,5051,508,522,RABV_EA
17a5adee-a194-487d-b43f-9d9b6f8aede8,439,2023-05-08T19:59:01.611556+01:00,barcode07,rabv_ea,11923,10183,10576,367,374,RABV_EA
6a130d47-94be-4bee-a37b-5f95159963a8,466,2023-05-08T19:59:05.611556+01:00,barcode07,rabv_ea,11923,5211,5608,370,388,RABV_EA
b110c7a1-ed08-4ab3-92a8-00ab8b6e1466,499,2023-05-08T19:58:35.611556+01:00,barcode07,rabv_ea,11923,7691,8081,359,373,RABV_EA
7497e847-bf5e-4267-bfec-99173f92ddaf,450,2023-05-08T19:58:58.611556+01:00,barcode07,rabv_ea,11923,8939,9325,372,379,RABV_EA
2729ed2c-32fc-4613-b116-dd5602d00f23,433,2023-05-08T19:58:15.611556+01:00,barcode07,rabv_ea,11923,8929,9312,338,357,RABV_EA
551385a3-4fec-4fa6-8fdc-6638a3de1174,889,2023-05-08T19:58:13.611556+01:00,barcode07,?,11923,0,0,374,387,?
df2bb489-99dd-4932-beca-9d11b4ebcf32,555,2023-05-08T19:58:14.611556+01:00,barcode07,rabv_ea,11923,7690,7998,297,303,RABV_EA
336941fc-c65f-47b0-97ae-065b217bc643,841,2023-05-08T19:58:01.611556+01:00,barcode07,?,11923,0,0,373,379,?
3821b934-d913-4816-9c80-9fbbf4e717c2,840,2023-05-08T19:57:57.611556+01:00,barcode07,?,11923,0,0,374,386,?
13e64b18-33c9-494f-a078-86810b0f2351,1682,2023-05-08T19:57:48.611556+01:00,barcode07,?,11923,0,0,376,384,?
7a02f351-072e-42de-9150-e3300e0c2079,457,2023-05-08T19:58:03.611556+01:00,barcode07,rabv_ea,11923,5846,6223,360,373,RABV_EA
3fb5e12a-bf75-4899-8503-1bca7c959c10,458,2023-05-08T19:58:11.611556+01:00,barcode07,rabv_ea,11923,5211,5608,348,377,RABV_EA
4d11030d-c0d6-4bdb-ae5c-cf4787d52e0a,244,2023-05-08T19:59:01.611556+01:00,barcode07,rabv_ea,11923,7690,7869,168,172,RABV_EA
4c809b94-eff1-44f5-b0bd-090b401048f5,404,2023-05-08T19:58:49.611556+01:00,barcode07,rabv_ea,11923,8991,9323,292,316,RABV_EA
ad33e826-ae94-4dc2-af32-bbd660651942,538,2023-05-08T19:57:54.611556+01:00,barcode07,rabv_ea,11923,10164,10576,393,407,RABV_EA
3348f132-ed46-4d89-8a2f-261fac5af8c4,507,2023-05-08T19:57:55.611556+01:00,barcode07,rabv_ea,11923,7690,8077,371,376,RABV_EA
5f8b2747-edff-4f5b-a260-96ba0b15bfe4,530,2023-05-08T19:58:15.611556+01:00,barcode07,rabv_ea,11923,10159,10576,382,400,RABV_EA
229986fc-52d1-4f01-b57a-acc321a975be,418,2023-05-08T19:58:13.611556+01:00,barcode07,rabv_ea,11923,6158,6519,307,333,RABV_EA
36a2a529-3844-4543-9838-4fa0987a21da,1264,2023-05-08T19:58:09.611556+01:00,barcode07,?,11923,0,0,367,377,?
ccc14a8c-0ba0-4ed0-9e65-3cf2c3a1ec0e,1129,2023-05-08T19:58:59.611556+01:00,barcode07,?,11923,0,0,338,346,?
9ba11f21-3446-44e7-b9a5-fc314b30ffb3,1125,2023-05-08T19:58:25.611556+01:00,barcode07,?,11923,0,0,375,388,?
3c52bac2-568d-413a-acab-9e9a9714a1f2,1267,2023-05-08T19:58:13.611556+01:00,barcode07,?,11923,0,0,383,391,?
67699940-fd8f-491b-a91f-36883678a813,837,2023-05-08T19:58:25.611556+01:00,barcode07,?,11923,0,0,383,390,?
b15d4e7a-23f4-4f8f-b865-d52de75b7a06,470,2023-05-08T19:58:12.611556+01:00,barcode07,rabv_ea,11923,10164,10561,388,394,RABV_EA
eb016e89-772a-49b9-ac31-2ab45ffd531a,451,2023-05-08T19:58:26.611556+01:00,barcode07,rabv_ea,11923,10182,10570,369,374,RABV_EA
7bd541f7-34a4-4de0-a9ae-b96069c22c6f,916,2023-05-08T19:58:17.611556+01:00,barcode07,?,11923,0,0,360,377,?
9de66dd3-92c8-4745-8b30-71b90c270f46,374,2023-05-08T19:58:18.611556+01:00,barcode07,rabv_ea,11923,9109,9325,200,215,RABV_EA
f756db14-1058-40d9-bbc2-46fc501d36f5,550,2023-05-08T19:58:16.611556+01:00,barcode07,rabv_ea,11923,7690,7969,264,273,RABV_EA
6ff9dc62-7f89-490e-bc3f-f8468905c42c,861,2023-05-08T19:58:08.611556+01:00,barcode07,?,11923,0,0,373,386,?
27fb7f92-0e2d-4865-84d8-ab777b5ca5ac,686,2023-05-08T19:58:25.611556+01:00,barcode07,?,11923,0,0,371,375,?
51338f24-cb05-4bc4-ac28-e2baead8be02,473,2023-05-08T19:58:11.611556+01:00,barcode07,rabv_ea,11923,10181,10576,309,334,RABV_EA
dc06c700-9e25-4e41-a912-707203d5fb60,525,2023-05-08T19:58:09.611556+01:00,barcode07,rabv_ea,11923,8927,9325,374,393,RABV_EA
0dd429ea-e0ec-4e7c-9a61-3243d65248b4,516,2023-05-08T19:58:46.611556+01:00,barcode07,rabv_ea,11923,7690,8079,385,386,RABV_EA
d299fffe-3e5a-4456-856f-6b9f245bbe5a,489,2023-05-08T19:58:45.611556+01:00,barcode07,rabv_ea,11923,4894,5279,358,378,RABV_EA
142702e1-5359-475d-8078-42f1dcc07e6b,888,2023-05-08T19:58:48.611556+01:00,barcode07,?,11923,0,0,374,394,?
290f94ba-c422-4cb3-ab9f-4b655dfa7e24,528,2023-05-08T19:58:47.611556+01:00,barcode07,rabv_ea,11923,9852,10258,381,396,RABV_EA
106b91b2-85ad-435d-9215-8b5642247df6,1270,2023-05-08T19:58:08.611556+01:00,barcode07,?,11923,0,0,370,378,?
8227ea52-82bb-486d-9bb9-c0d043b4cb36,663,2023-05-08T19:58:09.611556+01:00,barcode07,rabv_ea,11923,7690,8002,307,310,RABV_EA
37b6c32e-1add-4855-8f72-02fcffccf5d4,1292,2023-05-08T19:58:06.611556+01:00,barcode07,?,11923,0,0,388,401,?
2bbde859-6984-48db-a21d-056605462c88,456,2023-05-08T19:58:07.611556+01:00,barcode07,rabv_ea,11923,5198,5570,332,349,RABV_EA
0b318b48-4c95-461b-aa53-79ef2980a312,500,2023-05-08T19:58:08.611556+01:00,barcode07,rabv_ea,11923,7697,8081,352,367,RABV_EA
0f931fff-b834-47fe-84af-2b986c536e1a,332,2023-05-08T19:58:47.611556+01:00,barcode07,rabv_ea,11923,10164,10345,175,179,RABV_EA
1c877b1a-3603-402f-8eb4-f43c97d542e6,494,2023-05-08T19:57:56.611556+01:00,barcode07,rabv_ea,11923,10164,10443,262,272,RABV_EA
a54acdb8-6fad-4745-8825-85ce20f622bb,482,2023-05-08T19:58:18.611556+01:00,barcode07,rabv_ea,11923,4637,5036,370,385,RABV_EA
5eaf2c4f-25ba-45de-ba1e-5053dbabf412,510,2023-05-08T19:58:49.611556+01:00,barcode07,rabv_ea,11923,7690,8081,376,382,RABV_EA
c64fa364-413e-4436-b5fb-6780ff3325ff,444,2023-05-08T19:57:58.611556+01:00,barcode07,rabv_ea,11923,7704,8081,345,365,RABV_EA
4431a5c6-45c8-4105-bbae-a73b3708f9bb,944,2023-05-08T19:58:57.611556+01:00,barcode07,?,11923,0,0,392,405,?
97076176-9fc2-4655-9bce-70becb9aa2dd,1943,2023-05-08T19:57:36.611556+01:00,barcode07,?,11923,0,0,386,396,?
a8b76c30-171e-4122-af79-46e121b0cca9,456,2023-05-08T19:58:15.611556+01:00,barcode07,rabv_ea,11923,7703,8081,352,363,RABV_EA
c985cce3-a7c0-46a5-b0d9-f603c651de4d,743,2023-05-08T19:58:13.611556+01:00,barcode07,?,11923,0,0,362,382,?
224b1d1b-704b-48d1-852a-ea01b63ba4d7,930,2023-05-08T19:57:53.611556+01:00,barcode07,?,11923,0,0,359,374,?
b843bf1b-ebc7-4a51-a697-c63eb0c64c9d,514,2023-05-08T19:57:53.611556+01:00,barcode07,rabv_ea,11923,6133,6528,369,383,RABV_EA
574a58f9-1187-466c-93d9-d4dda39e7b26,869,2023-05-08T19:58:08.611556+01:00,barcode07,?,11923,0,0,373,393,?
870d4043-290a-41eb-b5de-19eb57a312a5,912,2023-05-08T19:57:54.611556+01:00,barcode07,?,11923,0,0,373,390,?
393d9ba7-d148-480e-bc99-0de3e15b6635,520,2023-05-08T19:58:40.611556+01:00,barcode07,rabv_ea,11923,10164,10573,373,392,RABV_EA
0c47d904-3c93-4751-bc2d-11d966710b7e,855,2023-05-08T19:58:08.611556+01:00,barcode07,?,11923,0,0,373,381,?
4ecf009f-8357-4c61-a73e-52f9b4b08f6c,442,2023-05-08T19:57:54.611556+01:00,barcode07,rabv_ea,11923,6149,6509,334,347,RABV_EA
af0fe5ef-5a1b-4e8a-81a5-87d2eaacccb8,520,2023-05-08T19:57:55.611556+01:00,barcode07,rabv_ea,11923,10164,10570,369,388,RABV_EA
26bec263-b693-4a95-88af-569d2eb8e9ae,453,2023-05-08T19:58:28.611556+01:00,barcode07,rabv_ea,11923,7703,8081,350,367,RABV_EA
62aea018-dd0c-4b49-aa7f-48cc8e5d2e34,463,2023-05-08T19:58:13.611556+01:00,barcode07,rabv_ea,11923,10178,10576,387,390,RABV_EA
0a7fd409-89e4-4bee-b1b7-ac7dc8a88a12,463,2023-05-08T19:57:55.611556+01:00,barcode07,rabv_ea,11923,9851,10220,355,362,RABV_EA
f6f80bf5-5ec6-4204-870f-7a307b9cbb29,242,2023-05-08T19:57:34.611556+01:00,barcode07,rabv_ea,11923,7311,7458,139,140,RABV_EA
0b822633-24ba-4cd3-9e03-119b77b49760,1531,2023-05-08T19:57:54.611556+01:00,barcode07,?,11923,0,0,381,394,?
8f389d4b-0ea3-41cf-a5cb-4cd071aa6ec6,467,2023-05-08T19:57:37.611556+01:00,barcode07,rabv_ea,11923,9858,10238,366,375,RABV_EA
5aec8285-763c-4fd5-96c4-757d4743dc6a,536,2023-05-08T19:58:13.611556+01:00,barcode07,rabv_ea,11923,1551,1944,385,388,RABV_EA
f60eb1a9-4b65-47f1-a80a-b43541aa37eb,458,2023-05-08T19:57:39.611556+01:00,barcode07,rabv_ea,11923,3383,3778,375,382,RABV_EA
0fcf7ba7-7168-40a9-bd1b-f42daea13ed4,906,2023-05-08T19:58:46.611556+01:00,barcode07,?,11923,0,0,381,388,?
2690ba33-a2be-4f1d-9157-4c38f2dc73d0,535,2023-05-08T19:58:03.611556+01:00,barcode07,rabv_ea,11923,9851,10263,384,401,RABV_EA
a13c7a88-dd02-434f-a892-774dc9e71406,772,2023-05-08T19:58:00.611556+01:00,barcode07,?,11923,0,0,365,387,?
8df1c079-076d-4f9e-8a89-bd6cad9f5011,474,2023-05-08T19:58:17.611556+01:00,barcode07,rabv_ea,11923,10164,10562,373,390,RABV_EA
ac38e01b-a7cf-4187-adc8-8d404f46d148,533,2023-05-08T19:58:05.611556+01:00,barcode07,rabv_ea,11923,10191,10574,354,369,RABV_EA
b3ca4f95-b431-4ff3-8339-f64db24608b2,452,2023-05-08T19:57:53.611556+01:00,barcode07,rabv_ea,11923,1567,1958,364,377,RABV_EA
fba2d864-0647-4961-ac0b-77b581709bf6,250,2023-05-08T19:58:07.611556+01:00,barcode07,?,11923,0,0,137,138,?
2b00faa8-83c9-4323-9f92-3736cbe4559c,534,2023-05-08T19:58:05.611556+01:00,barcode07,rabv_ea,11923,10164,10580,373,402,RABV_EA
0c27101b-cb6c-4a3f-bf09-6e32b7e3a9da,485,2023-05-08T19:57:58.611556+01:00,barcode07,rabv_ea,11923,5198,5589,380,387,RABV_EA
89fa0b1a-c389-4848-9407-2a63ca0d83d5,1308,2023-05-08T19:57:44.611556+01:00,barcode07,?,11923,0,0,373,376,?
90b347a7-c1f9-4f60-83d8-57dc1ac69495,2052,2023-05-08T19:57:43.611556+01:00,barcode07,?,11923,0,0,380,385,?
0a3a03f7-fa1d-4329-99de-71890b2bfdbb,1188,2023-05-08T19:58:03.611556+01:00,barcode07,rabv_ea,11923,4656,5608,716,769,RABV_EA
278b3c3b-4d44-4896-a736-b9b26024ddeb,742,2023-05-08T19:58:05.611556+01:00,barcode07,rabv_ea,11923,10164,10526,343,353,RABV_EA
e543c467-7f6e-43cd-a800-4e6ab0d7c280,387,2023-05-08T19:57:56.611556+01:00,barcode07,rabv_ea,11923,6498,6828,300,308,RABV_EA
ec540408-f486-4ad6-b14f-bcc436c700a1,210,2023-05-08T19:57:57.611556+01:00,barcode07,rabv_ea,11923,6133,6267,125,132,RABV_EA
3720f90f-7932-42b5-beea-bb77304006e9,451,2023-05-08T19:57:57.611556+01:00,barcode07,rabv_ea,11923,10181,10553,332,353,RABV_EA
f87b29d5-d9e0-48ad-b853-c9070283bef1,457,2023-05-08T19:58:09.611556+01:00,barcode07,rabv_ea,11923,10164,10562,349,375,RABV_EA
d878b45c-0de7-481f-97fd-bbe829cfa7c1,463,2023-05-08T19:58:08.611556+01:00,barcode07,rabv_ea,11923,1567,1958,367,376,RABV_EA
69089043-7862-4de5-9ff9-93c312d1e095,612,2023-05-08T19:58:08.611556+01:00,barcode07,?,11923,0,0,223,230,?
dade8b58-f24c-49c7-8be4-73a6e7478b00,850,2023-05-08T19:57:53.611556+01:00,barcode07,?,11923,0,0,370,384,?
f6101ae4-a984-44a9-9816-8a1bce00107a,528,2023-05-08T19:58:09.611556+01:00,barcode07,rabv_ea,11923,9857,10259,389,395,RABV_EA
917f634c-335e-4d81-9914-299ada0e8422,832,2023-05-08T19:57:50.611556+01:00,barcode07,?,11923,0,0,368,381,?
b34fb43e-f142-4d57-884f-eb0eb0fc9f5c,887,2023-05-08T19:57:58.611556+01:00,barcode07,?,11923,0,0,378,388,?
18bca3e0-5ebb-462a-ab7f-a374b9b655e9,515,2023-05-08T19:57:50.611556+01:00,barcode07,rabv_ea,11923,10172,10576,366,376,RABV_EA
9ac65045-0554-4dd4-bd34-3a5d12cd3d44,597,2023-05-08T19:58:07.611556+01:00,barcode07,rabv_ea,11923,9851,10262,386,392,RABV_EA
58327777-739b-4db3-b617-23da3eb6e5a9,468,2023-05-08T19:57:47.611556+01:00,barcode07,rabv_ea,11923,10164,10557,375,385,RABV_EA
e62f47dd-7979-4ccd-844d-d5509b7aa244,1293,2023-05-08T19:58:12.611556+01:00,barcode07,?,11923,0,0,351,360,?
3986fe62-27d6-471a-9c12-1585f4aeabb9,447,2023-05-08T19:57:29.611556+01:00,barcode07,rabv_ea,11923,5854,6223,336,358,RABV_EA
9eaede20-db99-4f27-94c6-5f7bc0b9dc89,860,2023-05-08T19:58:08.611556+01:00,barcode07,?,11923,0,0,379,392,?
948b6d59-101a-4c7d-a040-2418521eb992,864,2023-05-08T19:57:28.611556+01:00,barcode07,?,11923,0,0,388,403,?
e7d60098-4960-4601-9815-6eaec80850d7,373,2023-05-08T19:58:08.611556+01:00,barcode07,rabv_ea,11923,9109,9302,179,189,RABV_EA
a09bdc87-a51f-437d-abc9-d9ef7b6b69d1,434,2023-05-08T19:58:12.611556+01:00,barcode07,rabv_ea,11923,7729,8081,337,345,RABV_EA
c28cf8ce-7c1f-4978-b181-415e071b231f,513,2023-05-08T19:57:52.611556+01:00,barcode07,rabv_ea,11923,7690,8081,379,388,RABV_EA
bf4c0bec-1ed2-413c-bb0e-c94dc687532e,452,2023-05-08T19:57:47.611556+01:00,barcode07,rabv_ea,11923,9875,10263,361,373,RABV_EA
7cc95adb-3eea-4755-acd1-b0254ad6a6c9,538,2023-05-08T19:58:01.611556+01:00,barcode07,rabv_ea,11923,10172,10576,392,402,RABV_EA
d5ecb7a9-cf44-433a-8bed-4c41f38dc021,473,2023-05-08T19:57:17.611556+01:00,barcode07,rabv_ea,11923,10164,10561,376,389,RABV_EA
1b4fc60e-c434-48cc-aeb5-45b81484fa4c,822,2023-05-08T19:57:48.611556+01:00,barcode07,?,11923,0,0,359,366,?
dc5aa096-2dc9-4892-aace-eb63400fad21,1347,2023-05-08T19:57:45.611556+01:00,barcode07,?,11923,0,0,363,374,?
633b53ba-df4d-4953-8618-26b30a989972,882,2023-05-08T19:57:50.611556+01:00,barcode07,?,11923,0,0,393,400,?
22a24217-a4af-4e26-8b06-b03d95c7f0c2,475,2023-05-08T19:57:53.611556+01:00,barcode07,rabv_ea,11923,4626,5035,385,401,RABV_EA
a2c4e8c2-a4c1-40d2-9775-7fdc07d89c7f,244,2023-05-08T19:57:55.611556+01:00,barcode07,rabv_ea,11923,5197,5365,160,166,RABV_EA
262eddcc-56c4-4c39-954a-3c48c890de8e,455,2023-05-08T19:57:52.611556+01:00,barcode07,rabv_ea,11923,7703,8081,365,373,RABV_EA
ba61c3f1-83b0-4fd3-a52b-7524b5bc6703,452,2023-05-08T19:57:21.611556+01:00,barcode07,rabv_ea,11923,9851,10236,348,362,RABV_EA
e06e2927-1de4-4c63-83f8-ce3694249f9e,1037,2023-05-08T19:57:18.611556+01:00,barcode07,?,11923,0,0,371,378,?
e5fbc5e1-f29f-4b5d-9ff6-279eb45da43c,444,2023-05-08T19:57:55.611556+01:00,barcode07,rabv_ea,11923,7712,8081,333,349,RABV_EA
c8acca3d-b78a-497f-8f5e-92c792d97872,867,2023-05-08T19:57:28.611556+01:00,barcode07,?,11923,0,0,396,400,?
e82b49ac-0609-466e-8599-01dbdf2b72f0,438,2023-05-08T19:57:52.611556+01:00,barcode07,rabv_ea,11923,7703,8081,361,366,RABV_EA
bb0e32a4-5b77-43be-abac-602bf496ade7,473,2023-05-08T19:57:46.611556+01:00,barcode07,rabv_ea,11923,3402,3791,377,384,RABV_EA
05cfdfbb-dfa3-4de9-b08d-afa7ce25eddc,443,2023-05-08T19:57:20.611556+01:00,barcode07,rabv_ea,11923,5854,6222,339,349,RABV_EA
bb616011-1d9e-4f82-bd8c-7211f568e1c4,1022,2023-05-08T19:58:03.611556+01:00,barcode07,?,11923,0,0,382,391,?
39e9dfcf-ef49-447b-9b8d-dd64e81ef8d8,503,2023-05-08T19:57:25.611556+01:00,barcode07,rabv_ea,11923,7684,8081,373,382,RABV_EA
4209e2f2-5897-4c63-b0f7-47238d4bcf96,509,2023-05-08T19:57:25.611556+01:00,barcode07,rabv_ea,11923,8927,9325,378,386,RABV_EA
15cf3dc0-3221-4a3d-b988-389d686e2d61,928,2023-05-08T19:57:51.611556+01:00,barcode07,?,11923,0,0,397,401,?
ff747afa-9aed-42b1-9195-028f649fe5d6,1302,2023-05-08T19:58:03.611556+01:00,barcode07,?,11923,0,0,384,394,?
f067f520-dcdc-4122-8f3e-9453b3e2ae9a,1282,2023-05-08T19:57:43.611556+01:00,barcode07,?,11923,0,0,396,402,?
b3e14d3d-c4fb-44da-a37c-408f7e531661,1256,2023-05-08T19:57:51.611556+01:00,barcode07,?,11923,0,0,715,766,?
5783dd7a-a6db-4144-ace1-39620e002cf2,444,2023-05-08T19:58:05.611556+01:00,barcode07,rabv_ea,11923,7706,8055,328,340,RABV_EA
80961df7-7fdb-4463-b77d-114b79473498,848,2023-05-08T19:57:49.611556+01:00,barcode07,?,11923,0,0,390,399,?
5c5ae264-39c6-441e-8395-860fb6cf7aef,701,2023-05-08T19:57:52.611556+01:00,barcode07,?,11923,0,0,371,382,?
b76227ed-1daf-4b57-b48a-245fb1fe97f5,504,2023-05-08T19:57:45.611556+01:00,barcode07,rabv_ea,11923,7693,8081,359,374,RABV_EA
a6dfecf4-854d-4dc1-be3a-8ce72119a18d,2136,2023-05-08T19:57:31.611556+01:00,barcode07,?,11923,0,0,388,398,?
d5fe832d-3a3a-47ec-baf6-1294d12564f6,424,2023-05-08T19:57:48.611556+01:00,barcode07,rabv_ea,11923,7706,8075,342,354,RABV_EA
027adbd6-3652-41a8-bd20-6249a9eec74f,435,2023-05-08T19:57:45.611556+01:00,barcode07,rabv_ea,11923,9054,9311,234,250,RABV_EA
1c860b6d-fb25-45e1-88b0-c4e3f9f89ada,460,2023-05-08T19:57:46.611556+01:00,barcode07,rabv_ea,11923,9851,10247,378,384,RABV_EA
a31f5d0a-ef42-4d3d-ae26-8d9503864041,906,2023-05-08T19:57:43.611556+01:00,barcode07,?,11923,0,0,364,379,?
529cecf4-6455-4883-816a-935f94ead0c2,454,2023-05-08T19:57:18.611556+01:00,barcode07,rabv_ea,11923,8941,9325,344,366,RABV_EA
09d225cc-e9b6-438d-9620-fd5c515ae7b7,464,2023-05-08T19:57:50.611556+01:00,barcode07,rabv_ea,11923,6437,6829,365,379,RABV_EA
07d5277e-c633-41e9-bef2-c506710979e0,1288,2023-05-08T19:57:50.611556+01:00,barcode07,?,11923,0,0,399,401,?
eab75389-f27f-4e6e-8feb-e59d834e11c8,515,2023-05-08T19:57:38.611556+01:00,barcode07,rabv_ea,11923,5196,5608,383,392,RABV_EA
c992f4d4-19e7-422e-ad44-0a435c606529,454,2023-05-08T19:57:52.611556+01:00,barcode07,rabv_ea,11923,11114,11494,363,375,RABV_EA
c2a5881b-3a3b-438a-b1de-af9b9ec5c260,496,2023-05-08T19:57:19.611556+01:00,barcode07,rabv_ea,11923,1620,1958,312,321,RABV_EA
00fe7fe3-79b5-4563-bfcd-2ef4dfa08f96,1591,2023-05-08T19:57:50.611556+01:00,barcode07,?,11923,0,0,385,400,?
483abc31-16f0-4c9c-aa18-b8a659a1b8eb,501,2023-05-08T19:57:43.611556+01:00,barcode07,rabv_ea,11923,7692,8081,362,375,RABV_EA
a6851c46-9579-4649-b673-538cdb004915,439,2023-05-08T19:57:53.611556+01:00,barcode07,rabv_ea,11923,7714,8081,359,365,RABV_EA
b41ed838-57b9-4122-9c5b-51ce7cad4818,463,2023-05-08T19:57:17.611556+01:00,barcode07,rabv_ea,11923,9851,10249,374,381,RABV_EA
cc1aaace-ac36-4230-bcb2-43b6de0152dc,458,2023-05-08T19:57:46.611556+01:00,barcode07,rabv_ea,11923,3383,3765,336,362,RABV_EA
307875a3-7c24-490f-865d-db0784ef6cdd,840,2023-05-08T19:57:44.611556+01:00,barcode07,?,11923,0,0,373,388,?
26bb0669-31f5-40cc-afcb-cee5a6f68fb9,849,2023-05-08T19:57:47.611556+01:00,barcode07,?,11923,0,0,372,387,?
57b18e8b-343d-4136-9f6a-ebc1232a7e47,503,2023-05-08T19:57:26.611556+01:00,barcode07,rabv_ea,11923,7690,8080,359,374,RABV_EA
7b3db37e-442a-4521-ab29-7c79c6c9db5d,458,2023-05-08T19:57:27.611556+01:00,barcode07,rabv_ea,11923,7074,7467,373,384,RABV_EA
ba94ef7d-a50f-46e6-920b-1b6b3e4226c8,516,2023-05-08T19:57:09.611556+01:00,barcode07,rabv_ea,11923,7690,8081,381,386,RABV_EA
3c4d708c-a280-415b-8d22-36a7d90fdeaa,870,2023-05-08T19:57:45.611556+01:00,barcode07,?,11923,0,0,389,398,?
bd05a92b-e031-483e-b454-7ae1922d5001,457,2023-05-08T19:57:43.611556+01:00,barcode07,rabv_ea,11923,70,459,350,367,RABV_EA
b398ea0d-7f82-4a81-bacd-d3195c867e73,610,2023-05-08T19:57:35.611556+01:00,barcode07,?,11923,0,0,365,377,?
b778ba39-5962-4bd4-9e3c-b3346c3d6f98,453,2023-05-08T19:57:45.611556+01:00,barcode07,rabv_ea,11923,9851,10244,364,374,RABV_EA
12b9e8d8-176f-4512-a86b-b6ea1a6af91c,526,2023-05-08T19:57:26.611556+01:00,barcode07,rabv_ea,11923,7690,8081,363,377,RABV_EA
9a9bc05a-9470-4f74-ade5-98c351530e1c,1318,2023-05-08T19:57:47.611556+01:00,barcode07,?,11923,0,0,387,394,?
3bb6b2af-ef4c-44b7-8ffd-88a4da0c558f,457,2023-05-08T19:57:47.611556+01:00,barcode07,rabv_ea,11923,1561,1935,332,358,RABV_EA
01896993-4ef2-4e97-b681-ae04cd10b8b2,461,2023-05-08T19:57:54.611556+01:00,barcode07,rabv_ea,11923,5196,5596,350,378,RABV_EA
b9a6a212-29e2-4257-9fc6-52c85f269980,1352,2023-05-08T19:57:38.611556+01:00,barcode07,?,11923,0,0,396,407,?
ede6b083-7e46-4e3e-a0d8-1af7e272ea56,1211,2023-05-08T19:57:19.611556+01:00,barcode07,?,11923,0,0,635,666,?
20f524da-41e7-415a-974b-7ac34fa9f34a,854,2023-05-08T19:57:15.611556+01:00,barcode07,?,11923,0,0,382,388,?
a51d04b4-8def-4171-b85b-5ecf25a513d8,918,2023-05-08T19:57:13.611556+01:00,barcode07,?,11923,0,0,392,395,?
d8df6524-62cb-4786-879a-98e0f186ea02,916,2023-05-08T19:57:13.611556+01:00,barcode07,?,11923,0,0,380,382,?
48459fdc-f2f4-4f5e-9002-0e98b09d511d,442,2023-05-08T19:57:11.611556+01:00,barcode07,rabv_ea,11923,8927,9304,345,361,RABV_EA
dd002c9e-b629-4225-aabd-935fa3476558,517,2023-05-08T19:57:08.611556+01:00,barcode07,rabv_ea,11923,6424,6827,377,388,RABV_EA
98d12589-236e-4e3c-8586-578ff1f9b007,466,2023-05-08T19:57:11.611556+01:00,barcode07,rabv_ea,11923,5212,5593,361,368,RABV_EA
407fcddc-fd91-48db-b7ea-25e550f72efc,880,2023-05-08T19:57:11.611556+01:00,barcode07,rabv_ea,11923,4646,5608,733,782,RABV_EA
5c0adada-091f-493a-9258-be52e221048b,1283,2023-05-08T19:57:25.611556+01:00,barcode07,?,11923,0,0,403,409,?
0185e742-b740-4af1-9e09-dc1fc177e045,500,2023-05-08T19:57:27.611556+01:00,barcode07,rabv_ea,11923,9851,10252,364,385,RABV_EA
0953dee3-30b8-4bdf-8127-1c30a3c72dc6,766,2023-05-08T19:57:25.611556+01:00,barcode07,?,11923,0,0,395,398,?
65f8e17a-ea3f-48aa-9060-2672420d24e7,444,2023-05-08T19:57:17.611556+01:00,barcode07,rabv_ea,11923,7703,8081,353,366,RABV_EA
2f147eda-5119-4bd0-b0e3-2bfc847976c6,534,2023-05-08T19:57:26.611556+01:00,barcode07,rabv_ea,11923,10164,10573,383,393,RABV_EA
a23fad2c-81be-4f50-9b36-5d2fd4b510d3,442,2023-05-08T19:57:28.611556+01:00,barcode07,rabv_ea,11923,7706,8081,365,370,RABV_EA
e3aadcff-05a1-46f6-ad83-ea1b3068c395,450,2023-05-08T19:57:35.611556+01:00,barcode07,rabv_ea,11923,7690,8068,354,363,RABV_EA
bc0690c3-dea0-4c81-ac0c-b601e359b6b6,502,2023-05-08T19:57:15.611556+01:00,barcode07,rabv_ea,11923,7696,8063,338,352,RABV_EA
0b72240e-a854-463b-96d6-ac08519ccc5e,518,2023-05-08T19:57:13.611556+01:00,barcode07,rabv_ea,11923,7690,8081,387,389,RABV_EA
ef6ec3fb-70f3-4629-a4f7-19346a527ef8,1315,2023-05-08T19:57:33.611556+01:00,barcode07,?,11923,0,0,396,401,?
a405701e-4686-4ac7-adb6-7ca28cd09172,1292,2023-05-08T19:57:33.611556+01:00,barcode07,?,11923,0,0,396,403,?
951e38b9-0fc9-4c63-ac9a-9f3e03db649e,303,2023-05-08T19:57:10.611556+01:00,barcode07,*,0,0,0,0,0,*
7d6f135e-e5b6-4218-9cca-0ded7226ee70,855,2023-05-08T19:57:36.611556+01:00,barcode07,?,11923,0,0,384,394,?
f91a3a0c-24c0-43b1-93b8-df4675dc4883,457,2023-05-08T19:57:34.611556+01:00,barcode07,rabv_ea,11923,5199,5596,374,381,RABV_EA
b174999d-69fc-479b-a61a-3e598165c48f,473,2023-05-08T19:57:31.611556+01:00,barcode07,rabv_ea,11923,10174,10563,354,377,RABV_EA
86e89d8d-8c8b-49b5-80ff-9de519d0a9ad,1269,2023-05-08T19:57:40.611556+01:00,barcode07,rabv_ea,11923,11097,11796,636,675,RABV_EA
03024d6c-63b7-4b52-9a53-c23b664bb698,510,2023-05-08T19:57:40.611556+01:00,barcode07,rabv_ea,11923,7703,8081,371,374,RABV_EA
73572b14-b071-459b-ab79-863348d72467,516,2023-05-08T19:57:37.611556+01:00,barcode07,rabv_ea,11923,8935,9325,370,380,RABV_EA
37dbb530-79ad-4834-b892-e135296979d2,862,2023-05-08T19:57:10.611556+01:00,barcode07,?,11923,0,0,366,380,?
92d78054-eae0-4f96-a602-8adb63b7a4da,870,2023-05-08T19:57:39.611556+01:00,barcode07,?,11923,0,0,375,381,?
0873bcd5-0289-4977-88c5-d770fe8f22ed,448,2023-05-08T19:57:36.611556+01:00,barcode07,rabv_ea,11923,6133,6515,367,371,RABV_EA
ab1f2cb4-7cc1-40c6-80dd-ce4c12a57de8,516,2023-05-08T19:57:35.611556+01:00,barcode07,rabv_ea,11923,7690,8081,366,379,RABV_EA
2de7682b-0ad3-4fe9-a136-a2c111f6ef71,469,2023-05-08T19:57:40.611556+01:00,barcode07,rabv_ea,11923,6437,6830,376,385,RABV_EA
4c9af3e8-0ec0-4c25-aa86-98cb63e5bcab,864,2023-05-08T19:57:22.611556+01:00,barcode07,?,11923,0,0,375,393,?
9b414eb9-f10a-4393-9910-d3fc916ecfb7,531,2023-05-08T19:57:06.611556+01:00,barcode07,rabv_ea,11923,9851,10263,405,406,RABV_EA
a62e1993-c060-44c0-ac19-01f074d87633,1255,2023-05-08T19:57:39.611556+01:00,barcode07,?,11923,0,0,367,372,?
5de1fc2f-98a5-4ac8-9941-f30bbf564928,874,2023-05-08T19:57:02.611556+01:00,barcode07,?,11923,0,0,379,394,?
8186702f-366e-4a8e-b4a5-5d8ce0418e65,471,2023-05-08T19:57:37.611556+01:00,barcode07,rabv_ea,11923,10164,10563,386,393,RABV_EA
0d2c5646-eb66-4a69-9b01-20319160d2ba,831,2023-05-08T19:57:36.611556+01:00,barcode07,?,11923,0,0,367,379,?
b891beaa-122c-4cf9-84e5-e720fc79a258,884,2023-05-08T19:57:12.611556+01:00,barcode07,?,11923,0,0,396,407,?
6498c5d9-9948-4ede-8545-38ebec0f4a81,463,2023-05-08T19:57:17.611556+01:00,barcode07,rabv_ea,11923,6424,6804,351,362,RABV_EA
27720659-d437-4996-8d13-f0807fd87f81,457,2023-05-08T19:57:15.611556+01:00,barcode07,rabv_ea,11923,7710,8061,337,343,RABV_EA
d3b9fc84-3682-4a27-bcb8-7c60d2917e93,931,2023-05-08T19:57:37.611556+01:00,barcode07,?,11923,0,0,374,388,?
61dfdcd8-1545-4c19-86da-a1102bc6b8d0,859,2023-05-08T19:57:12.611556+01:00,barcode07,?,11923,0,0,365,375,?
c9eb3abe-cd3c-42b0-bc0d-d27415dca1a0,355,2023-05-08T19:57:15.611556+01:00,barcode07,?,11923,0,0,196,197,?
7169c09a-4a5d-4380-a3cd-e68fbac8872c,529,2023-05-08T19:57:08.611556+01:00,barcode07,rabv_ea,11923,10163,10576,384,400,RABV_EA
92519591-a4fa-4d8d-8e8d-39e21f4ce703,522,2023-05-08T19:57:06.611556+01:00,barcode07,rabv_ea,11923,10164,10576,375,394,RABV_EA
7b3091e4-f5ba-46e7-839c-de27b8d61a23,454,2023-05-08T19:57:06.611556+01:00,barcode07,rabv_ea,11923,11407,11796,369,381,RABV_EA
51365ad2-3086-49ab-9926-36c410995ebc,441,2023-05-08T19:56:53.611556+01:00,barcode07,rabv_ea,11923,7708,8064,326,344,RABV_EA
43cfb917-5df9-4430-976b-c8d4ade10cbd,476,2023-05-08T19:57:02.611556+01:00,barcode07,rabv_ea,11923,10164,10561,366,389,RABV_EA
961a6a4c-3f18-4251-b311-09145000649a,457,2023-05-08T19:57:30.611556+01:00,barcode07,rabv_ea,11923,4910,5299,373,382,RABV_EA
9deafb40-acdc-46cf-857d-0838cd20dea3,924,2023-05-08T19:57:33.611556+01:00,barcode07,?,11923,0,0,381,386,?
dc5eec5f-3330-4d21-bdd2-00ee4b25e24e,856,2023-05-08T19:57:31.611556+01:00,barcode07,?,11923,0,0,372,381,?
3a2acc07-1e0d-45c2-9d2b-6504db60b890,475,2023-05-08T19:57:35.611556+01:00,barcode07,rabv_ea,11923,6737,7137,385,389,RABV_EA
a540906d-d5f1-4bc6-9a35-f9cb669b18a6,504,2023-05-08T19:57:37.611556+01:00,barcode07,rabv_ea,11923,7693,8077,368,377,RABV_EA
88ed7d94-9bcc-4b66-9d02-dbdf01f256b0,2293,2023-05-08T19:56:58.611556+01:00,barcode07,?,11923,0,0,377,398,?
437ff82a-0982-4b39-81cb-9a66b36019bd,467,2023-05-08T19:56:52.611556+01:00,barcode07,rabv_ea,11923,3383,3773,368,384,RABV_EA
4b610f87-a5d0-452b-bf09-f4d363e075cb,1354,2023-05-08T19:57:31.611556+01:00,barcode07,rabv_ea,11923,5209,5609,390,397,RABV_EA
69dd3f2b-0af7-4f74-9413-8686e50f7822,1708,2023-05-08T19:56:50.611556+01:00,barcode07,?,11923,0,0,389,401,?
b4b47460-089b-4f68-8fd2-1433669fe62c,449,2023-05-08T19:56:53.611556+01:00,barcode07,rabv_ea,11923,7702,8081,365,372,RABV_EA
fd2e3746-4110-44a6-bbb4-4dfe3d1cbfff,412,2023-05-08T19:57:02.611556+01:00,barcode07,rabv_ea,11923,6485,6829,324,338,RABV_EA
a8e25d99-a9e3-4932-9248-b3cb43b4c9d4,533,2023-05-08T19:57:37.611556+01:00,barcode07,rabv_ea,11923,10170,10576,399,402,RABV_EA
f9767b43-0789-4198-93b7-234443691479,1729,2023-05-08T19:57:31.611556+01:00,barcode07,?,11923,0,0,394,413,?
b25d0b32-45fb-4f71-9010-c5ec86ab273c,451,2023-05-08T19:56:47.611556+01:00,barcode07,rabv_ea,11923,7704,8061,335,352,RABV_EA
cb235ce0-0df2-405e-8db1-11fa7ad35631,2142,2023-05-08T19:56:40.611556+01:00,barcode07,?,11923,0,0,381,388,?
d720a0a0-9cf6-41dc-bbb2-520a2d46be0e,1661,2023-05-08T19:57:28.611556+01:00,barcode07,?,11923,0,0,1018,1137,?
24a715e5-355b-4256-bf09-974d0fe835a4,450,2023-05-08T19:57:03.611556+01:00,barcode07,rabv_ea,11923,8941,9325,351,365,RABV_EA
a1f24099-d8b5-4d8a-96d9-887c420ae591,521,2023-05-08T19:57:31.611556+01:00,barcode07,rabv_ea,11923,7703,8097,384,387,RABV_EA
1b377d4a-0a7a-424e-ba13-dd3c9abf6433,508,2023-05-08T19:57:01.611556+01:00,barcode07,rabv_ea,11923,1561,1958,353,369,RABV_EA
7c091d96-d749-4da1-9e22-971c11646c4a,1268,2023-05-08T19:57:23.611556+01:00,barcode07,?,11923,0,0,398,408,?
279886b1-b4ec-4638-bd18-ac6b0e4389a7,866,2023-05-08T19:56:49.611556+01:00,barcode07,?,11923,0,0,382,398,?
429ecfae-bd52-40f8-83d8-bdcfbf4f8ae8,472,2023-05-08T19:57:30.611556+01:00,barcode07,rabv_ea,11923,1563,1940,366,370,RABV_EA
dc6ed2de-fe4b-45cb-a51b-f5ad9ce19676,864,2023-05-08T19:57:32.611556+01:00,barcode07,?,11923,0,0,369,384,?
b2ab86e8-42ed-49e5-950a-87e7fe85bf25,737,2023-05-08T19:57:33.611556+01:00,barcode07,?,11923,0,0,368,382,?
1c18f527-03da-49d7-b40e-b4398a8b54db,847,2023-05-08T19:57:29.611556+01:00,barcode07,?,11923,0,0,362,370,?
1466f6d0-e773-40ec-a43f-ec799653a4a3,500,2023-05-08T19:57:36.611556+01:00,barcode07,rabv_ea,11923,7690,8081,361,370,RABV_EA
2296b8d6-fb2f-48a7-96d9-9078918516ff,250,2023-05-08T19:56:49.611556+01:00,barcode07,rabv_ea,11923,7311,7458,136,145,RABV_EA
89e441f4-6ec1-4414-a2d8-927b62f38cf7,339,2023-05-08T19:57:24.611556+01:00,barcode07,rabv_ea,11923,10164,10336,156,166,RABV_EA
785c3f06-57a0-4ef7-b762-e155e3ee3d94,466,2023-05-08T19:57:29.611556+01:00,barcode07,rabv_ea,11923,1566,1958,379,390,RABV_EA
0273fb4c-c65a-4480-a7e9-852a46ff41e5,470,2023-05-08T19:57:34.611556+01:00,barcode07,rabv_ea,11923,3410,3791,370,381,RABV_EA
5c9e3fd9-8ed7-42b4-b4fc-6a3103ecc78b,476,2023-05-08T19:56:56.611556+01:00,barcode07,rabv_ea,11923,4648,5048,384,390,RABV_EA
d43ab935-9bc6-4672-8fbc-07a9fe9dc5bd,455,2023-05-08T19:57:02.611556+01:00,barcode07,rabv_ea,11923,9855,10236,362,371,RABV_EA
a90b38c3-b4cc-4fef-94e7-0190f72a5959,922,2023-05-08T19:56:59.611556+01:00,barcode07,?,11923,0,0,394,402,?
2fc4d0f3-139f-4c62-a865-25b2dcc296f2,454,2023-05-08T19:57:04.611556+01:00,barcode07,rabv_ea,11923,9864,10259,357,372,RABV_EA
59772ad1-5c59-4655-a3fb-7405debe5c67,465,2023-05-08T19:57:02.611556+01:00,barcode07,rabv_ea,11923,7690,8080,378,384,RABV_EA
554268cc-1848-4ea5-a456-1af5753e0f41,1739,2023-05-08T19:56:48.611556+01:00,barcode07,?,11923,0,0,367,371,?
6305b416-aeae-4317-8187-0f09004fb4b1,498,2023-05-08T19:57:31.611556+01:00,barcode07,rabv_ea,11923,7692,8081,365,375,RABV_EA
686dd791-066b-4149-abea-b83fa6e2f2e7,494,2023-05-08T19:56:49.611556+01:00,barcode07,rabv_ea,11923,7690,8081,363,370,RABV_EA
3085b9ea-1ef2-4d25-a6f8-124060ab2441,459,2023-05-08T19:57:35.611556+01:00,barcode07,rabv_ea,11923,4897,5281,357,373,RABV_EA
e684624f-506e-4aec-9d5d-4110d04eeeee,465,2023-05-08T19:57:34.611556+01:00,barcode07,rabv_ea,11923,4626,5037,387,394,RABV_EA
8e755162-be67-4d16-8954-2289cad484bc,928,2023-05-08T19:56:47.611556+01:00,barcode07,?,11923,0,0,375,390,?
00d5e296-09b2-469a-8ea2-97e8c7eb73f3,873,2023-05-08T19:57:19.611556+01:00,barcode07,?,11923,0,0,375,387,?
88a6decf-a903-481a-b8aa-c7ef90d7b514,706,2023-05-08T19:57:17.611556+01:00,barcode07,?,11923,0,0,285,289,?
d3b5fde4-f08a-47b3-a85a-538d444e040d,456,2023-05-08T19:57:21.611556+01:00,barcode07,rabv_ea,11923,9851,10236,347,368,RABV_EA
3eb7de69-6765-4189-be82-903470497843,1338,2023-05-08T19:57:23.611556+01:00,barcode07,?,11923,0,0,779,811,?
c6756c6a-a6f1-4638-90f4-6d2de7cd6af7,509,2023-05-08T19:56:50.611556+01:00,barcode07,rabv_ea,11923,7691,8081,370,379,RABV_EA
65a026d9-9434-4361-8a00-edd02c26b904,298,2023-05-08T19:57:22.611556+01:00,barcode07,?,11923,0,0,109,111,?
d5b61e42-d759-4239-b806-a9acd6f1d1ca,460,2023-05-08T19:57:03.611556+01:00,barcode07,rabv_ea,11923,7075,7467,374,382,RABV_EA
2bf6c7d4-3847-4f91-99ca-8a57a6b62e7a,432,2023-05-08T19:57:33.611556+01:00,barcode07,rabv_ea,11923,6146,6506,324,343,RABV_EA
5548ae0e-3ac5-4b0e-afbb-b6ca8586ffe3,459,2023-05-08T19:56:50.611556+01:00,barcode07,rabv_ea,11923,3399,3791,369,385,RABV_EA
d5d205d6-1a6a-4119-a5e1-56d3d45e677d,453,2023-05-08T19:57:25.611556+01:00,barcode07,rabv_ea,11923,5836,6193,329,347,RABV_EA
8569b3ea-16bb-4f60-85af-6e1e614f82fb,871,2023-05-08T19:57:26.611556+01:00,barcode07,?,11923,0,0,375,380,?
358fced8-0151-421d-847d-a73c6d575432,1661,2023-05-08T19:56:37.611556+01:00,barcode07,?,11923,0,0,381,383,?
4665b7e4-a08f-481c-99b8-1003c2f068b2,838,2023-05-08T19:57:02.611556+01:00,barcode07,?,11923,0,0,343,357,?
03adcf18-df23-4844-b97d-04a2b048d9af,500,2023-05-08T19:57:23.611556+01:00,barcode07,rabv_ea,11923,7690,8081,380,384,RABV_EA
6c58c543-1aa8-42ba-8647-9b07ae0bea38,806,2023-05-08T19:57:30.611556+01:00,barcode07,?,11923,0,0,339,349,?
04b73120-f07e-48be-8194-34c6c1989942,505,2023-05-08T19:56:41.611556+01:00,barcode07,rabv_ea,11923,7681,8064,334,354,RABV_EA
57968d62-2b11-4c9a-b04a-8a1530e96435,1624,2023-05-08T19:56:37.611556+01:00,barcode07,?,11923,0,0,393,397,?
25dbf8ec-c11f-4896-a6c4-048b42a4baec,1225,2023-05-08T19:56:38.611556+01:00,barcode07,?,11923,0,0,379,393,?
a2650a69-e4cb-469f-8111-729c9cfa5a30,854,2023-05-08T19:56:36.611556+01:00,barcode07,?,11923,0,0,345,363,?
db371a40-f7eb-4372-b11c-f278ccc99b10,545,2023-05-08T19:56:53.611556+01:00,barcode07,rabv_ea,11923,10170,10575,369,389,RABV_EA
eb72b37a-b761-4640-96c2-bcd1d7294f02,530,2023-05-08T19:57:21.611556+01:00,barcode07,rabv_ea,11923,10164,10576,385,395,RABV_EA
821fff1d-9687-4457-b341-dc42fc7d8719,925,2023-05-08T19:57:26.611556+01:00,barcode07,?,11923,0,0,398,405,?
63a10f21-8c42-4d35-9930-9c2b8f2ae4da,260,2023-05-08T19:57:22.611556+01:00,barcode07,*,0,0,0,0,0,*
f47ab7f4-00a8-445d-aa76-4836a900baa6,432,2023-05-08T19:57:23.611556+01:00,barcode07,rabv_ea,11923,7800,8109,293,305,RABV_EA
b8426bc2-fde3-400c-bb94-106863ad84c8,501,2023-05-08T19:57:03.611556+01:00,barcode07,rabv_ea,11923,7690,8081,376,387,RABV_EA
237405c9-e3b0-4ee4-8b07-387c53483107,915,2023-05-08T19:56:59.611556+01:00,barcode07,?,11923,0,0,403,410,?
e3c9dff9-885a-4705-af62-eb08649d1094,522,2023-05-08T19:56:38.611556+01:00,barcode07,rabv_ea,11923,7075,7472,374,386,RABV_EA
c65a6dc7-4c8d-445d-b6e3-2b167731dbca,444,2023-05-08T19:56:51.611556+01:00,barcode07,rabv_ea,11923,7702,8081,346,365,RABV_EA
0d16c1d1-a4cc-4aba-b7a1-b63093c17735,472,2023-05-08T19:56:54.611556+01:00,barcode07,rabv_ea,11923,10165,10562,379,391,RABV_EA
d791d196-1f2b-40f6-87fd-a609040d9eb1,1147,2023-05-08T19:57:22.611556+01:00,barcode07,?,11923,0,0,387,393,?
c4dd92bd-57ad-4044-af97-1cda0f8e60d3,710,2023-05-08T19:57:15.611556+01:00,barcode07,?,11923,0,0,324,335,?
854b994e-c340-4e75-83a0-a4a194cdf208,864,2023-05-08T19:57:24.611556+01:00,barcode07,rabv_ea,11923,4646,5283,576,609,RABV_EA
249cfdc1-d792-40af-b006-7ce1fc4a4fab,477,2023-05-08T19:56:36.611556+01:00,barcode07,rabv_ea,11923,4626,5032,382,400,RABV_EA
446d9da5-6e7d-4bea-9398-9f2dbbf7a5fb,523,2023-05-08T19:56:38.611556+01:00,barcode07,rabv_ea,11923,10164,10572,380,391,RABV_EA
a7aad800-d6fc-4985-a098-13a17be5fe0f,747,2023-05-08T19:56:54.611556+01:00,barcode07,rabv_ea,11923,1576,1943,340,346,RABV_EA
6cca4a41-81a0-4991-b204-b900e4cda9cd,461,2023-05-08T19:56:52.611556+01:00,barcode07,rabv_ea,11923,10177,10570,345,371,RABV_EA
2a902771-646d-4a63-9955-b889a7eeb5c9,1352,2023-05-08T19:57:21.611556+01:00,barcode07,?,11923,0,0,401,408,?
ca356c61-748d-427f-a6a2-126dc219647d,689,2023-05-08T19:57:18.611556+01:00,barcode07,?,11923,0,0,379,392,?
43e352f4-76a2-45df-a627-77ac319b8953,492,2023-05-08T19:57:21.611556+01:00,barcode07,rabv_ea,11923,10168,10554,360,380,RABV_EA
6eb91946-ff7e-4329-b338-f0e96e3e7e9a,883,2023-05-08T19:57:17.611556+01:00,barcode07,?,11923,0,0,402,410,?
6bec44c2-b244-40b2-91a4-284315ffeb91,274,2023-05-08T19:56:48.611556+01:00,barcode07,rabv_ea,11923,4311,4424,107,109,RABV_EA
b25ac2d3-12bd-4eda-8560-60714d4e8d5d,512,2023-05-08T19:56:51.611556+01:00,barcode07,rabv_ea,11923,7698,8081,365,377,RABV_EA
47d6e6ad-ca7b-45c0-b40b-29d754365d6f,208,2023-05-08T19:56:50.611556+01:00,barcode07,rabv_ea,11923,5474,5608,127,128,RABV_EA
eb3cda01-e430-4b25-8e5d-b4d0a623f47a,457,2023-05-08T19:56:37.611556+01:00,barcode07,rabv_ea,11923,10167,10553,359,373,RABV_EA
4b5062f5-ac59-4c02-8245-c7c1d9535235,1276,2023-05-08T19:56:34.611556+01:00,barcode07,?,11923,0,0,389,398,?
8356511f-6670-4d74-b4c8-eba3f490d5f6,550,2023-05-08T19:57:20.611556+01:00,barcode07,rabv_ea,11923,10164,10575,393,404,RABV_EA
1bbd5389-ac12-4c02-9111-f3b2567d0986,466,2023-05-08T19:57:20.611556+01:00,barcode07,rabv_ea,11923,10164,10562,347,372,RABV_EA
ae7df25b-5650-4565-878f-9cc30facab28,465,2023-05-08T19:57:19.611556+01:00,barcode07,rabv_ea,11923,7075,7459,344,374,RABV_EA
ad567b80-134a-4b27-9eee-c3f18d099e32,532,2023-05-08T19:56:35.611556+01:00,barcode07,rabv_ea,11923,10172,10571,373,388,RABV_EA
1a7c866f-59f9-448b-8a3d-40d33afbc40f,1272,2023-05-08T19:56:37.611556+01:00,barcode07,rabv_ea,11923,614,1028,395,410,RABV_EA
94a899a6-8e77-4205-b2dc-59634c58c4f4,471,2023-05-08T19:56:48.611556+01:00,barcode07,*,0,0,0,0,0,*
99256490-22d7-45b5-aca5-85fb2ef27498,448,2023-05-08T19:56:49.611556+01:00,barcode07,rabv_ea,11923,953,1337,340,361,RABV_EA
418c55fe-c569-4ee2-9013-792efda6d7a3,901,2023-05-08T19:57:15.611556+01:00,barcode07,?,11923,0,0,396,412,?
103e8ae1-fa69-447c-b9b4-022dfd4f2597,519,2023-05-08T19:57:13.611556+01:00,barcode07,rabv_ea,11923,7690,8081,373,383,RABV_EA
cb25f1ce-ad5d-45d7-929d-2b6ee282c0ff,508,2023-05-08T19:56:28.611556+01:00,barcode07,rabv_ea,11923,7695,8081,362,373,RABV_EA
65d4a1be-b736-4d47-be54-ced35c425e17,853,2023-05-08T19:57:17.611556+01:00,barcode07,?,11923,0,0,370,383,?
bedf3ec5-a000-438d-bd1d-fd6fab9896dc,521,2023-05-08T19:56:50.611556+01:00,barcode07,rabv_ea,11923,10164,10571,355,376,RABV_EA
a1a0057b-46bf-4d5e-a4b0-b03924c0c70e,459,2023-05-08T19:56:58.611556+01:00,barcode07,rabv_ea,11923,3383,3774,370,382,RABV_EA
de41fb96-8c7d-435c-865b-16e499d9fb5f,472,2023-05-08T19:56:59.611556+01:00,barcode07,rabv_ea,11923,626,1034,387,395,RABV_EA
ef7d2992-7cd2-48d1-95b3-c1adb7d982b8,479,2023-05-08T19:56:58.611556+01:00,barcode07,rabv_ea,11923,5197,5597,383,394,RABV_EA
8a224dfd-9437-41ae-a609-21e63f30f950,490,2023-05-08T19:56:57.611556+01:00,barcode07,rabv_ea,11923,10170,10561,373,382,RABV_EA
1e3579a0-b51d-4c53-abda-4b31a4096f91,486,2023-05-08T19:56:57.611556+01:00,barcode07,rabv_ea,11923,4626,5037,385,402,RABV_EA
13493ed6-e657-4182-9609-0a6aa5db5c95,717,2023-05-08T19:56:43.611556+01:00,barcode07,rabv_ea,11923,7691,8051,346,358,RABV_EA
749a4a7d-5329-45cb-9a7a-f0cbc6ae057f,1117,2023-05-08T19:56:42.611556+01:00,barcode07,?,11923,0,0,367,386,?
abf7ed23-4884-4c62-907f-93a33dae92ca,434,2023-05-08T19:56:46.611556+01:00,barcode07,rabv_ea,11923,7704,8064,330,346,RABV_EA
68d126c0-81b1-4c3b-84bd-73f9d626eb4e,511,2023-05-08T19:57:11.611556+01:00,barcode07,rabv_ea,11923,1553,1958,382,396,RABV_EA
aaa9001f-f683-4a87-baba-3e3689831318,465,2023-05-08T19:56:28.611556+01:00,barcode07,rabv_ea,11923,3399,3791,372,386,RABV_EA
f6eb9388-36a9-458d-90e8-db154341e4f9,405,2023-05-08T19:57:20.611556+01:00,barcode07,rabv_ea,11923,439,695,247,253,RABV_EA
634b6854-fd0f-487f-8a04-1379441c122d,443,2023-05-08T19:56:50.611556+01:00,barcode07,rabv_ea,11923,7707,8081,341,357,RABV_EA
ca6b76c6-df5e-4ad1-a14c-953a3ac5fde5,530,2023-05-08T19:56:51.611556+01:00,barcode07,rabv_ea,11923,10164,10576,384,394,RABV_EA
9bebd4b4-293f-4d3d-bcfa-ad715e7a1fc3,439,2023-05-08T19:56:49.611556+01:00,barcode07,rabv_ea,11923,7703,8080,365,368,RABV_EA
13e393f8-0973-4594-8a43-9cbf1e5c6da8,537,2023-05-08T19:56:50.611556+01:00,barcode07,rabv_ea,11923,10164,10576,392,409,RABV_EA
5f04846f-c823-4c67-b8bf-c80ebad81f5a,453,2023-05-08T19:56:53.611556+01:00,barcode07,rabv_ea,11923,11395,11781,352,367,RABV_EA
c370683c-b416-476c-a370-f4b79360c92a,501,2023-05-08T19:56:48.611556+01:00,barcode07,rabv_ea,11923,7377,7636,251,253,RABV_EA
02e3aaec-1b9f-4939-a4a1-6bd2baa7a7c5,454,2023-05-08T19:56:56.611556+01:00,barcode07,rabv_ea,11923,10170,10562,374,383,RABV_EA
b788a739-bb53-40bc-b034-3177cc5f79a9,1262,2023-05-08T19:56:51.611556+01:00,barcode07,?,11923,0,0,393,400,?
80caa843-e5b7-4aef-80f9-27bae5879fcf,515,2023-05-08T19:56:49.611556+01:00,barcode07,rabv_ea,11923,7690,8081,386,389,RABV_EA
0dc281d5-145b-451c-abf8-7db3177d77f2,870,2023-05-08T19:56:47.611556+01:00,barcode07,?,11923,0,0,327,359,?
8ae82139-ae85-4876-bdc3-1c14ed382263,522,2023-05-08T19:56:55.611556+01:00,barcode07,rabv_ea,11923,10164,10576,388,400,RABV_EA
723f63e4-f552-4eff-be5e-5badf4d43dda,451,2023-05-08T19:56:51.611556+01:00,barcode07,rabv_ea,11923,4913,5299,369,378,RABV_EA
545d2f83-4d5a-42ef-9651-129c69385dcf,873,2023-05-08T19:56:33.611556+01:00,barcode07,?,11923,0,0,379,385,?
b146c598-42bd-460e-be31-e96bc3461d3f,515,2023-05-08T19:57:21.611556+01:00,barcode07,rabv_ea,11923,8927,9325,377,389,RABV_EA
83b93649-d06f-4ab5-8bf3-526712f8c66e,1258,2023-05-08T19:56:25.611556+01:00,barcode07,?,11923,0,0,393,407,?
95cb524b-7788-4d6e-9edf-9f6b2978286b,444,2023-05-08T19:56:30.611556+01:00,barcode07,rabv_ea,11923,3402,3791,364,373,RABV_EA
c1fd50bf-5aee-4369-8504-f3c45ba3badc,518,2023-05-08T19:57:24.611556+01:00,barcode07,rabv_ea,11923,10167,10576,374,389,RABV_EA
ff2e55a5-e04a-48c7-8198-a71d086767b1,462,2023-05-08T19:57:14.611556+01:00,barcode07,rabv_ea,11923,1566,1958,382,388,RABV_EA
a7ae477d-2d14-4292-a1a9-578a89561ebe,816,2023-05-08T19:57:22.611556+01:00,barcode07,?,11923,0,0,363,374,?
4b3c4a28-1e8c-49e2-918f-50be8046cc3d,525,2023-05-08T19:56:57.611556+01:00,barcode07,rabv_ea,11923,7690,8081,377,384,RABV_EA
e3b20d51-5753-4476-8c94-f051e2dd5334,526,2023-05-08T19:57:18.611556+01:00,barcode07,rabv_ea,11923,8927,9325,380,393,RABV_EA
653dd74a-6bfe-4725-9e91-1a4947e85b57,233,2023-05-08T19:57:18.611556+01:00,barcode07,rabv_ea,11923,9198,9324,117,124,RABV_EA
651eaff5-07d4-49f0-92e7-fd5feb58fca0,441,2023-05-08T19:57:25.611556+01:00,barcode07,rabv_ea,11923,11113,11494,342,357,RABV_EA
5103c7ad-c8c9-45fa-8180-e409393bd950,517,2023-05-08T19:57:10.611556+01:00,barcode07,rabv_ea,11923,7689,8081,372,383,RABV_EA
fd443520-9a58-457c-b46f-0dd048720116,452,2023-05-08T19:56:43.611556+01:00,barcode07,rabv_ea,11923,5838,6223,359,375,RABV_EA
005e65fa-b5bb-4a96-8951-972fc6b4f6ff,447,2023-05-08T19:56:46.611556+01:00,barcode07,rabv_ea,11923,7721,8081,316,342,RABV_EA
2cd31907-67e0-44a3-af2c-687297499578,519,2023-05-08T19:56:44.611556+01:00,barcode07,rabv_ea,11923,10171,10570,362,382,RABV_EA
fab4c36a-2f2d-421e-bf40-40f5de3764a8,454,2023-05-08T19:56:44.611556+01:00,barcode07,rabv_ea,11923,65,446,349,365,RABV_EA
b57ac350-be7e-4e3d-a748-b26f3c3b1d1a,491,2023-05-08T19:57:10.611556+01:00,barcode07,rabv_ea,11923,7691,8075,358,368,RABV_EA
187f67d7-8a87-439e-b198-77f85d55d211,225,2023-05-08T19:56:56.611556+01:00,barcode07,rabv_ea,11923,4296,4422,118,122,RABV_EA
5df6f9e2-34cd-4e37-bedc-6b0dd30bc8d2,1272,2023-05-08T19:57:10.611556+01:00,barcode07,?,11923,0,0,377,391,?
149946fa-aacb-41a4-aca1-e10a2e7782de,506,2023-05-08T19:56:59.611556+01:00,barcode07,rabv_ea,11923,7690,8081,369,383,RABV_EA
1303ec13-57e9-474d-be31-a2ef9dce2fcf,454,2023-05-08T19:56:31.611556+01:00,barcode07,rabv_ea,11923,11405,11796,380,385,RABV_EA
6dcdb37e-5a2a-408d-8fbd-9c8cb6e2cc05,454,2023-05-08T19:56:29.611556+01:00,barcode07,rabv_ea,11923,10165,10551,345,365,RABV_EA
5101c656-7ef2-413a-9462-31ef1796858b,881,2023-05-08T19:56:22.611556+01:00,barcode07,?,11923,0,0,377,392,?
a3f530c5-4779-4e1b-911f-a89e298e88be,514,2023-05-08T19:56:50.611556+01:00,barcode07,rabv_ea,11923,7701,8081,353,371,RABV_EA
861cfd12-f936-4d4e-a9e3-a29f05c518df,522,2023-05-08T19:56:49.611556+01:00,barcode07,rabv_ea,11923,3383,3791,399,402,RABV_EA
5d47102f-3dfb-44e4-8a11-cfc8fd2d5026,460,2023-05-08T19:56:44.611556+01:00,barcode07,rabv_ea,11923,5819,6207,366,377,RABV_EA
205e2f3f-1c28-49cc-8315-df22e73c7cfa,446,2023-05-08T19:57:09.611556+01:00,barcode07,rabv_ea,11923,10164,10558,357,373,RABV_EA
c7997284-c825-42e0-b6ee-2266088ede09,1130,2023-05-08T19:56:39.611556+01:00,barcode07,?,11923,0,0,382,395,?
b8bff3ad-b7e0-4739-98d5-9dd0cff472f3,517,2023-05-08T19:56:40.611556+01:00,barcode07,rabv_ea,11923,3390,3791,377,387,RABV_EA
c3731f31-a23c-4ace-b41d-fd0f427fadae,517,2023-05-08T19:56:47.611556+01:00,barcode07,rabv_ea,11923,5822,6198,341,363,RABV_EA
5ed00f30-7424-4f3a-bf41-a861c23a331a,1972,2023-05-08T19:57:01.611556+01:00,barcode07,?,11923,0,0,404,412,?
f50d2689-2570-41dd-8dbc-4d06623834de,897,2023-05-08T19:56:33.611556+01:00,barcode07,?,11923,0,0,388,395,?
e098c808-1517-42e4-8e0d-9cc7a8731160,461,2023-05-08T19:57:07.611556+01:00,barcode07,rabv_ea,11923,1565,1958,379,385,RABV_EA
26a76fa6-0663-4fd5-a117-505e7bf4e561,454,2023-05-08T19:56:17.611556+01:00,barcode07,rabv_ea,11923,7703,8081,360,371,RABV_EA
d0b09da4-0caa-4eee-aaa2-78dde8339d47,841,2023-05-08T19:56:39.611556+01:00,barcode07,?,11923,0,0,381,386,?
bd938bed-633e-41bf-ae93-e64ee13d468c,469,2023-05-08T19:57:06.611556+01:00,barcode07,rabv_ea,11923,5210,5608,370,384,RABV_EA
d472f70a-c930-4381-a141-01de10728442,1268,2023-05-08T19:56:37.611556+01:00,barcode07,?,11923,0,0,662,681,?
37578395-7f35-4b37-9c62-84e7818e43f1,509,2023-05-08T19:57:06.611556+01:00,barcode07,rabv_ea,11923,7690,8082,363,375,RABV_EA
50bfd294-7601-453d-8087-85f85674548b,517,2023-05-08T19:57:06.611556+01:00,barcode07,rabv_ea,11923,10164,10570,382,388,RABV_EA
94ec3806-e4ae-4cae-a8b5-d342b8826467,500,2023-05-08T19:56:22.611556+01:00,barcode07,rabv_ea,11923,8929,9325,376,388,RABV_EA
e986066b-18b9-49f9-a5fa-124c065cdc33,1240,2023-05-08T19:56:44.611556+01:00,barcode07,?,11923,0,0,396,402,?
c2878c6e-ae3d-441f-be82-582443868da3,523,2023-05-08T19:56:44.611556+01:00,barcode07,rabv_ea,11923,3383,3783,381,391,RABV_EA
81d2b157-5c26-4c80-9e2b-0dd5ef9b6374,850,2023-05-08T19:57:07.611556+01:00,barcode07,?,11923,0,0,378,394,?
f15dc5fd-e3df-400d-824b-7003fc92f29e,506,2023-05-08T19:56:42.611556+01:00,barcode07,rabv_ea,11923,7690,8080,352,368,RABV_EA
0a2f769f-8ab4-40fe-9be8-04ecbf5ee5f7,850,2023-05-08T19:57:04.611556+01:00,barcode07,?,11923,0,0,365,376,?
d192d303-1eed-403d-a2e7-6dbc34f9dbe5,458,2023-05-08T19:56:23.611556+01:00,barcode07,rabv_ea,11923,5197,5595,377,383,RABV_EA
8e629876-7cb3-4be7-b730-c44935576c5d,452,2023-05-08T19:56:16.611556+01:00,barcode07,rabv_ea,11923,2445,2826,340,360,RABV_EA
b290b521-3e09-4594-ac80-5a27af56007a,482,2023-05-08T19:56:40.611556+01:00,barcode07,rabv_ea,11923,6439,6834,337,360,RABV_EA
ce04c234-c6b5-46a0-a6fb-47a8d4f9267c,508,2023-05-08T19:57:07.611556+01:00,barcode07,rabv_ea,11923,10165,10576,375,391,RABV_EA
b1fe9bd1-fffc-41a4-b02f-971a7708ea6c,491,2023-05-08T19:56:44.611556+01:00,barcode07,rabv_ea,11923,7698,8081,360,366,RABV_EA
de9478dc-e239-4b7d-8228-d06256c9a3fa,868,2023-05-08T19:56:31.611556+01:00,barcode07,?,11923,0,0,377,381,?
c7083cfc-d349-4421-b214-4ac50047137c,1378,2023-05-08T19:56:20.611556+01:00,barcode07,?,11923,0,0,366,382,?
2402e06e-a106-4249-8f66-fafd85e0ebee,455,2023-05-08T19:57:11.611556+01:00,barcode07,rabv_ea,11923,3406,3791,375,379,RABV_EA
64e63653-bd91-470e-97b5-58c4bd972296,832,2023-05-08T19:56:30.611556+01:00,barcode07,?,11923,0,0,340,359,?
95200ebd-7dcc-4346-bf52-720590c38b22,434,2023-05-08T19:57:05.611556+01:00,barcode07,rabv_ea,11923,330,695,335,354,RABV_EA
1730d3f8-ece2-4338-ad80-a8fef2328bad,801,2023-05-08T19:56:16.611556+01:00,barcode07,?,11923,0,0,590,601,?
98d3d61e-ecb4-4e2d-abcd-131f134c1525,2054,2023-05-08T19:56:27.611556+01:00,barcode07,?,11923,0,0,372,393,?
8994a19c-6e9d-467b-863e-757432ec8d39,450,2023-05-08T19:57:05.611556+01:00,barcode07,rabv_ea,11923,4355,4730,322,353,RABV_EA
b8846d85-2cd0-4fed-94b7-ec9887ca697c,431,2023-05-08T19:56:32.611556+01:00,barcode07,rabv_ea,11923,11405,11795,338,358,RABV_EA
7a810ebf-c306-4e08-8dd2-76c84a6b403f,1245,2023-05-08T19:56:31.611556+01:00,barcode07,?,11923,0,0,384,391,?
736b6a51-84c6-40d2-8ac5-0af8b1c21df4,547,2023-05-08T19:57:02.611556+01:00,barcode07,*,0,0,0,0,0,*
65c7a776-557a-4748-ae38-b4fb52f01c18,457,2023-05-08T19:57:00.611556+01:00,barcode07,rabv_ea,11923,630,1034,380,381,RABV_EA
902c728e-4846-4a81-a377-e9a2f3faea0d,909,2023-05-08T19:55:58.611556+01:00,barcode07,?,11923,0,0,366,387,?
85315071-8b2f-4cac-a14c-ab3e49b33bf2,450,2023-05-08T19:56:15.611556+01:00,barcode07,rabv_ea,11923,11112,11494,342,365,RABV_EA
42354ffd-5883-4743-804a-f2f58350cbc9,1182,2023-05-08T19:56:38.611556+01:00,barcode07,?,11923,0,0,380,391,?
ece88116-03ba-48ef-a9dd-114dcfd21970,1236,2023-05-08T19:56:38.611556+01:00,barcode07,?,11923,0,0,358,375,?
9a31f6de-edba-4781-9af1-86889cae94ff,467,2023-05-08T19:56:41.611556+01:00,barcode07,rabv_ea,11923,4908,5298,365,381,RABV_EA
47e11c9d-0e5e-4897-88f4-dcf6a1e485d6,875,2023-05-08T19:56:38.611556+01:00,barcode07,rabv_ea,11923,4626,5595,762,794,RABV_EA
ef11892c-5b36-4a13-af8f-1926ec636740,503,2023-05-08T19:56:31.611556+01:00,barcode07,rabv_ea,11923,7690,8080,354,368,RABV_EA
6b9d27f6-50b7-404b-a33a-1cfeacd1655a,513,2023-05-08T19:56:25.611556+01:00,barcode07,rabv_ea,11923,7690,8081,384,386,RABV_EA
45e3d9c6-d216-45be-935e-4516d1f03326,751,2023-05-08T19:56:38.611556+01:00,barcode07,?,11923,0,0,355,368,?
e6c92036-dbfc-43ef-bd6a-63920af8d972,1342,2023-05-08T19:57:01.611556+01:00,barcode07,?,11923,0,0,376,384,?
727c31d5-0d67-42dc-8379-c6e91e0b9b23,859,2023-05-08T19:56:33.611556+01:00,barcode07,?,11923,0,0,389,397,?
8a1e3241-62a3-4f68-9d39-65cff6bbd16a,453,2023-05-08T19:56:32.611556+01:00,barcode07,rabv_ea,11923,61,446,363,371,RABV_EA
f0cfaba0-1c9d-41d9-abf6-6638a09b71a3,1287,2023-05-08T19:57:00.611556+01:00,barcode07,?,11923,0,0,402,405,?
ac7926eb-f0a7-4bd8-8adf-30d2e1f056b7,484,2023-05-08T19:56:03.611556+01:00,barcode07,rabv_ea,11923,9864,10263,365,384,RABV_EA
0e6d408c-46d3-4c03-8cbe-4b794ba127b7,530,2023-05-08T19:55:59.611556+01:00,barcode07,rabv_ea,11923,10164,10576,390,399,RABV_EA
ab6de98b-a28f-4106-bfe8-bc1edc53ca63,505,2023-05-08T19:56:02.611556+01:00,barcode07,rabv_ea,11923,7693,8081,365,376,RABV_EA
b8ba0936-a877-45c1-b6e9-1f350a12dda0,453,2023-05-08T19:56:02.611556+01:00,barcode07,rabv_ea,11923,7753,8073,302,308,RABV_EA
c217e2c8-3d5a-4458-9c1c-e0e5d87806f6,529,2023-05-08T19:56:59.611556+01:00,barcode07,rabv_ea,11923,8927,9325,386,392,RABV_EA
ab1d33a0-52da-45fb-8eca-fb2c55ae3df1,1961,2023-05-08T19:55:56.611556+01:00,barcode07,?,11923,0,0,382,385,?
93e65dc2-8a83-4c2e-a243-2e8210d7b835,514,2023-05-08T19:56:03.611556+01:00,barcode07,rabv_ea,11923,7690,8081,382,385,RABV_EA
d0e204f6-45ad-4334-a35d-8754959b4dd8,858,2023-05-08T19:56:01.611556+01:00,barcode07,?,11923,0,0,383,402,?
f1b794dc-61cd-438b-b13e-4229844e53ce,511,2023-05-08T19:57:07.611556+01:00,barcode07,rabv_ea,11923,7690,8079,350,372,RABV_EA
0048dd55-170b-40de-a776-1048d474a1ee,532,2023-05-08T19:57:05.611556+01:00,barcode07,rabv_ea,11923,8927,9330,385,394,RABV_EA
042baefc-3987-46b6-b82b-6c038b65ed08,455,2023-05-08T19:56:31.611556+01:00,barcode07,rabv_ea,11923,6424,6820,375,382,RABV_EA
07360177-6418-445a-b8a1-0fddb492936d,845,2023-05-08T19:55:59.611556+01:00,barcode07,?,11923,0,0,387,399,?
6536ed94-a72b-4e4a-82c6-be25aba02378,518,2023-05-08T19:56:40.611556+01:00,barcode07,rabv_ea,11923,10164,10572,392,395,RABV_EA
9eeb57f2-5ac0-49db-8c13-720aeaa02382,2078,2023-05-08T19:56:10.611556+01:00,barcode07,?,11923,0,0,1036,1147,?
8b91187b-2e22-49b8-8440-2ff137e57ad8,584,2023-05-08T19:56:32.611556+01:00,barcode07,rabv_ea,11923,7697,7998,288,296,RABV_EA
55b0119c-0acc-4545-be04-a43ea877bebb,930,2023-05-08T19:56:16.611556+01:00,barcode07,?,11923,0,0,357,375,?
57991eeb-0d1c-4602-adb4-c4ed02a7bb8a,467,2023-05-08T19:56:14.611556+01:00,barcode07,rabv_ea,11923,9851,10248,370,385,RABV_EA
88d0bc34-6619-41f9-aa13-95ef2d28cd09,445,2023-05-08T19:56:03.611556+01:00,barcode07,rabv_ea,11923,8949,9318,342,352,RABV_EA
8646a556-0fc6-46bf-bc1d-41ebcf4abc75,2480,2023-05-08T19:56:59.611556+01:00,barcode07,?,11923,0,0,383,389,?
8e9e42bc-41f4-4796-80fa-876d07fc2864,507,2023-05-08T19:56:01.611556+01:00,barcode07,rabv_ea,11923,7690,8077,370,379,RABV_EA
c3a50efc-5cd2-4e56-868c-1a7d1f8b89a3,753,2023-05-08T19:57:08.611556+01:00,barcode07,?,11923,0,0,360,371,?
6896be02-cda1-4fbd-961c-025c1d47b66c,637,2023-05-08T19:56:03.611556+01:00,barcode07,rabv_ea,11923,8853,9325,433,453,RABV_EA
b09566d9-24a2-427e-9c34-4b3ab8051e08,1453,2023-05-08T19:56:39.611556+01:00,barcode07,?,11923,0,0,399,403,?
cf8327a5-9e86-49d8-ae22-e223eb8947fa,443,2023-05-08T19:56:37.611556+01:00,barcode07,rabv_ea,11923,6148,6528,353,364,RABV_EA
11856a8c-eacd-485e-a653-574d5f11db5d,530,2023-05-08T19:56:38.611556+01:00,barcode07,rabv_ea,11923,10164,10570,380,398,RABV_EA
e72d385b-4366-48ef-beb3-1338273850d2,536,2023-05-08T19:56:39.611556+01:00,barcode07,rabv_ea,11923,10164,10573,377,396,RABV_EA
771c1b99-ee4b-4d05-a61a-25d63d827190,452,2023-05-08T19:56:37.611556+01:00,barcode07,rabv_ea,11923,9880,10263,370,374,RABV_EA
cf27b9b8-56c3-41e4-92be-ecbd6d356c11,448,2023-05-08T19:56:01.611556+01:00,barcode07,rabv_ea,11923,7702,8081,376,378,RABV_EA
14ed4f4d-5c78-4c4f-aa98-19136350721e,479,2023-05-08T19:56:58.611556+01:00,barcode07,rabv_ea,11923,5196,5592,353,375,RABV_EA
b2b808a2-e1ba-4cd2-98b2-63dd389da1be,519,2023-05-08T19:56:30.611556+01:00,barcode07,rabv_ea,11923,7690,8081,377,383,RABV_EA
261c97e8-b3d6-4ef8-8d64-6d3b5ffdc1c0,446,2023-05-08T19:56:28.611556+01:00,barcode07,rabv_ea,11923,5847,6222,359,365,RABV_EA
9576c299-1a69-4eab-9f78-5e5c2f9d570b,530,2023-05-08T19:56:29.611556+01:00,barcode07,rabv_ea,11923,8927,9323,377,385,RABV_EA
9d1aba70-3181-44be-b51b-0deaf14879a0,474,2023-05-08T19:56:22.611556+01:00,barcode07,rabv_ea,11923,5197,5593,357,378,RABV_EA
7b36470d-6f86-4d5d-b1af-57c20b7237b3,465,2023-05-08T19:56:33.611556+01:00,barcode07,rabv_ea,11923,1567,1958,370,381,RABV_EA
8303682d-5499-4fca-9c77-4c7f7b99fd26,474,2023-05-08T19:56:35.611556+01:00,barcode07,rabv_ea,11923,10164,10562,379,394,RABV_EA
8d221b29-7c20-404a-b962-9435d86e416c,464,2023-05-08T19:56:31.611556+01:00,barcode07,rabv_ea,11923,5212,5608,370,381,RABV_EA
4c725dca-4117-41ca-9921-2273a47115e7,519,2023-05-08T19:56:35.611556+01:00,barcode07,rabv_ea,11923,7690,8081,371,379,RABV_EA
e2aaefa9-2fb2-4309-a450-ba932fe769b5,525,2023-05-08T19:56:24.611556+01:00,barcode07,rabv_ea,11923,10164,10576,388,397,RABV_EA
efc131be-cb79-448a-8365-b30a95e50155,1261,2023-05-08T19:56:59.611556+01:00,barcode07,?,11923,0,0,383,397,?
aa75fcbd-a20b-4376-b672-efca31170f9a,1254,2023-05-08T19:56:58.611556+01:00,barcode07,?,11923,0,0,360,375,?
1e0fd122-f2ab-455b-800b-5c4cebc743b5,458,2023-05-08T19:56:26.611556+01:00,barcode07,rabv_ea,11923,8945,9325,366,373,RABV_EA
4176fdb3-3131-4b44-bde8-4cef2432d02c,961,2023-05-08T19:56:25.611556+01:00,barcode07,?,11923,0,0,400,405,?
58f54b08-3d8a-417e-976c-71b50b5a24a8,959,2023-05-08T19:56:54.611556+01:00,barcode07,?,11923,0,0,399,410,?
c8a745fa-88d4-435a-a1f9-b885798420da,1238,2023-05-08T19:55:59.611556+01:00,barcode07,?,11923,0,0,373,394,?
e55f3458-dae2-44dd-8e6a-068532d586c2,493,2023-05-08T19:56:30.611556+01:00,barcode07,rabv_ea,11923,7689,8081,366,377,RABV_EA
cf5d8572-ae32-4a53-ab10-06f6a1142e87,421,2023-05-08T19:56:58.611556+01:00,barcode07,?,11923,0,0,153,163,?
a8b6af7d-5ca7-470e-8dcd-2ae6ef46e51d,547,2023-05-08T19:56:56.611556+01:00,barcode07,rabv_ea,11923,10170,10576,377,398,RABV_EA
080fbd8a-dc2c-45a8-9b87-839a8dcbf5ea,861,2023-05-08T19:56:54.611556+01:00,barcode07,?,11923,0,0,375,389,?
78e6909e-7b23-438f-ac8b-4f875ab866e7,519,2023-05-08T19:56:26.611556+01:00,barcode07,rabv_ea,11923,3383,3791,386,400,RABV_EA
73220a5c-e77f-4a5c-9c58-cccb4cb407ff,1262,2023-05-08T19:56:22.611556+01:00,barcode07,?,11923,0,0,395,405,?
b92d24cd-74f4-4ab8-b422-ed74c4dcfffd,1591,2023-05-08T19:56:21.611556+01:00,barcode07,?,11923,0,0,383,394,?
1dfbf352-9881-4886-897b-22498b56f061,460,2023-05-08T19:56:29.611556+01:00,barcode07,rabv_ea,11923,3402,3787,364,374,RABV_EA
95357bde-d614-4464-a04a-561450b087fe,870,2023-05-08T19:56:50.611556+01:00,barcode07,?,11923,0,0,366,386,?
f29336d9-98ac-4d6e-9a32-a4f907a4e927,836,2023-05-08T19:56:21.611556+01:00,barcode07,?,11923,0,0,345,362,?
e4289880-1ee0-4c14-80b3-387b531c5d0a,611,2023-05-08T19:56:17.611556+01:00,barcode07,?,11923,0,0,365,379,?
ea552a34-8ebd-417b-9689-eb2dbb4a7d9d,447,2023-05-08T19:56:35.611556+01:00,barcode07,rabv_ea,11923,11405,11795,360,377,RABV_EA
4c8010b6-c215-4760-b051-d3d229a7c255,478,2023-05-08T19:56:23.611556+01:00,barcode07,rabv_ea,11923,10175,10562,373,380,RABV_EA
c5dda6b1-2068-4f0f-a5ba-64646ef2031b,905,2023-05-08T19:56:23.611556+01:00,barcode07,?,11923,0,0,390,400,?
054fd989-f57c-432f-860f-82c5994dd3a8,529,2023-05-08T19:56:26.611556+01:00,barcode07,rabv_ea,11923,10164,10576,387,401,RABV_EA
6c7cc3b4-82bd-4bad-a9a9-b2fd0fdfa1e3,1281,2023-05-08T19:55:48.611556+01:00,barcode07,?,11923,0,0,368,391,?
4fca1bc5-7cd0-49fe-bef7-ab408afd7bab,441,2023-05-08T19:55:49.611556+01:00,barcode07,rabv_ea,11923,7706,8081,361,370,RABV_EA
7d20b463-43e7-4712-a14f-758f5416125c,469,2023-05-08T19:56:24.611556+01:00,barcode07,rabv_ea,11923,1566,1956,351,373,RABV_EA
6c30ffa3-96b3-4901-8c78-9b02c536b9e1,1655,2023-05-08T19:56:15.611556+01:00,barcode07,?,11923,0,0,390,400,?
21ccd0f5-de85-4d5f-a789-0e6894afe18c,676,2023-05-08T19:56:28.611556+01:00,barcode07,?,11923,0,0,296,307,?
d7927cc4-88b1-4540-8618-69c7c1669a10,472,2023-05-08T19:56:20.611556+01:00,barcode07,rabv_ea,11923,10186,10562,350,364,RABV_EA
b913c2a7-505f-4d0b-b97a-6b9f4902692f,885,2023-05-08T19:56:26.611556+01:00,barcode07,?,11923,0,0,400,403,?
ba9dffcb-4616-43db-aeb4-baac8b3ce3e1,445,2023-05-08T19:55:49.611556+01:00,barcode07,rabv_ea,11923,1566,1958,351,367,RABV_EA
3d3e857c-e4ee-457b-b828-447675784bf7,861,2023-05-08T19:56:24.611556+01:00,barcode07,?,11923,0,0,368,383,?
6c6d82ca-5298-44ad-84f2-673497631cac,518,2023-05-08T19:55:49.611556+01:00,barcode07,rabv_ea,11923,7692,8081,368,379,RABV_EA
a706f97b-0fa4-4b20-b8d9-b5c7b7dff727,459,2023-05-08T19:56:03.611556+01:00,barcode07,rabv_ea,11923,7702,8081,372,377,RABV_EA
abd976f5-8152-405f-b490-558e0a34226b,467,2023-05-08T19:56:13.611556+01:00,barcode07,rabv_ea,11923,9873,10263,386,389,RABV_EA
d44892de-cec1-446c-a559-5ea73a1a7371,879,2023-05-08T19:55:48.611556+01:00,barcode07,?,11923,0,0,371,395,?
e1bbfaf6-7e2a-41f9-8ed1-00b8c465245f,447,2023-05-08T19:56:22.611556+01:00,barcode07,rabv_ea,11923,1569,1958,359,363,RABV_EA
a35946ec-af05-4b80-9b66-bf71e09a0a6b,1271,2023-05-08T19:56:17.611556+01:00,barcode07,?,11923,0,0,379,393,?
a262f5be-d16c-417b-95c2-2be63bb59b42,869,2023-05-08T19:56:20.611556+01:00,barcode07,?,11923,0,0,385,399,?
b992bf37-e15e-4264-8bf0-4544b18b010e,433,2023-05-08T19:56:18.611556+01:00,barcode07,rabv_ea,11923,7704,8068,322,347,RABV_EA
eb83e599-7a60-481a-a317-13ca3a77b01e,942,2023-05-08T19:55:50.611556+01:00,barcode07,?,11923,0,0,397,405,?
6dccf5bc-779d-45c5-a555-c6e13282c504,881,2023-05-08T19:55:57.611556+01:00,barcode07,?,11923,0,0,367,388,?
c7756868-9b01-4cca-9eac-18740ba27e4f,913,2023-05-08T19:55:48.611556+01:00,barcode07,?,11923,0,0,350,372,?
18bffb64-5002-4e74-b73a-3a58bec22947,1666,2023-05-08T19:55:45.611556+01:00,barcode07,?,11923,0,0,392,399,?
58de9c2c-4644-41fd-8573-958c787ce616,531,2023-05-08T19:56:23.611556+01:00,barcode07,rabv_ea,11923,8927,9325,384,394,RABV_EA
477d7fbb-deb7-4c5e-b044-2cd74d53a462,521,2023-05-08T19:56:24.611556+01:00,barcode07,rabv_ea,11923,1565,1958,372,380,RABV_EA
b3ed0b3e-8134-4137-9e87-0715b2d55ccb,501,2023-05-08T19:56:25.611556+01:00,barcode07,rabv_ea,11923,7690,8079,359,374,RABV_EA
df4a0f00-1e5d-4f16-8384-11e69ef4f5fe,506,2023-05-08T19:55:47.611556+01:00,barcode07,rabv_ea,11923,7690,8081,379,382,RABV_EA
1bff9b84-a1fb-4644-8bb4-51b259c4ec3b,456,2023-05-08T19:56:18.611556+01:00,barcode07,rabv_ea,11923,1567,1958,366,378,RABV_EA
677536fd-bb89-4ce4-9ec9-751f3875491b,1356,2023-05-08T19:56:24.611556+01:00,barcode07,?,11923,0,0,382,393,?
5fa9afc7-54f3-4c7c-a890-bd22e8176bb9,1246,2023-05-08T19:55:49.611556+01:00,barcode07,?,11923,0,0,388,401,?
f56d6851-4959-4543-8597-cf3bd5a10094,532,2023-05-08T19:56:10.611556+01:00,barcode07,rabv_ea,11923,1565,1958,379,386,RABV_EA
e932f547-13ea-444a-942b-3d055d6cc372,2549,2023-05-08T19:55:45.611556+01:00,barcode07,?,11923,0,0,609,628,?
c1801b79-d96b-4174-be35-244ff0b0b52d,524,2023-05-08T19:56:12.611556+01:00,barcode07,rabv_ea,11923,10164,10573,361,386,RABV_EA
8096dd50-41dc-4789-99b8-470335a1a11d,532,2023-05-08T19:55:50.611556+01:00,barcode07,rabv_ea,11923,10164,10576,393,400,RABV_EA
3e7b2eda-a03b-4d39-86e1-85bacd251d63,908,2023-05-08T19:56:16.611556+01:00,barcode07,?,11923,0,0,377,381,?
a202a52d-c953-4312-bcf5-3c34998f7803,870,2023-05-08T19:56:13.611556+01:00,barcode07,?,11923,0,0,399,403,?
01c42943-e71a-4b84-94ae-de511bfb4e03,494,2023-05-08T19:56:20.611556+01:00,barcode07,rabv_ea,11923,7700,8081,350,357,RABV_EA
34a26672-84f6-4b69-b4e5-1658b9e7d01d,449,2023-05-08T19:56:18.611556+01:00,barcode07,rabv_ea,11923,951,1319,355,360,RABV_EA
3981c786-dc48-41e6-b371-5e2b8edb4462,855,2023-05-08T19:56:20.611556+01:00,barcode07,?,11923,0,0,379,383,?
dfb9b714-a40a-498c-ac7a-2c7099099754,537,2023-05-08T19:56:19.611556+01:00,barcode07,rabv_ea,11923,9851,10263,388,401,RABV_EA
0902c186-9440-47a6-8f2e-82cda6fef1a1,871,2023-05-08T19:56:17.611556+01:00,barcode07,?,11923,0,0,379,394,?
8360e462-0ea4-4e35-af6a-f0c2690b7569,480,2023-05-08T19:55:49.611556+01:00,barcode07,rabv_ea,11923,10170,10564,353,380,RABV_EA
8815753b-07a1-4cf1-ba95-82cdd5a56317,534,2023-05-08T19:55:54.611556+01:00,barcode07,rabv_ea,11923,7690,7959,256,264,RABV_EA
cd0653dc-0afd-457f-af0c-6fe35f0580d4,522,2023-05-08T19:56:29.611556+01:00,barcode07,rabv_ea,11923,10164,10558,349,368,RABV_EA
b487e6db-6b66-443d-aa0a-a7cb5c88cefb,2387,2023-05-08T19:56:16.611556+01:00,barcode07,?,11923,0,0,394,405,?
a3db4523-b335-4d09-abbf-510f0e2bfee8,464,2023-05-08T19:56:21.611556+01:00,barcode07,rabv_ea,11923,5197,5596,368,384,RABV_EA
30edb4a9-1e03-4b49-8504-b75da13bb91e,931,2023-05-08T19:56:02.611556+01:00,barcode07,?,11923,0,0,379,387,?
380d32fc-8531-4efd-9c79-0c7503ae8863,997,2023-05-08T19:56:09.611556+01:00,barcode07,?,11923,0,0,394,401,?
ce46b2d5-798e-49ec-b129-105bbe25050f,893,2023-05-08T19:55:53.611556+01:00,barcode07,?,11923,0,0,405,414,?
e26551c1-0ff7-488c-8a14-eee9d0a2f1b4,1269,2023-05-08T19:56:07.611556+01:00,barcode07,?,11923,0,0,360,396,?
6df6c5d0-d4ac-4445-a48c-78b7cd83b88f,466,2023-05-08T19:55:30.611556+01:00,barcode07,rabv_ea,11923,1566,1958,385,389,RABV_EA
1b1e889e-2e7c-44d1-a8ec-884ef992617c,944,2023-05-08T19:56:12.611556+01:00,barcode07,?,11923,0,0,374,381,?
dc726e87-2487-4ffe-946d-e373c4559b2e,511,2023-05-08T19:56:16.611556+01:00,barcode07,rabv_ea,11923,7689,8081,372,382,RABV_EA
aab0f2cb-f26a-491a-b65c-dfca9299e7b6,450,2023-05-08T19:56:13.611556+01:00,barcode07,rabv_ea,11923,7703,8081,355,364,RABV_EA
62f0b53f-5e29-41f6-bbb2-afc730a60187,853,2023-05-08T19:55:29.611556+01:00,barcode07,?,11923,0,0,359,374,?
ce6310e7-6393-4980-9396-4063b8094606,863,2023-05-08T19:55:53.611556+01:00,barcode07,?,11923,0,0,375,386,?
0a639587-c318-42f3-9ec6-7f604e090faf,1638,2023-05-08T19:55:32.611556+01:00,barcode07,?,11923,0,0,371,388,?
b3611cc1-82cf-4cc0-bb8e-0be2979e177a,499,2023-05-08T19:56:21.611556+01:00,barcode07,rabv_ea,11923,10172,10570,354,364,RABV_EA
6dbde125-6dcc-4748-832c-794f56f089a9,459,2023-05-08T19:56:19.611556+01:00,barcode07,rabv_ea,11923,7074,7467,358,380,RABV_EA
39243484-7b80-444b-9a22-8fcb8d61ba62,486,2023-05-08T19:56:11.611556+01:00,barcode07,rabv_ea,11923,319,710,362,370,RABV_EA
58ab9c90-dfd0-430d-be9f-da21ba7e26f2,862,2023-05-08T19:56:11.611556+01:00,barcode07,?,11923,0,0,382,387,?
28d8295f-bf15-4704-bc75-7415b3baba37,812,2023-05-08T19:55:36.611556+01:00,barcode07,?,11923,0,0,369,372,?
b31c8a02-7ccc-4cb4-abd8-93e7c60103c3,947,2023-05-08T19:56:11.611556+01:00,barcode07,?,11923,0,0,396,409,?
70926b6e-c5ae-4d82-8461-aac600f92463,384,2023-05-08T19:56:13.611556+01:00,barcode07,rabv_ea,11923,9109,9325,206,214,RABV_EA
282de718-f173-4ce7-b891-0255aee831ad,895,2023-05-08T19:55:34.611556+01:00,barcode07,?,11923,0,0,368,371,?
d5428236-31c9-416d-9fdc-87f623daf0d9,1273,2023-05-08T19:55:52.611556+01:00,barcode07,?,11923,0,0,386,396,?
360007b6-ab80-4929-9548-251ed4d184c2,874,2023-05-08T19:55:56.611556+01:00,barcode07,?,11923,0,0,376,387,?
5c7eb55c-a6aa-48b9-8425-6df81d0c071b,532,2023-05-08T19:56:12.611556+01:00,barcode07,?,11923,0,0,249,256,?
7f3d76c2-440b-402e-a936-b14abb39d819,848,2023-05-08T19:56:08.611556+01:00,barcode07,?,11923,0,0,378,392,?
6d419b75-9011-4eca-ad53-fc1760d991e3,1273,2023-05-08T19:56:08.611556+01:00,barcode07,?,11923,0,0,641,675,?
3a3612a0-0d66-472c-804d-dea42afa0516,830,2023-05-08T19:55:50.611556+01:00,barcode07,?,11923,0,0,379,380,?
e80fe259-1e27-4478-8776-cad51e9689b0,461,2023-05-08T19:55:55.611556+01:00,barcode07,rabv_ea,11923,5847,6223,365,372,RABV_EA
032e51cb-20e1-4d41-8cf1-6949628563c9,493,2023-05-08T19:55:51.611556+01:00,barcode07,rabv_ea,11923,3398,3780,349,367,RABV_EA
795b23c1-a787-44ed-ab1a-1f9c29bd75ea,443,2023-05-08T19:55:53.611556+01:00,barcode07,rabv_ea,11923,8947,9325,342,365,RABV_EA
bb60e5db-4e07-47fb-9446-b6ee1e6b08a2,883,2023-05-08T19:56:08.611556+01:00,barcode07,?,11923,0,0,351,368,?
4d48ad02-e706-4dcb-afcc-89c2c1011514,835,2023-05-08T19:56:11.611556+01:00,barcode07,?,11923,0,0,359,378,?
8c8c3173-e4dc-4b23-a65d-8ba6e507662c,344,2023-05-08T19:55:51.611556+01:00,barcode07,rabv_ea,11923,11233,11494,245,253,RABV_EA
2ce63cc2-0792-445d-a402-f04f6eeca286,560,2023-05-08T19:55:36.611556+01:00,barcode07,rabv_ea,11923,10164,10576,396,408,RABV_EA
f851f127-e0ee-4681-9168-3982b62098a6,509,2023-05-08T19:56:15.611556+01:00,barcode07,rabv_ea,11923,10164,10576,362,383,RABV_EA
58fe6e07-3d45-40c8-aeaa-d2046a9b8d3b,507,2023-05-08T19:56:10.611556+01:00,barcode07,rabv_ea,11923,7690,8081,383,385,RABV_EA
2c88d5ad-d67d-4917-85d7-99859ca70139,521,2023-05-08T19:55:52.611556+01:00,barcode07,rabv_ea,11923,10164,10576,381,399,RABV_EA
ec926f3b-1e10-4383-a6a1-08c0beaa384b,876,2023-05-08T19:55:42.611556+01:00,barcode07,?,11923,0,0,369,385,?
93f9ba99-3f7c-4b5f-ae6b-afd4785bd083,528,2023-05-08T19:55:30.611556+01:00,barcode07,rabv_ea,11923,10164,10570,377,393,RABV_EA
09ffc1bf-fe6e-4c32-942a-7b65b8159f81,892,2023-05-08T19:56:12.611556+01:00,barcode07,?,11923,0,0,378,388,?
ef8fb66d-fc61-4ef4-bbe1-91b2cab8d23d,856,2023-05-08T19:55:23.611556+01:00,barcode07,?,11923,0,0,384,393,?
61bc4148-1878-4736-b271-6f617f61c230,836,2023-05-08T19:55:50.611556+01:00,barcode07,?,11923,0,0,394,398,?
41056438-d5cc-46db-9818-415f7092969d,507,2023-05-08T19:56:09.611556+01:00,barcode07,rabv_ea,11923,7987,8389,389,392,RABV_EA
856b7f22-6224-4d8f-8c75-b804bb5ab79a,290,2023-05-08T19:55:23.611556+01:00,barcode07,?,11923,0,0,129,130,?
ecb71c45-af75-4f8a-9f46-68d2fc0160e5,432,2023-05-08T19:56:10.611556+01:00,barcode07,rabv_ea,11923,7706,8071,340,347,RABV_EA
d1ce7948-d980-4ec3-8275-d81f9c9551b3,1335,2023-05-08T19:56:08.611556+01:00,barcode07,?,11923,0,0,351,366,?
5e991685-6b35-432a-acdb-e220c039c496,531,2023-05-08T19:56:06.611556+01:00,barcode07,rabv_ea,11923,6424,6827,375,391,RABV_EA
f32180ca-2568-49c5-9d2b-fce5c6c3606c,456,2023-05-08T19:55:46.611556+01:00,barcode07,rabv_ea,11923,5197,5595,384,391,RABV_EA
aea5eddb-4f86-4561-8dfd-cc142d613d78,455,2023-05-08T19:55:25.611556+01:00,barcode07,rabv_ea,11923,7075,7467,372,378,RABV_EA
692e8bd4-1669-4a18-b7c9-fdea939e6cde,470,2023-05-08T19:56:08.611556+01:00,barcode07,rabv_ea,11923,1576,1958,347,366,RABV_EA
ef782228-1fee-4009-a3a7-f97617579064,505,2023-05-08T19:55:52.611556+01:00,barcode07,rabv_ea,11923,7690,8081,375,383,RABV_EA
f41af5c5-dc2b-4a13-aa76-2023a7a2354b,927,2023-05-08T19:55:50.611556+01:00,barcode07,?,11923,0,0,391,402,?
85fcf053-82c0-4ab4-b0dc-a843b61db1a9,917,2023-05-08T19:55:53.611556+01:00,barcode07,?,11923,0,0,398,402,?
f57cb1d6-838a-4bc4-a569-e0f2b85dd65a,498,2023-05-08T19:55:23.611556+01:00,barcode07,rabv_ea,11923,10172,10576,347,358,RABV_EA
9ec5e048-f7c1-4fcc-b5d3-05a27c254e75,1118,2023-05-08T19:55:19.611556+01:00,barcode07,?,11923,0,0,399,414,?
05ccf340-38a0-42f9-afb0-7f9b9057ceb8,511,2023-05-08T19:56:10.611556+01:00,barcode07,rabv_ea,11923,7690,8081,371,379,RABV_EA
b76814a0-ee2e-4c56-a34f-5a8a4178e8dd,1025,2023-05-08T19:55:42.611556+01:00,barcode07,?,11923,0,0,358,366,?
c5972f96-382d-4025-b2b8-b15c54001939,693,2023-05-08T19:55:50.611556+01:00,barcode07,?,11923,0,0,371,382,?
57a66c80-a814-4824-829a-91619bccab8f,859,2023-05-08T19:56:11.611556+01:00,barcode07,?,11923,0,0,392,403,?
ecf6866b-dfd3-41d4-9178-b25c3717773f,449,2023-05-08T19:55:55.611556+01:00,barcode07,rabv_ea,11923,6133,6513,369,372,RABV_EA
30400d6f-b64e-43ff-8754-51cbc56a7726,942,2023-05-08T19:55:43.611556+01:00,barcode07,?,11923,0,0,377,387,?
1c504f5c-787d-4134-a90a-c8e3469f3766,449,2023-05-08T19:55:22.611556+01:00,barcode07,rabv_ea,11923,10173,10562,337,355,RABV_EA
1f5a4341-fb7e-49c0-808f-ea085749dd24,448,2023-05-08T19:56:10.611556+01:00,barcode07,rabv_ea,11923,5196,5596,361,380,RABV_EA
de67fe97-9df5-4f35-a58f-04b6a69b04a9,867,2023-05-08T19:55:45.611556+01:00,barcode07,?,11923,0,0,364,370,?
17153fb9-7d25-41f2-87e6-5a949d533491,516,2023-05-08T19:55:54.611556+01:00,barcode07,rabv_ea,11923,10164,10580,395,408,RABV_EA
73c80155-55ae-441e-81a0-211cd8fa9bba,475,2023-05-08T19:55:56.611556+01:00,barcode07,rabv_ea,11923,11424,11783,339,355,RABV_EA
615071b4-dad2-4d69-b770-3bfc5747f555,454,2023-05-08T19:56:12.611556+01:00,barcode07,rabv_ea,11923,8939,9323,365,377,RABV_EA
d0e25975-0f1b-4781-be7f-d7ab665e40d1,1339,2023-05-08T19:55:52.611556+01:00,barcode07,?,11923,0,0,382,384,?
301948c7-8b21-4ed0-b4a3-401c7e333ced,517,2023-05-08T19:56:05.611556+01:00,barcode07,rabv_ea,11923,7690,8081,384,388,RABV_EA
bcc64bfd-1706-4c28-8fad-eda60a106e92,907,2023-05-08T19:55:56.611556+01:00,barcode07,?,11923,0,0,382,388,?
39d54c59-d7c3-410c-a16f-4262ba241c30,618,2023-05-08T19:56:07.611556+01:00,barcode07,rabv_ea,11923,7690,7998,289,299,RABV_EA
a5d8e838-a158-4eb5-b55d-16f4415ab3b8,890,2023-05-08T19:55:21.611556+01:00,barcode07,?,11923,0,0,357,376,?
a8015cea-6479-4fb6-8373-4cde2389820d,516,2023-05-08T19:55:22.611556+01:00,barcode07,rabv_ea,11923,957,1337,359,374,RABV_EA
812c3a3f-c128-4d20-a5f1-a9308b6fa007,447,2023-05-08T19:55:44.611556+01:00,barcode07,rabv_ea,11923,5212,5608,349,373,RABV_EA
004db9e6-7526-44b9-8a87-4d6965100dd8,418,2023-05-08T19:56:04.611556+01:00,barcode07,?,11923,0,0,211,220,?
9d3cd5a7-5709-40a3-b30a-c2625413bdba,857,2023-05-08T19:55:58.611556+01:00,barcode07,?,11923,0,0,379,386,?
4cb2fe7a-3d8a-44a6-a14a-184957068102,854,2023-05-08T19:55:56.611556+01:00,barcode07,?,11923,0,0,364,375,?
42ddad86-abdd-4d53-8664-64508128d7cd,453,2023-05-08T19:55:43.611556+01:00,barcode07,rabv_ea,11923,7074,7467,361,380,RABV_EA
c2ec747a-d418-456c-8d09-9ea25012bbfc,887,2023-05-08T19:55:42.611556+01:00,barcode07,?,11923,0,0,376,389,?
b16c48dd-f115-439e-bb96-35f367f2eb4c,436,2023-05-08T19:55:23.611556+01:00,barcode07,rabv_ea,11923,7703,8081,359,366,RABV_EA
84b6b602-08a8-45fd-9b9b-d47d2f537482,511,2023-05-08T19:55:57.611556+01:00,barcode07,rabv_ea,11923,7691,8081,363,372,RABV_EA
9cd17a08-9daf-4095-96fa-64ca6074c313,505,2023-05-08T19:55:25.611556+01:00,barcode07,rabv_ea,11923,10164,10576,375,381,RABV_EA
9320eac7-34a0-4cbd-a0d0-f1738323c505,532,2023-05-08T19:55:24.611556+01:00,barcode07,rabv_ea,11923,10164,10576,378,400,RABV_EA
1aa386bc-9206-4b6b-a355-17600fb52848,2081,2023-05-08T19:55:22.611556+01:00,barcode07,?,11923,0,0,406,408,?
6f41d334-4447-491d-87a8-e1ab5d25e2e2,839,2023-05-08T19:55:23.611556+01:00,barcode07,?,11923,0,0,367,376,?
80fba3e6-87cf-46ad-b5ce-ae00ecc851d2,856,2023-05-08T19:56:03.611556+01:00,barcode07,?,11923,0,0,365,373,?
4a12daf7-ca6a-4aac-80bd-c8499fe6aba2,485,2023-05-08T19:55:44.611556+01:00,barcode07,rabv_ea,11923,5212,5608,363,377,RABV_EA
c2b8b839-e198-4b16-8feb-e3e0d876cf76,461,2023-05-08T19:55:45.611556+01:00,barcode07,rabv_ea,11923,5196,5595,374,383,RABV_EA
2721f791-5209-40b8-82f1-0d19ad9f32f0,451,2023-05-08T19:55:21.611556+01:00,barcode07,rabv_ea,11923,5836,6223,340,367,RABV_EA
731aeb4a-8be7-4242-a4bc-745e21ae57f5,876,2023-05-08T19:55:15.611556+01:00,barcode07,?,11923,0,0,391,401,?
4a98d973-ead8-475f-bc54-250257393cf2,520,2023-05-08T19:55:22.611556+01:00,barcode07,rabv_ea,11923,7690,8081,370,380,RABV_EA
1eac9381-1e45-4544-98db-6494143edc87,517,2023-05-08T19:56:04.611556+01:00,barcode07,rabv_ea,11923,7690,8081,375,383,RABV_EA
5fb98312-169e-44ba-8786-248285491141,469,2023-05-08T19:55:13.611556+01:00,barcode07,rabv_ea,11923,10170,10562,357,372,RABV_EA
9a5e0668-df87-4fc0-bf39-ec79d57a2935,471,2023-05-08T19:55:13.611556+01:00,barcode07,rabv_ea,11923,5196,5595,385,393,RABV_EA
55f8aba7-12a1-4611-984c-922d9151a61d,243,2023-05-08T19:55:13.611556+01:00,barcode07,rabv_ea,11923,7326,7463,127,135,RABV_EA
eed9e553-3435-4173-a3b0-02500192bc41,768,2023-05-08T19:55:21.611556+01:00,barcode07,?,11923,0,0,319,328,?
b06bc4ad-baab-4f71-8cfb-60ac907a2bce,1022,2023-05-08T19:55:11.611556+01:00,barcode07,?,11923,0,0,366,372,?
bc7d609a-18c8-494e-8147-bc3f9ff0d700,456,2023-05-08T19:55:16.611556+01:00,barcode07,rabv_ea,11923,8940,9325,335,366,RABV_EA
20380400-74fc-4874-a252-6bbdf990ab77,859,2023-05-08T19:55:23.611556+01:00,barcode07,?,11923,0,0,392,400,?
663f81d6-200e-4175-b424-7f8d3871c769,446,2023-05-08T19:55:58.611556+01:00,barcode07,rabv_ea,11923,7704,8081,368,370,RABV_EA
51304c87-4168-482b-967e-1ce5a2af76e1,2455,2023-05-08T19:55:08.611556+01:00,barcode07,?,11923,0,0,400,406,?
4f7db75a-27e7-4788-a5de-e7593e85cfb8,511,2023-05-08T19:55:45.611556+01:00,barcode07,rabv_ea,11923,6424,6835,359,386,RABV_EA
9fe059c1-9597-4079-bf12-73b3af862f0a,522,2023-05-08T19:55:17.611556+01:00,barcode07,rabv_ea,11923,10164,10576,372,393,RABV_EA
8f179de2-6019-4f96-a818-54e616f3f965,437,2023-05-08T19:55:58.611556+01:00,barcode07,rabv_ea,11923,7706,8070,344,352,RABV_EA
4e9f7687-6692-45e9-881c-79a39436b766,503,2023-05-08T19:55:39.611556+01:00,barcode07,rabv_ea,11923,7693,8081,361,375,RABV_EA
46df9a1e-1d6a-4013-b214-0f68f25ac9aa,883,2023-05-08T19:55:44.611556+01:00,barcode07,?,11923,0,0,353,366,?
e9677485-2ebf-4512-90ae-b2d7d9a9f0a4,483,2023-05-08T19:55:48.611556+01:00,barcode07,rabv_ea,11923,6133,6528,362,379,RABV_EA
94820de4-e833-455a-afb9-deefd925e5ed,465,2023-05-08T19:56:08.611556+01:00,barcode07,rabv_ea,11923,9851,10247,379,385,RABV_EA
a09590ec-9c34-45dc-b3f1-6ae286d264e9,1253,2023-05-08T19:56:05.611556+01:00,barcode07,?,11923,0,0,392,399,?
be245b16-8673-4933-a213-be736367ed4e,497,2023-05-08T19:55:56.611556+01:00,barcode07,rabv_ea,11923,10164,10576,366,373,RABV_EA
407baaad-1fff-4251-8034-81bfe6355346,865,2023-05-08T19:55:41.611556+01:00,barcode07,?,11923,0,0,365,380,?
96f108e9-b98f-4381-abae-cbaa4bf04994,665,2023-05-08T19:55:05.611556+01:00,barcode07,rabv_ea,11923,1635,1958,311,313,RABV_EA
bafbd947-7e55-46c6-a342-6fb45dc7f0e9,461,2023-05-08T19:55:04.611556+01:00,barcode07,rabv_ea,11923,1567,1958,381,386,RABV_EA
f0c5f0aa-1666-4c65-98d8-353f142cb71b,523,2023-05-08T19:55:23.611556+01:00,barcode07,rabv_ea,11923,10164,10576,370,393,RABV_EA
1eb347a2-9e55-49ce-905e-c78fe3beab1e,474,2023-05-08T19:56:01.611556+01:00,barcode07,rabv_ea,11923,3390,3781,367,382,RABV_EA
fbf7af98-ccc5-44aa-8ae7-22c0a7e7a3af,838,2023-05-08T19:55:16.611556+01:00,barcode07,?,11923,0,0,354,377,?
aa6dc2fd-abc4-42ac-8fda-4f835fdcc708,854,2023-05-08T19:55:13.611556+01:00,barcode07,?,11923,0,0,388,388,?
654904d4-1cab-48f8-a839-e0757ddc79da,879,2023-05-08T19:55:14.611556+01:00,barcode07,?,11923,0,0,384,395,?
0154eedf-44bc-4621-bd10-d3c0b1c18880,1723,2023-05-08T19:55:01.611556+01:00,barcode07,?,11923,0,0,627,650,?
961d0914-d231-4aea-88e8-9ad37145ece2,460,2023-05-08T19:55:54.611556+01:00,barcode07,rabv_ea,11923,6424,6814,355,375,RABV_EA
4d41294a-bfe4-4139-990a-d14c8436395c,445,2023-05-08T19:55:06.611556+01:00,barcode07,rabv_ea,11923,7712,8081,353,364,RABV_EA
a8c1554b-f4af-48ee-83b6-938ae4798dff,833,2023-05-08T19:55:18.611556+01:00,barcode07,?,11923,0,0,372,385,?
5a6abd83-d1b9-458a-9664-74ef6296fc2f,503,2023-05-08T19:55:54.611556+01:00,barcode07,rabv_ea,11923,5195,5606,400,403,RABV_EA
e0d34695-691a-47ba-b56a-b0c98bbda1e8,453,2023-05-08T19:55:41.611556+01:00,barcode07,rabv_ea,11923,7703,8064,336,347,RABV_EA
7eb40288-8f4c-45fd-9e3e-b5861070a422,1280,2023-05-08T19:55:05.611556+01:00,barcode07,?,11923,0,0,393,401,?
a1a8db1e-ec4a-4d09-8d03-0c9f8696d5d5,881,2023-05-08T19:55:21.611556+01:00,barcode07,?,11923,0,0,378,388,?
67c788d9-3aef-4389-8932-60adb6776333,853,2023-05-08T19:55:17.611556+01:00,barcode07,?,11923,0,0,368,380,?
1980e73f-31e3-42a8-854c-3ed1a8efd1aa,866,2023-05-08T19:55:38.611556+01:00,barcode07,?,11923,0,0,386,400,?
8905991d-2e34-4a35-9e00-4ec641db90f2,464,2023-05-08T19:55:51.611556+01:00,barcode07,rabv_ea,11923,70,459,383,387,RABV_EA
a06f62cb-073a-427b-b69d-d471c2bc0b19,518,2023-05-08T19:55:59.611556+01:00,barcode07,rabv_ea,11923,7690,8069,356,366,RABV_EA
74969626-447b-401b-ae4d-a40f737ede71,451,2023-05-08T19:55:34.611556+01:00,barcode07,rabv_ea,11923,10164,10563,372,383,RABV_EA
3042082a-d484-451f-a9b7-fd73a7938bc6,540,2023-05-08T19:55:35.611556+01:00,barcode07,rabv_ea,11923,4626,5050,397,410,RABV_EA
62994a86-9601-4a5b-85fc-a2fde88cf4e9,451,2023-05-08T19:55:34.611556+01:00,barcode07,rabv_ea,11923,9851,10247,350,372,RABV_EA
86f7ad59-885b-40b6-9102-0a2474ea29b4,453,2023-05-08T19:55:25.611556+01:00,barcode07,rabv_ea,11923,11416,11796,350,364,RABV_EA
e249aa17-37c2-4a64-bc7e-83b17cc52598,436,2023-05-08T19:55:05.611556+01:00,barcode07,rabv_ea,11923,7703,8081,357,367,RABV_EA
fe292d51-ce6a-4d95-bc33-a6d89fc017d1,1300,2023-05-08T19:55:40.611556+01:00,barcode07,?,11923,0,0,340,359,?
3ee0162a-406a-46dd-82cf-21c16c281797,459,2023-05-08T19:55:20.611556+01:00,barcode07,rabv_ea,11923,1575,1956,368,374,RABV_EA
38f7a60f-c4ea-4e53-a54a-bc7d1c9447ab,926,2023-05-08T19:55:04.611556+01:00,barcode07,?,11923,0,0,379,387,?
20b75e90-785c-42f2-8836-2814e317898d,537,2023-05-08T19:55:05.611556+01:00,barcode07,rabv_ea,11923,10171,10575,376,389,RABV_EA
3b5df9d0-7778-4268-94c7-7cf1a013553e,458,2023-05-08T19:55:36.611556+01:00,barcode07,rabv_ea,11923,10164,10564,362,377,RABV_EA
85313dd9-2ff3-49f0-ab76-1a0c4db7b26d,450,2023-05-08T19:55:04.611556+01:00,barcode07,rabv_ea,11923,7704,8068,337,352,RABV_EA
88250366-9db1-419a-83bc-17a539e52987,275,2023-05-08T19:55:18.611556+01:00,barcode07,rabv_ea,11923,7849,8070,190,201,RABV_EA
10d1df8f-b3d0-4e4d-9bce-5dfcc9ca24c6,512,2023-05-08T19:55:18.611556+01:00,barcode07,rabv_ea,11923,1551,1958,381,387,RABV_EA
16cd43f1-fd5d-4046-8776-f1aa4d73afc5,503,2023-05-08T19:55:44.611556+01:00,barcode07,rabv_ea,11923,10164,10582,368,388,RABV_EA
5734582f-4ff6-49eb-971a-45e92a80f8c3,456,2023-05-08T19:55:02.611556+01:00,barcode07,rabv_ea,11923,4919,5288,347,358,RABV_EA
e65cfb0e-0b0f-4576-8240-abcd7b25baec,1085,2023-05-08T19:55:29.611556+01:00,barcode07,?,11923,0,0,387,391,?
b5bdbc97-b7bc-491a-b2d2-4a6a7ab73f4e,517,2023-05-08T19:54:59.611556+01:00,barcode07,rabv_ea,11923,7690,8081,380,387,RABV_EA
16a2cef0-58b8-48ec-bda5-6b9a9e1d382a,460,2023-05-08T19:55:45.611556+01:00,barcode07,rabv_ea,11923,10177,10570,358,377,RABV_EA
417f4e07-694c-46a0-baa7-1dc3efdee760,499,2023-05-08T19:55:43.611556+01:00,barcode07,rabv_ea,11923,7699,8081,359,368,RABV_EA
a0903ec4-ed78-47b0-9b6b-ecace716da59,889,2023-05-08T19:54:45.611556+01:00,barcode07,?,11923,0,0,387,400,?
eea75f8f-7ee3-4f91-aa1b-cad307c2548a,1068,2023-05-08T19:54:45.611556+01:00,barcode07,?,11923,0,0,369,383,?
0950e1e2-3237-494a-8fba-e8d102c188de,409,2023-05-08T19:54:48.611556+01:00,barcode07,rabv_ea,11923,7690,8065,318,340,RABV_EA
ef38d5f9-5865-4c4f-80e7-9b08824f8a10,1241,2023-05-08T19:54:56.611556+01:00,barcode07,?,11923,0,0,383,390,?
3e054d25-adc1-4c6c-b027-1610f6e4cb15,505,2023-05-08T19:54:56.611556+01:00,barcode07,rabv_ea,11923,10164,10570,368,382,RABV_EA
52e16539-e9bd-43f5-9344-281841ed337e,1293,2023-05-08T19:55:31.611556+01:00,barcode07,?,11923,0,0,358,366,?
65a19267-4866-4b3e-8b5e-911e3c8720cb,853,2023-05-08T19:55:45.611556+01:00,barcode07,?,11923,0,0,371,383,?
ce2d35b4-9853-484f-a0af-32b50734a84c,513,2023-05-08T19:55:31.611556+01:00,barcode07,rabv_ea,11923,7690,8081,374,380,RABV_EA
f18fa189-f8c4-42f5-ae19-fbe5977113ee,939,2023-05-08T19:55:44.611556+01:00,barcode07,?,11923,0,0,401,416,?
7961117b-4342-4bba-8ba5-ee16b404c430,836,2023-05-08T19:55:17.611556+01:00,barcode07,?,11923,0,0,351,363,?
44dbecd8-6db2-4025-8596-cbe4b21604c3,386,2023-05-08T19:55:31.611556+01:00,barcode07,rabv_ea,11923,1000,1334,296,310,RABV_EA
993860f3-d434-4218-a6ba-eaad6342e85b,456,2023-05-08T19:55:38.611556+01:00,barcode07,rabv_ea,11923,1552,1944,373,378,RABV_EA
bd054aa7-648b-4723-95f4-f4b06ccc8b47,897,2023-05-08T19:55:03.611556+01:00,barcode07,?,11923,0,0,370,385,?
df6ccddc-51e6-462c-a4e1-d52aa5f3cbdb,2038,2023-05-08T19:55:27.611556+01:00,barcode07,?,11923,0,0,349,360,?
91f82108-202d-421a-9fb4-96b52963c750,463,2023-05-08T19:55:30.611556+01:00,barcode07,rabv_ea,11923,7377,7756,362,372,RABV_EA
d7ae5bbc-ec17-4fe9-9511-c4a60c2fc071,532,2023-05-08T19:54:55.611556+01:00,barcode07,rabv_ea,11923,8927,9325,385,395,RABV_EA
3d83f347-8afc-490b-bc60-07f65867307d,855,2023-05-08T19:54:52.611556+01:00,barcode07,?,11923,0,0,380,390,?
39090071-ba62-4343-9210-07ad06ff7d81,515,2023-05-08T19:55:40.611556+01:00,barcode07,rabv_ea,11923,9851,10258,387,397,RABV_EA
228889ea-285f-484f-8487-c9f2d42f83a0,1664,2023-05-08T19:55:26.611556+01:00,barcode07,?,11923,0,0,359,382,?
a071e3b8-9768-4de3-8b7e-787f4aa475bc,1281,2023-05-08T19:54:54.611556+01:00,barcode07,?,11923,0,0,341,353,?
905a00f9-ef55-4910-adb6-fcfe7c5d5e34,517,2023-05-08T19:54:56.611556+01:00,barcode07,rabv_ea,11923,6133,6519,371,376,RABV_EA
15e2bf87-70db-46f0-8c50-e640b6c42c8a,466,2023-05-08T19:55:26.611556+01:00,barcode07,rabv_ea,11923,5196,5595,377,390,RABV_EA
a8e22e9d-8a7e-4dcb-8762-e9031442a3da,835,2023-05-08T19:55:40.611556+01:00,barcode07,rabv_ea,11923,319,1323,720,747,RABV_EA
4e814973-66c2-4e3d-b202-1fcff81c77d3,1302,2023-05-08T19:55:36.611556+01:00,barcode07,?,11923,0,0,385,395,?
83fb89fc-fda6-4f75-a423-d548f63d4a33,525,2023-05-08T19:55:34.611556+01:00,barcode07,rabv_ea,11923,7060,7467,400,403,RABV_EA
d4bd2ccf-ec1f-4fc9-a8d8-11e8c94354b9,447,2023-05-08T19:55:39.611556+01:00,barcode07,rabv_ea,11923,5836,6223,365,372,RABV_EA
65e475d2-4368-46aa-ad3e-8bee4412249e,1167,2023-05-08T19:55:30.611556+01:00,barcode07,?,11923,0,0,387,400,?
ace3eff7-4798-4982-8dbd-76ab22007d15,363,2023-05-08T19:55:31.611556+01:00,barcode07,rabv_ea,11923,9055,9325,240,256,RABV_EA
92b6e943-1d3a-44ad-a863-ba091e88cdb6,503,2023-05-08T19:55:27.611556+01:00,barcode07,rabv_ea,11923,10170,10575,362,368,RABV_EA
6416ebf9-91e6-4ef2-b29e-1ce282be0aa0,507,2023-05-08T19:55:28.611556+01:00,barcode07,rabv_ea,11923,7690,8081,377,383,RABV_EA
781b2cdd-8fbf-4df3-9ced-86e09ee5af03,854,2023-05-08T19:54:49.611556+01:00,barcode07,rabv_ea,11923,5210,6528,753,771,RABV_EA
52e6d1da-a1eb-47cf-abbf-0ff61866cc06,521,2023-05-08T19:54:47.611556+01:00,barcode07,rabv_ea,11923,10164,10570,375,392,RABV_EA
39b395b1-97dd-4aeb-bceb-a8943d0f9dee,503,2023-05-08T19:54:46.611556+01:00,barcode07,rabv_ea,11923,7690,8081,369,373,RABV_EA
f2724e16-464b-41f4-a9f1-c8e79b22bada,451,2023-05-08T19:54:56.611556+01:00,barcode07,rabv_ea,11923,1553,1932,355,366,RABV_EA
e6999fff-e48a-44ab-8206-74ee5ee4c695,461,2023-05-08T19:55:25.611556+01:00,barcode07,rabv_ea,11923,7737,8081,315,335,RABV_EA
db408e15-075c-42de-92ed-4eb43ffefc19,448,2023-05-08T19:55:42.611556+01:00,barcode07,rabv_ea,11923,5852,6223,331,349,RABV_EA
567261f9-b36f-41a5-8c00-9174296eb575,526,2023-05-08T19:54:59.611556+01:00,barcode07,rabv_ea,11923,10164,10576,389,397,RABV_EA
7ab8422d-f202-4cf9-915c-d2c75e2b28b2,468,2023-05-08T19:55:26.611556+01:00,barcode07,rabv_ea,11923,8942,9325,357,375,RABV_EA
c279f06b-12f0-4170-8ff5-19e72e1c799d,1233,2023-05-08T19:54:58.611556+01:00,barcode07,?,11923,0,0,363,374,?
981c6e5a-2745-4322-93e7-03172ad80c89,522,2023-05-08T19:54:55.611556+01:00,barcode07,rabv_ea,11923,10164,10576,376,390,RABV_EA
af349d01-3710-4a14-9a34-ebf889902159,2129,2023-05-08T19:55:23.611556+01:00,barcode07,?,11923,0,0,396,405,?
25a90cfe-b1f4-4bce-8d3b-1dea5e83fd20,460,2023-05-08T19:54:55.611556+01:00,barcode07,rabv_ea,11923,8941,9325,369,377,RABV_EA
e0b2e2c9-36c4-4a75-9277-ec06d2fcc489,452,2023-05-08T19:54:58.611556+01:00,barcode07,rabv_ea,11923,11111,11493,366,377,RABV_EA
ce61a59e-7de0-4a53-848d-ab3f3a9752de,451,2023-05-08T19:55:28.611556+01:00,barcode07,rabv_ea,11923,7702,8081,370,376,RABV_EA
81de8e25-c0ad-4af6-810b-006f421bc89b,500,2023-05-08T19:54:50.611556+01:00,barcode07,rabv_ea,11923,7689,8061,349,364,RABV_EA
9ab47d93-7949-4724-88aa-eb3f9de4f406,2536,2023-05-08T19:54:48.611556+01:00,barcode07,?,11923,0,0,386,393,?
f066d79d-efdf-4ab9-b9e1-28f3a13e2f73,1737,2023-05-08T19:54:44.611556+01:00,barcode07,?,11923,0,0,382,394,?
3b053a24-bf4e-4103-9d52-9877f7040f8b,1276,2023-05-08T19:54:45.611556+01:00,barcode07,?,11923,0,0,378,400,?
41b0f0a9-b7de-4a29-bf12-06074988f963,463,2023-05-08T19:54:56.611556+01:00,barcode07,rabv_ea,11923,5206,5596,374,382,RABV_EA
b07522fb-b504-4e03-9d36-6af8d7509f32,449,2023-05-08T19:54:58.611556+01:00,barcode07,rabv_ea,11923,5202,5595,367,378,RABV_EA
c5a20b2a-ca14-4723-a84d-8bd9dd9de007,467,2023-05-08T19:54:57.611556+01:00,barcode07,rabv_ea,11923,4626,5037,378,393,RABV_EA
c242eda3-b89d-426d-865a-fac4ede081bf,356,2023-05-08T19:55:39.611556+01:00,barcode07,rabv_ea,11923,4525,4717,183,192,RABV_EA
a7881f88-ccde-409c-b95d-23a159f92f95,2049,2023-05-08T19:54:54.611556+01:00,barcode07,?,11923,0,0,381,384,?
4baa6349-bfa5-45a6-bcc9-55c985a8db51,453,2023-05-08T19:55:26.611556+01:00,barcode07,rabv_ea,11923,5198,5594,378,383,RABV_EA
2c6e682c-7b21-446d-b1d9-01a2e8273365,482,2023-05-08T19:55:41.611556+01:00,barcode07,rabv_ea,11923,7689,8081,360,378,RABV_EA
355eb3c6-ab39-43e5-be1c-128ed9646ad4,1244,2023-05-08T19:55:28.611556+01:00,barcode07,?,11923,0,0,382,387,?
516d1057-d259-4524-8f0f-bc098aabcadd,886,2023-05-08T19:55:29.611556+01:00,barcode07,?,11923,0,0,340,349,?
a7276d21-9e2f-4caf-ad7a-534c8cba1a37,1271,2023-05-08T19:55:31.611556+01:00,barcode07,?,11923,0,0,398,407,?
6b7035af-5755-4cc6-8043-9712c6099379,882,2023-05-08T19:55:38.611556+01:00,barcode07,?,11923,0,0,368,378,?
02743f0e-5a90-4bd4-85a3-03698c225464,504,2023-05-08T19:55:28.611556+01:00,barcode07,rabv_ea,11923,7695,8081,361,368,RABV_EA
eac74acb-58b2-425a-98a0-14439af90231,884,2023-05-08T19:54:51.611556+01:00,barcode07,?,11923,0,0,388,399,?
376d7234-25cd-45ae-b924-04047023983f,1642,2023-05-08T19:55:31.611556+01:00,barcode07,?,11923,0,0,377,389,?
6a3b6249-e6bf-4a0c-998d-5f85e708c4ee,868,2023-05-08T19:55:20.611556+01:00,barcode07,?,11923,0,0,372,384,?
bdccc343-68a2-4bb1-a5ac-13c0bacc6934,473,2023-05-08T19:54:52.611556+01:00,barcode07,rabv_ea,11923,6133,6528,358,372,RABV_EA
af21798e-8c46-46f5-8823-5a9777278cef,434,2023-05-08T19:55:27.611556+01:00,barcode07,rabv_ea,11923,7690,8061,354,357,RABV_EA
43aaebce-01ca-48b4-bb67-2c616b4af081,1275,2023-05-08T19:54:48.611556+01:00,barcode07,?,11923,0,0,390,403,?
0b15519b-7c67-40de-a722-5fa0585e396c,500,2023-05-08T19:55:17.611556+01:00,barcode07,rabv_ea,11923,7692,8081,375,380,RABV_EA
5914d027-4e0e-4e09-b797-5ae70898d8d5,462,2023-05-08T19:55:27.611556+01:00,barcode07,rabv_ea,11923,4626,5036,359,382,RABV_EA
95e98f1e-8722-43f2-9351-a5c9aa35a0ee,1271,2023-05-08T19:55:13.611556+01:00,barcode07,?,11923,0,0,360,375,?
0dba05c2-189e-4f06-be58-1f55ec277e58,502,2023-05-08T19:55:29.611556+01:00,barcode07,rabv_ea,11923,7692,8081,346,367,RABV_EA
2de9314c-39d8-4cb1-ac24-9e9b59784d20,726,2023-05-08T19:55:13.611556+01:00,barcode07,?,11923,0,0,383,394,?
6bc96a96-91ba-4008-90ab-e7eb66601f14,1565,2023-05-08T19:55:14.611556+01:00,barcode07,?,11923,0,0,340,349,?
35dc68b1-2455-49d5-a3ca-7377897924d2,478,2023-05-08T19:55:12.611556+01:00,barcode07,rabv_ea,11923,1572,1958,363,378,RABV_EA
96d477c4-3f31-4a59-8357-1d5dab84ff3d,854,2023-05-08T19:55:14.611556+01:00,barcode07,?,11923,0,0,379,387,?
692b4dc8-822e-4abb-b52b-526c60ef3adb,524,2023-05-08T19:55:12.611556+01:00,barcode07,rabv_ea,11923,9851,10271,399,403,RABV_EA
8abd6312-e2fc-4246-81b7-c00fb0bed2d8,462,2023-05-08T19:55:10.611556+01:00,barcode07,rabv_ea,11923,9549,9940,375,385,RABV_EA
f4812b76-b56e-4be2-a6e1-e21a6bcccd73,462,2023-05-08T19:55:12.611556+01:00,barcode07,rabv_ea,11923,7710,8073,321,352,RABV_EA
24ada5ff-0e4d-4275-a5e6-c47e930699f2,431,2023-05-08T19:55:15.611556+01:00,barcode07,rabv_ea,11923,7696,8057,336,346,RABV_EA
1ca12907-8cd4-4541-aa61-e0293be986b6,906,2023-05-08T19:55:15.611556+01:00,barcode07,?,11923,0,0,385,400,?
4eb835e0-fb78-4593-8e7f-cb7d25007d84,4086,2023-05-08T19:55:20.611556+01:00,barcode07,?,11923,0,0,683,700,?
73bd4f60-13b6-49c1-a3be-dfc36e02d187,870,2023-05-08T19:54:48.611556+01:00,barcode07,?,11923,0,0,357,368,?
4a8e01ee-f39c-483e-b2c7-ada1511c7052,460,2023-05-08T19:55:17.611556+01:00,barcode07,rabv_ea,11923,9851,10247,376,387,RABV_EA
b7e92fb6-9e52-44b0-b03f-240b96f35ddc,1644,2023-05-08T19:54:47.611556+01:00,barcode07,?,11923,0,0,383,386,?
c79cfa84-4d12-45eb-b7d8-2f17eeb222dd,1247,2023-05-08T19:55:25.611556+01:00,barcode07,?,11923,0,0,374,393,?
6ed981b8-5ce4-47af-b9d6-f4e00ff7b983,536,2023-05-08T19:54:29.611556+01:00,barcode07,rabv_ea,11923,7688,8081,359,373,RABV_EA
4766281d-2c59-4abe-8892-eb0d4380319f,469,2023-05-08T19:54:48.611556+01:00,barcode07,rabv_ea,11923,10164,10561,382,391,RABV_EA
849ab659-a924-4609-8f1f-9eecd29aa863,901,2023-05-08T19:54:49.611556+01:00,barcode07,?,11923,0,0,371,385,?
828074a1-d180-46aa-82f9-8966be2984c0,2387,2023-05-08T19:54:26.611556+01:00,barcode07,?,11923,0,0,374,378,?
029cd277-fd46-43d3-8870-0c2e05c9d50e,1276,2023-05-08T19:55:28.611556+01:00,barcode07,?,11923,0,0,405,417,?
51ffad37-2f84-491a-8cab-d6285d786f6d,499,2023-05-08T19:55:29.611556+01:00,barcode07,rabv_ea,11923,7703,8081,357,365,RABV_EA
73e5d8f4-089f-457a-91d4-b8126f824294,2089,2023-05-08T19:54:45.611556+01:00,barcode07,?,11923,0,0,936,994,?
964bc97c-a4f7-44d8-b3b6-6b8d7df1b7e7,1999,2023-05-08T19:55:13.611556+01:00,barcode07,?,11923,0,0,390,403,?
38067f98-67f7-41d4-804f-95f4e9d40413,861,2023-05-08T19:54:52.611556+01:00,barcode07,?,11923,0,0,353,364,?
a3af8e0c-b868-4838-8e9a-7d2134c26709,380,2023-05-08T19:54:45.611556+01:00,barcode07,?,11923,0,0,158,171,?
26684316-e2ec-4f82-adb6-89ccb964c219,450,2023-05-08T19:54:27.611556+01:00,barcode07,rabv_ea,11923,11157,11458,258,289,RABV_EA
704adc85-de87-44e6-9cd6-edcf7e232787,884,2023-05-08T19:54:45.611556+01:00,barcode07,?,11923,0,0,407,419,?
83f86b1d-3255-4e53-a51f-6944c65d867b,525,2023-05-08T19:54:46.611556+01:00,barcode07,rabv_ea,11923,10176,10571,356,382,RABV_EA
6a532fb5-0221-45b9-ab4b-eeb3adbfcb9f,467,2023-05-08T19:55:10.611556+01:00,barcode07,rabv_ea,11923,5196,5592,370,385,RABV_EA
7150c2d3-7462-45cc-b33e-4e187ab5db18,475,2023-05-08T19:54:44.611556+01:00,barcode07,rabv_ea,11923,7706,8081,356,372,RABV_EA
f4dc483e-5f7b-4497-a856-dee23ebb4c36,904,2023-05-08T19:54:42.611556+01:00,barcode07,?,11923,0,0,364,380,?
00554660-268a-4974-acfc-b692281b64b7,1412,2023-05-08T19:55:09.611556+01:00,barcode07,?,11923,0,0,367,373,?
319c9e64-e873-4804-8f26-d226de920c88,1757,2023-05-08T19:55:09.611556+01:00,barcode07,?,11923,0,0,377,388,?
84583050-7f7d-4db5-9641-38d170b9dd7c,862,2023-05-08T19:55:16.611556+01:00,barcode07,?,11923,0,0,389,396,?
eddcf1f3-00fa-41b0-b2c7-12b8c7203711,875,2023-05-08T19:54:45.611556+01:00,barcode07,?,11923,0,0,342,358,?
7f9e427e-01ef-4723-9bb6-229cf4cee154,468,2023-05-08T19:55:13.611556+01:00,barcode07,rabv_ea,11923,5196,5592,381,389,RABV_EA
9c018761-a2d5-4d33-8683-e411296c794e,851,2023-05-08T19:54:47.611556+01:00,barcode07,?,11923,0,0,377,386,?
1c1fc224-5435-441e-ae60-44d87aac5ab2,448,2023-05-08T19:55:15.611556+01:00,barcode07,rabv_ea,11923,7690,8063,349,362,RABV_EA
3a9da896-638f-4eb8-9890-7f3c8926f926,466,2023-05-08T19:55:14.611556+01:00,barcode07,rabv_ea,11923,3398,3789,379,386,RABV_EA
cd7f07ad-1ae2-4ece-b39a-86581c863ec9,476,2023-05-08T19:55:10.611556+01:00,barcode07,rabv_ea,11923,10164,10554,343,372,RABV_EA
61f95268-2969-4bce-a95e-05a0795da2b4,533,2023-05-08T19:55:11.611556+01:00,barcode07,rabv_ea,11923,10164,10576,383,393,RABV_EA
ccf36fd4-6d88-4d3c-9fca-20e0fa8cf82c,469,2023-05-08T19:54:49.611556+01:00,barcode07,rabv_ea,11923,9851,10248,372,380,RABV_EA
cb258a48-0be0-4e14-8129-ed4442773707,849,2023-05-08T19:54:49.611556+01:00,barcode07,?,11923,0,0,365,380,?
dc0206d8-b67f-442c-9962-79eddbe34365,604,2023-05-08T19:54:20.611556+01:00,barcode07,rabv_ea,11923,1642,1958,300,304,RABV_EA
128f5813-4810-4f61-9e28-d1b978eec670,1028,2023-05-08T19:54:48.611556+01:00,barcode07,?,11923,0,0,386,396,?
ae298b80-fbfe-46f9-97c5-644924a48fb2,440,2023-05-08T19:54:21.611556+01:00,barcode07,rabv_ea,11923,5822,6209,351,365,RABV_EA
6d68e674-5616-40ab-8ebc-f5946572d467,872,2023-05-08T19:55:06.611556+01:00,barcode07,?,11923,0,0,355,377,?
c232269d-8ed9-4b74-9c22-987578bd25a7,454,2023-05-08T19:54:23.611556+01:00,barcode07,rabv_ea,11923,2445,2829,360,374,RABV_EA
091928f7-2eb7-4c69-8c14-12028526e999,440,2023-05-08T19:55:09.611556+01:00,barcode07,rabv_ea,11923,6148,6517,325,346,RABV_EA
6b202576-ddf9-41db-84ab-1382910caa48,476,2023-05-08T19:54:23.611556+01:00,barcode07,rabv_ea,11923,4626,5036,398,404,RABV_EA
58b45573-d939-4e14-b49e-a7e3c7e87a18,484,2023-05-08T19:55:10.611556+01:00,barcode07,rabv_ea,11923,4659,5036,361,372,RABV_EA
2058dba2-0f80-420e-8ce2-aad5c7934468,452,2023-05-08T19:54:23.611556+01:00,barcode07,rabv_ea,11923,1567,1955,370,376,RABV_EA
4ce091fb-1d06-4bae-b2a4-812e8d697e0a,450,2023-05-08T19:54:24.611556+01:00,barcode07,rabv_ea,11923,1567,1958,356,369,RABV_EA
d3bd627c-84b0-4807-a8c9-9825eaad1eb1,510,2023-05-08T19:55:07.611556+01:00,barcode07,rabv_ea,11923,7702,8081,374,376,RABV_EA
27eaefbd-0911-4eec-8462-c8e2daba1f26,442,2023-05-08T19:55:07.611556+01:00,barcode07,rabv_ea,11923,7704,8081,365,369,RABV_EA
ab740ebc-daef-47a0-a3fb-2c4735baaec6,455,2023-05-08T19:55:06.611556+01:00,barcode07,rabv_ea,11923,7704,8081,356,373,RABV_EA
605dbe20-2ed1-46f9-8c96-6eedf5b6d8f2,533,2023-05-08T19:54:45.611556+01:00,barcode07,rabv_ea,11923,9851,10268,398,407,RABV_EA
563532c3-1702-4a0d-95a5-3088624913fc,866,2023-05-08T19:55:05.611556+01:00,barcode07,?,11923,0,0,393,399,?
f1af3252-6e55-4489-be70-805b69e8d6e9,456,2023-05-08T19:54:41.611556+01:00,barcode07,rabv_ea,11923,5193,5593,365,387,RABV_EA
ff18b40c-676a-437e-ac39-3b3a28dd49a1,493,2023-05-08T19:54:38.611556+01:00,barcode07,rabv_ea,11923,11145,11494,328,339,RABV_EA
9af2b92c-64c1-436a-9eff-bd9face7a355,1050,2023-05-08T19:54:22.611556+01:00,barcode07,?,11923,0,0,360,376,?
bcb74bdf-99ff-4bf6-b3b0-2fd1e7899ab2,510,2023-05-08T19:54:21.611556+01:00,barcode07,rabv_ea,11923,7690,8069,347,362,RABV_EA
d78aa327-b675-46da-b435-2214349a83ed,874,2023-05-08T19:54:22.611556+01:00,barcode07,rabv_ea,11923,4626,5592,776,800,RABV_EA
9ab05d07-cbd9-4d98-bcdd-55c57e51cc75,842,2023-05-08T19:54:39.611556+01:00,barcode07,?,11923,0,0,375,378,?
a0e6db44-a127-4dec-834b-f3c5e18d2cd4,819,2023-05-08T19:55:12.611556+01:00,barcode07,?,11923,0,0,362,371,?
083f8295-2cc2-44aa-ae04-b7abd7925391,474,2023-05-08T19:55:00.611556+01:00,barcode07,rabv_ea,11923,11424,11796,341,362,RABV_EA
868e2633-3dab-4ea3-a60f-246635886e1e,532,2023-05-08T19:55:00.611556+01:00,barcode07,rabv_ea,11923,5196,5605,368,401,RABV_EA
a684ce60-39db-4fed-a152-494065c19ac1,1625,2023-05-08T19:54:38.611556+01:00,barcode07,?,11923,0,0,368,374,?
d310b128-867c-4770-b62c-4bcdd87c9604,536,2023-05-08T19:54:35.611556+01:00,barcode07,rabv_ea,11923,10164,10580,398,410,RABV_EA
f8ba61ad-af81-4655-b770-6f2aab9bf28f,863,2023-05-08T19:55:08.611556+01:00,barcode07,?,11923,0,0,397,402,?
7b82c1d0-2fed-4abc-a883-6eba2e95d04c,948,2023-05-08T19:55:01.611556+01:00,barcode07,?,11923,0,0,390,400,?
5d7bf3be-3e94-4f8c-9b8d-19a03e4e2539,470,2023-05-08T19:54:24.611556+01:00,barcode07,rabv_ea,11923,1567,1958,376,387,RABV_EA
9fe30f5a-9d8d-485e-904f-8c3f95dba52d,2049,2023-05-08T19:55:06.611556+01:00,barcode07,?,11923,0,0,370,380,?
f06b5e74-c84f-42d0-ab85-aa39a2328e91,934,2023-05-08T19:54:59.611556+01:00,barcode07,?,11923,0,0,387,400,?
d38485d2-78fa-4fac-9c2f-50ecb94a12eb,515,2023-05-08T19:55:07.611556+01:00,barcode07,rabv_ea,11923,7690,8081,373,386,RABV_EA
37959482-280e-4efb-be31-99807ddbc95e,456,2023-05-08T19:54:22.611556+01:00,barcode07,rabv_ea,11923,11407,11794,353,372,RABV_EA
28f4cee5-fe96-44a3-ad4c-1f0303d47738,507,2023-05-08T19:54:59.611556+01:00,barcode07,rabv_ea,11923,6133,6515,371,379,RABV_EA
f8204645-4244-4554-b490-8138a6cb2974,878,2023-05-08T19:54:36.611556+01:00,barcode07,?,11923,0,0,399,408,?
5cac5d67-1e5f-45d0-9a77-643756f8f563,865,2023-05-08T19:55:02.611556+01:00,barcode07,?,11923,0,0,389,400,?
54374cc3-51bd-4071-8019-584bbbd267ca,721,2023-05-08T19:55:09.611556+01:00,barcode07,rabv_ea,11923,8929,9325,377,387,RABV_EA
fe760950-3c18-45fd-954d-876b30e1936f,493,2023-05-08T19:54:13.611556+01:00,barcode07,rabv_ea,11923,7698,8073,342,356,RABV_EA
98f8788b-86bd-451b-b07b-3ab8b5c0d1bb,526,2023-05-08T19:55:03.611556+01:00,barcode07,rabv_ea,11923,10164,10572,379,392,RABV_EA
4b3c66e9-6517-4490-814b-5994de4d308d,491,2023-05-08T19:55:01.611556+01:00,barcode07,rabv_ea,11923,7690,8081,354,367,RABV_EA
032a7858-c1d4-4be8-bfe9-b2a26d023057,430,2023-05-08T19:55:01.611556+01:00,barcode07,rabv_ea,11923,7781,8081,281,293,RABV_EA
fe47b149-98f6-4d8e-b43d-f30f1385e5d9,1607,2023-05-08T19:54:29.611556+01:00,barcode07,?,11923,0,0,374,382,?
7ec42631-1ae9-4be8-8702-8487de7cc092,1691,2023-05-08T19:54:59.611556+01:00,barcode07,?,11923,0,0,377,386,?
cc81a9d8-df51-463a-9ccb-13e2433e0e86,1349,2023-05-08T19:55:00.611556+01:00,barcode07,?,11923,0,0,367,384,?
d0be8d99-da61-4e8e-bfd0-c2ca30aff4da,548,2023-05-08T19:54:53.611556+01:00,barcode07,rabv_ea,11923,10164,10576,378,396,RABV_EA
01aceca6-dc8a-49f6-846d-711186fd3742,454,2023-05-08T19:54:15.611556+01:00,barcode07,rabv_ea,11923,1565,1958,371,382,RABV_EA
4b4afe38-5539-45cb-9f2e-0e179a6f104a,464,2023-05-08T19:54:52.611556+01:00,barcode07,rabv_ea,11923,10164,10560,361,385,RABV_EA
8b49183a-f1a1-4fa8-ad3d-96cbf52a3fbc,476,2023-05-08T19:54:34.611556+01:00,barcode07,rabv_ea,11923,7690,8082,356,372,RABV_EA
804c6c55-3f14-4439-8f91-0aba9a212cd7,451,2023-05-08T19:54:53.611556+01:00,barcode07,rabv_ea,11923,8956,9325,343,359,RABV_EA
d9d7fe6e-4bdc-4d07-9030-26a44dbd91f0,535,2023-05-08T19:54:52.611556+01:00,barcode07,rabv_ea,11923,10164,10576,400,404,RABV_EA
13ca2e10-17c1-4553-9d18-e9bd44414270,760,2023-05-08T19:54:50.611556+01:00,barcode07,?,11923,0,0,374,389,?
757a4bf2-f687-4bf0-bd7c-aa6dd0222567,506,2023-05-08T19:55:02.611556+01:00,barcode07,rabv_ea,11923,8927,9325,384,393,RABV_EA
9035d6ba-9e98-45eb-873f-01732f1c63b3,534,2023-05-08T19:55:01.611556+01:00,barcode07,rabv_ea,11923,10164,10559,376,382,RABV_EA
562a79ad-1fdf-4585-b8c3-e56891f2b21a,510,2023-05-08T19:55:00.611556+01:00,barcode07,rabv_ea,11923,7690,8081,377,381,RABV_EA
90caf775-40c4-496a-90c8-7209ae2d4767,833,2023-05-08T19:55:02.611556+01:00,barcode07,?,11923,0,0,355,368,?
c614796c-2024-44d0-81b1-66173455eda4,1594,2023-05-08T19:54:11.611556+01:00,barcode07,?,11923,0,0,376,384,?
0e5d0121-aa39-4d9a-8e23-6215f1dc1779,911,2023-05-08T19:55:01.611556+01:00,barcode07,?,11923,0,0,380,397,?
16c24eb2-4cef-44da-9828-5634ccf8303f,459,2023-05-08T19:54:16.611556+01:00,barcode07,rabv_ea,11923,5196,5589,374,383,RABV_EA
e4c017b4-ba01-4032-a4a8-c6b53037c6f5,879,2023-05-08T19:54:14.611556+01:00,barcode07,?,11923,0,0,337,360,?
81324876-fe9b-4367-82da-cd613d51f7c4,834,2023-05-08T19:54:58.611556+01:00,barcode07,?,11923,0,0,380,395,?
95ccc488-a88e-4eac-813c-3f99f4f1115c,854,2023-05-08T19:54:29.611556+01:00,barcode07,?,11923,0,0,378,391,?
ac41262d-51c2-4be6-8852-7deba9c4735e,1668,2023-05-08T19:54:59.611556+01:00,barcode07,?,11923,0,0,373,390,?
4dfcf2ec-a260-40e5-9cae-40fe3afa30bf,519,2023-05-08T19:54:42.611556+01:00,barcode07,rabv_ea,11923,10164,10576,379,398,RABV_EA
36dea48d-80cd-4ebd-a066-27fa90f648f5,449,2023-05-08T19:54:43.611556+01:00,barcode07,rabv_ea,11923,7690,8059,338,361,RABV_EA
e640f465-0ec7-4242-9e5d-acc399aacdab,471,2023-05-08T19:54:42.611556+01:00,barcode07,rabv_ea,11923,5211,5608,386,392,RABV_EA
cfc532d0-d6cf-4732-9941-f9922b38f00e,446,2023-05-08T19:54:42.611556+01:00,barcode07,rabv_ea,11923,5843,6223,355,367,RABV_EA
8cc1b996-2db1-45c0-9d8f-f7fb6ba79169,524,2023-05-08T19:54:05.611556+01:00,barcode07,rabv_ea,11923,11096,11458,317,345,RABV_EA
473b04ee-ff14-4572-afe4-c7309cba4cde,464,2023-05-08T19:54:04.611556+01:00,barcode07,rabv_ea,11923,10164,10562,382,385,RABV_EA
6365cb5e-3d58-4edb-9e59-b77171cd5097,1650,2023-05-08T19:54:40.611556+01:00,barcode07,?,11923,0,0,363,379,?
52207d4c-c19a-44f6-9ed9-8023e7f5b554,1436,2023-05-08T19:54:02.611556+01:00,barcode07,?,11923,0,0,376,388,?
3ba5e92a-00ed-4c5a-bb04-66116a4fb354,883,2023-05-08T19:54:05.611556+01:00,barcode07,?,11923,0,0,384,395,?
5962fb2e-ecb6-4b42-a118-9c83c96182d6,1262,2023-05-08T19:54:30.611556+01:00,barcode07,?,11923,0,0,382,395,?
04a55d48-519d-4c48-8048-d0216a98afca,503,2023-05-08T19:54:43.611556+01:00,barcode07,rabv_ea,11923,7690,8081,378,380,RABV_EA
9daefcb8-ceb4-48c5-a5ac-9002ea1c26e2,975,2023-05-08T19:54:30.611556+01:00,barcode07,?,11923,0,0,374,385,?
874cf28c-90f1-4415-8eea-3dcee2b4a676,1325,2023-05-08T19:54:35.611556+01:00,barcode07,?,11923,0,0,382,392,?
56df2a97-3cdc-43b6-b62d-3e5b38268583,486,2023-05-08T19:54:34.611556+01:00,barcode07,rabv_ea,11923,10164,10554,344,362,RABV_EA
c79ee476-2579-426d-a931-4b7d491b0cd4,357,2023-05-08T19:54:55.611556+01:00,barcode07,rabv_ea,11923,9054,9325,243,257,RABV_EA
23e271b2-6c7b-45b3-bafc-8184110d0f82,468,2023-05-08T19:55:03.611556+01:00,barcode07,rabv_ea,11923,10164,10561,388,391,RABV_EA
b81bfeea-f5b6-4b08-9a17-cfea4072ee5a,480,2023-05-08T19:54:37.611556+01:00,barcode07,rabv_ea,11923,9857,10245,381,383,RABV_EA
b61e3ce0-f62d-46d6-9697-8e0b999f3ce3,459,2023-05-08T19:54:29.611556+01:00,barcode07,rabv_ea,11923,10164,10564,376,387,RABV_EA
406f0466-e569-4e7a-9491-eff753ced99d,499,2023-05-08T19:54:32.611556+01:00,barcode07,rabv_ea,11923,1627,1958,303,310,RABV_EA
ac5ed09d-44f0-45fc-bcb9-4a3fa98b93d1,524,2023-05-08T19:54:35.611556+01:00,barcode07,rabv_ea,11923,8927,9325,388,392,RABV_EA
e41f98e8-94cd-434a-b485-8a94d8c72022,405,2023-05-08T19:54:29.611556+01:00,barcode07,rabv_ea,11923,7205,7467,255,257,RABV_EA
2056467e-040a-4e3c-abae-81346db42b5f,1291,2023-05-08T19:54:30.611556+01:00,barcode07,?,11923,0,0,365,374,?
02d8863f-99aa-4a6c-841e-958cb35d4c44,537,2023-05-08T19:54:35.611556+01:00,barcode07,rabv_ea,11923,10164,10570,368,389,RABV_EA
555767fa-f1c0-41ed-abca-54a0021b50d6,535,2023-05-08T19:54:42.611556+01:00,barcode07,rabv_ea,11923,9851,10263,392,402,RABV_EA
48ae817f-3abe-4440-8a09-61d8349afa03,1763,2023-05-08T19:54:22.611556+01:00,barcode07,?,11923,0,0,638,679,?
6e513d73-c19e-4fce-9537-b89acdbfd3da,910,2023-05-08T19:54:38.611556+01:00,barcode07,?,11923,0,0,386,396,?
dc8bf0c9-78fe-4a85-8c0e-36125a0980e8,853,2023-05-08T19:54:38.611556+01:00,barcode07,?,11923,0,0,343,351,?
4add8b65-40fa-468f-96eb-b7bdd2ae7237,871,2023-05-08T19:54:28.611556+01:00,barcode07,?,11923,0,0,387,396,?
5c5fe6f8-01d6-4a86-9ff3-35a6c0583c47,862,2023-05-08T19:54:37.611556+01:00,barcode07,?,11923,0,0,404,407,?
0e71f39e-1fd1-4d32-8ade-268507c55f8b,230,2023-05-08T19:54:06.611556+01:00,barcode07,rabv_ea,11923,11724,11778,54,54,RABV_EA
2099ecc9-313e-4753-ae55-ddcc051f8529,433,2023-05-08T19:54:34.611556+01:00,barcode07,rabv_ea,11923,7707,8081,345,357,RABV_EA
2a76c284-07b0-4424-a477-1bf668572d3c,919,2023-05-08T19:54:40.611556+01:00,barcode07,?,11923,0,0,373,382,?
e0204527-0770-4a1f-bf23-b7557f0942b8,452,2023-05-08T19:54:40.611556+01:00,barcode07,rabv_ea,11923,5836,6220,329,366,RABV_EA
bbcf1dec-2f66-48af-afb7-45e3f4525ff8,874,2023-05-08T19:54:28.611556+01:00,barcode07,?,11923,0,0,371,391,?
08e21e3c-bf28-4f17-95e5-ef9e775fca6c,515,2023-05-08T19:54:51.611556+01:00,barcode07,rabv_ea,11923,6133,6528,373,385,RABV_EA
8dae0c9a-1111-4867-8b81-48b72d3dcf74,844,2023-05-08T19:54:44.611556+01:00,barcode07,?,11923,0,0,382,393,?
268cc54a-4097-4943-9ce5-703b7fdc531f,916,2023-05-08T19:54:25.611556+01:00,barcode07,?,11923,0,0,398,406,?
67f4cfb3-22e6-4610-bb55-f9ceb6286703,1701,2023-05-08T19:54:28.611556+01:00,barcode07,?,11923,0,0,385,393,?
8afb0fa1-09ac-4730-a816-eae435ff8fda,455,2023-05-08T19:54:27.611556+01:00,barcode07,rabv_ea,11923,5846,6223,366,370,RABV_EA
b6d4f26a-e3c5-49f4-8cba-c15e0a9fa42e,459,2023-05-08T19:54:34.611556+01:00,barcode07,rabv_ea,11923,8947,9330,360,375,RABV_EA
e324708e-6de5-47ee-a3ea-c2442210a22c,846,2023-05-08T19:54:43.611556+01:00,barcode07,?,11923,0,0,368,376,?
19b32f98-c931-4835-91af-da8d7f9dce68,1761,2023-05-08T19:54:26.611556+01:00,barcode07,?,11923,0,0,380,385,?
8ad562ec-dc73-45c6-80d9-03b931e70e6a,809,2023-05-08T19:54:29.611556+01:00,barcode07,?,11923,0,0,280,286,?
8680b630-00bd-4f3c-bbbf-9085588c629e,865,2023-05-08T19:54:32.611556+01:00,barcode07,?,11923,0,0,411,417,?
7899e5c0-5651-4e77-9208-5f981c6fb627,550,2023-05-08T19:54:07.611556+01:00,barcode07,rabv_ea,11923,10172,10576,387,402,RABV_EA
075e86ed-e831-4989-ad11-bc65ba3d72ee,861,2023-05-08T19:54:44.611556+01:00,barcode07,?,11923,0,0,377,385,?
369dae98-4f53-4d5e-86ea-bd651e668139,248,2023-05-08T19:54:29.611556+01:00,barcode07,rabv_ea,11923,7899,8081,168,176,RABV_EA
f8991616-ecf2-4e60-b1ed-6f4a3bee9f21,856,2023-05-08T19:54:24.611556+01:00,barcode07,?,11923,0,0,369,376,?
98ba8ff6-9ecc-4c31-a7c2-8e3629948ade,505,2023-05-08T19:54:27.611556+01:00,barcode07,rabv_ea,11923,7690,8081,372,378,RABV_EA
442700ab-dade-46e6-b062-177bc70dd7bd,822,2023-05-08T19:54:26.611556+01:00,barcode07,?,11923,0,0,346,367,?
b0b4d2fe-151d-4d5f-98d2-85cd35120756,859,2023-05-08T19:54:20.611556+01:00,barcode07,?,11923,0,0,373,379,?
b7b53c0d-c8bb-4b49-afb3-75b7956aa143,497,2023-05-08T19:54:23.611556+01:00,barcode07,*,0,0,0,0,0,*
81c19b44-90a0-4cfe-85d4-ee22464cd1bf,1667,2023-05-08T19:54:18.611556+01:00,barcode07,?,11923,0,0,389,399,?
68795a1e-0662-4ef6-b092-ebff63a7e60c,599,2023-05-08T19:54:22.611556+01:00,barcode07,?,11923,0,0,326,351,?
68065c73-e594-42af-ac13-4e98e47ec549,1363,2023-05-08T19:54:21.611556+01:00,barcode07,rabv_ea,11923,4626,5598,874,935,RABV_EA
9b59a334-2c26-4eb5-93d9-0579c7b762be,471,2023-05-08T19:54:26.611556+01:00,barcode07,rabv_ea,11923,10176,10576,386,393,RABV_EA
6620e247-5f2b-4d61-bade-c845a12b5ea4,1244,2023-05-08T19:54:37.611556+01:00,barcode07,?,11923,0,0,378,389,?
6b83fcbe-3364-432c-a403-7d67cd430e20,511,2023-05-08T19:54:18.611556+01:00,barcode07,rabv_ea,11923,7690,8080,363,376,RABV_EA
96d1b567-755d-4ede-b05a-cde6b9e7de11,501,2023-05-08T19:54:41.611556+01:00,barcode07,rabv_ea,11923,7699,8081,357,364,RABV_EA
4f1728d5-b9a2-457d-b44c-76b2708f16f4,521,2023-05-08T19:54:27.611556+01:00,barcode07,rabv_ea,11923,10164,10576,393,395,RABV_EA
30820f78-8c6b-4d18-aac6-9849ab720247,867,2023-05-08T19:54:39.611556+01:00,barcode07,?,11923,0,0,378,389,?
19160678-ad1d-48ac-8389-3e45a33cc594,3101,2023-05-08T19:53:57.611556+01:00,barcode07,?,11923,0,0,382,388,?
ecb802e0-6c3e-4aa1-9007-db51312b73b7,451,2023-05-08T19:54:41.611556+01:00,barcode07,rabv_ea,11923,8949,9325,346,366,RABV_EA
ec787e0a-3d8b-44aa-be41-d405e8a5a87e,435,2023-05-08T19:54:26.611556+01:00,barcode07,rabv_ea,11923,8956,9325,344,358,RABV_EA
f85b3104-811e-454a-ac85-9ce230f6c394,438,2023-05-08T19:54:25.611556+01:00,barcode07,rabv_ea,11923,1576,1949,325,347,RABV_EA
c476923d-6856-48ef-a545-9f42189495db,450,2023-05-08T19:54:05.611556+01:00,barcode07,rabv_ea,11923,8941,9325,364,374,RABV_EA
71d46906-944c-4422-b295-d1892cd4766a,337,2023-05-08T19:54:26.611556+01:00,barcode07,rabv_ea,11923,5822,6063,229,237,RABV_EA
dce84f0b-593f-4101-a684-0d5c5b05aa92,844,2023-05-08T19:54:28.611556+01:00,barcode07,?,11923,0,0,376,393,?
f7df598d-4b2b-4422-ba7b-a71181c317d4,494,2023-05-08T19:54:18.611556+01:00,barcode07,rabv_ea,11923,6134,6501,325,335,RABV_EA
aad25923-cc7f-458f-8931-defd40e899c1,810,2023-05-08T19:54:18.611556+01:00,barcode07,?,11923,0,0,366,385,?
c320d3c9-9307-4170-b7ce-733e4a57c544,467,2023-05-08T19:54:08.611556+01:00,barcode07,rabv_ea,11923,9872,10260,369,380,RABV_EA
afc5a658-8b54-40cf-9398-af812bd29e38,870,2023-05-08T19:54:06.611556+01:00,barcode07,?,11923,0,0,374,391,?
d3102979-ad18-4f3f-bf5d-b69ea7cabac2,459,2023-05-08T19:54:05.611556+01:00,barcode07,rabv_ea,11923,7060,7451,378,383,RABV_EA
8d40b1a7-de79-4987-ab7f-9a0dce5adc63,503,2023-05-08T19:54:03.611556+01:00,barcode07,rabv_ea,11923,7690,8081,373,380,RABV_EA
21fa5ce5-169d-43a0-9937-041ed25cc4e8,466,2023-05-08T19:54:31.611556+01:00,barcode07,rabv_ea,11923,1565,1958,372,385,RABV_EA
f93d970f-304d-46a8-9348-78010abfe299,458,2023-05-08T19:54:29.611556+01:00,barcode07,rabv_ea,11923,6137,6515,344,366,RABV_EA
2dc1c672-c6b8-42e9-8522-7ce0029a3be7,475,2023-05-08T19:54:29.611556+01:00,barcode07,rabv_ea,11923,10164,10562,379,392,RABV_EA
4c94d775-8a59-41e9-b1ea-0cc8e9d4234a,1698,2023-05-08T19:54:26.611556+01:00,barcode07,?,11923,0,0,382,390,?
6f60e40d-cc65-4cf6-b500-6c0056e321f9,889,2023-05-08T19:54:33.611556+01:00,barcode07,?,11923,0,0,374,383,?
4d33c17e-e373-4e48-82ac-d103afc22124,511,2023-05-08T19:53:59.611556+01:00,barcode07,rabv_ea,11923,7690,8081,388,389,RABV_EA
9d64b7df-f127-4b62-a1d3-0b6d6ce5c861,1778,2023-05-08T19:54:09.611556+01:00,barcode07,?,11923,0,0,387,396,?
4f56a74f-c4d1-4ffe-8de3-f037265fb141,861,2023-05-08T19:54:38.611556+01:00,barcode07,?,11923,0,0,393,398,?
23b3e5ce-b366-40e1-9905-5c570a83bb4b,1277,2023-05-08T19:54:37.611556+01:00,barcode07,?,11923,0,0,360,370,?
5538dc98-4f32-4002-a828-4b9b4930b52d,438,2023-05-08T19:54:20.611556+01:00,barcode07,rabv_ea,11923,7707,8081,350,363,RABV_EA
71725d4a-3b57-4cfa-8514-7ff880e2661a,866,2023-05-08T19:53:56.611556+01:00,barcode07,?,11923,0,0,397,403,?
6d0f325c-bd5b-421f-8b67-10d1c94e3cd5,468,2023-05-08T19:53:52.611556+01:00,barcode07,rabv_ea,11923,7060,7432,353,363,RABV_EA
abd56527-4ef9-4ae0-b674-09366f1d72de,509,2023-05-08T19:53:51.611556+01:00,barcode07,rabv_ea,11923,7692,8051,327,341,RABV_EA
82f2469a-d64c-4941-8ef1-5dfa6b6bed27,427,2023-05-08T19:53:53.611556+01:00,barcode07,rabv_ea,11923,7721,8061,309,326,RABV_EA
b9a03884-00c4-4829-911e-6967543f905f,862,2023-05-08T19:53:51.611556+01:00,barcode07,?,11923,0,0,369,385,?
731c8e50-2561-4c0c-a6a4-9cff23c32744,284,2023-05-08T19:53:55.611556+01:00,barcode07,rabv_ea,11923,11575,11794,208,214,RABV_EA
1d4bde89-968e-4a3c-8ad3-2aa5fde04c23,533,2023-05-08T19:53:53.611556+01:00,barcode07,rabv_ea,11923,9851,10263,405,408,RABV_EA
b47cdd8c-ef5c-4dd7-9c8c-64534ca889cd,456,2023-05-08T19:54:16.611556+01:00,barcode07,rabv_ea,11923,1567,1958,369,380,RABV_EA
eb9c590c-4dcd-4a85-b7f2-60108981d432,925,2023-05-08T19:54:35.611556+01:00,barcode07,?,11923,0,0,366,389,?
c527c22f-9711-4774-b6b3-d2fee6033e25,2031,2023-05-08T19:53:48.611556+01:00,barcode07,?,11923,0,0,341,356,?
41fc9816-9c4b-4730-970d-f924a114894a,1224,2023-05-08T19:53:53.611556+01:00,barcode07,?,11923,0,0,376,391,?
d3066e0e-a091-448a-9945-fecaecd380e7,522,2023-05-08T19:54:27.611556+01:00,barcode07,rabv_ea,11923,6133,6519,374,381,RABV_EA
a268fa9f-1215-4469-b326-1627cd7c572a,525,2023-05-08T19:54:18.611556+01:00,barcode07,rabv_ea,11923,10164,10573,374,391,RABV_EA
091f1d03-8eb6-41a1-9da0-8a994d134b4a,521,2023-05-08T19:54:12.611556+01:00,barcode07,rabv_ea,11923,7690,8077,356,377,RABV_EA
cb076997-ef08-4fe6-8ba7-96e23209c703,499,2023-05-08T19:54:38.611556+01:00,barcode07,rabv_ea,11923,7690,8076,346,361,RABV_EA
9f8a9adf-97d1-462a-bc15-a70b9772ff5d,498,2023-05-08T19:53:55.611556+01:00,barcode07,rabv_ea,11923,7690,8081,359,380,RABV_EA
046a5af8-fa5d-4f49-b3c5-5626ee8a2bec,453,2023-05-08T19:53:52.611556+01:00,barcode07,rabv_ea,11923,10177,10570,362,377,RABV_EA
1bc95a22-2bdc-4e48-8646-9f84d1eba4c1,1028,2023-05-08T19:54:17.611556+01:00,barcode07,rabv_ea,11923,627,1958,855,940,RABV_EA
ea08f9d2-9be3-4960-8714-430e3f7619d9,879,2023-05-08T19:54:18.611556+01:00,barcode07,?,11923,0,0,359,368,?
847ca086-3bca-4842-869b-e7aa537e1a59,470,2023-05-08T19:54:11.611556+01:00,barcode07,rabv_ea,11923,5196,5534,324,332,RABV_EA
8f96068d-b591-4277-a90f-9e04378bcb21,521,2023-05-08T19:53:52.611556+01:00,barcode07,rabv_ea,11923,10164,10582,368,392,RABV_EA
f6a7081d-e037-4b4b-8e56-ef74372c2772,853,2023-05-08T19:54:32.611556+01:00,barcode07,?,11923,0,0,373,381,?
05d13bd4-2fd6-45e0-a585-d62f25aeea65,872,2023-05-08T19:54:16.611556+01:00,barcode07,?,11923,0,0,383,385,?
049b57d8-7376-4a0c-a8d2-bd496584587f,443,2023-05-08T19:54:34.611556+01:00,barcode07,rabv_ea,11923,5823,6200,352,364,RABV_EA
21c5d63b-bd24-45be-82c4-99f3a7c37143,464,2023-05-08T19:53:56.611556+01:00,barcode07,rabv_ea,11923,9851,10247,365,379,RABV_EA
79aeec4c-0931-486d-9f0c-02794900c078,474,2023-05-08T19:54:22.611556+01:00,barcode07,rabv_ea,11923,9859,10245,366,375,RABV_EA
8c85cf3f-ab86-4981-aec2-1b2a2a08266d,680,2023-05-08T19:53:56.611556+01:00,barcode07,rabv_ea,11923,10164,10571,388,397,RABV_EA
4b4eb4b6-5238-48e2-91cd-9ffd9f2731e5,507,2023-05-08T19:53:59.611556+01:00,barcode07,rabv_ea,11923,7699,8081,348,362,RABV_EA
fea4b97d-1f56-4b63-ab73-680884fa2785,845,2023-05-08T19:54:18.611556+01:00,barcode07,?,11923,0,0,373,390,?
11217fae-18d4-446d-a4e3-3f56080e0163,408,2023-05-08T19:53:51.611556+01:00,barcode07,?,11923,0,0,148,158,?
46800fcf-ffd8-4e38-b783-9a536674588e,442,2023-05-08T19:54:19.611556+01:00,barcode07,rabv_ea,11923,6149,6528,361,368,RABV_EA
d916a3e4-52ce-4927-9214-ab8ba41d9845,482,2023-05-08T19:54:09.611556+01:00,barcode07,rabv_ea,11923,7690,8078,353,368,RABV_EA
d4ec4141-2cbb-413a-a402-61dcc2aae945,449,2023-05-08T19:54:20.611556+01:00,barcode07,rabv_ea,11923,8941,9325,362,376,RABV_EA
5cd98f8b-425f-4623-a2df-8a66fd477041,506,2023-05-08T19:54:17.611556+01:00,barcode07,rabv_ea,11923,7690,8081,368,377,RABV_EA
80157adf-0b89-46d7-a8a3-fb02a5c87a68,522,2023-05-08T19:54:16.611556+01:00,barcode07,rabv_ea,11923,1556,1958,367,385,RABV_EA
178e2112-534f-49c3-ae0a-d54b6756ee28,677,2023-05-08T19:54:09.611556+01:00,barcode07,rabv_ea,11923,9002,9325,311,317,RABV_EA
4a3f0ba6-c2fc-445d-8b0c-62cd47d7db04,855,2023-05-08T19:54:13.611556+01:00,barcode07,?,11923,0,0,368,383,?
fed77e57-417e-48c9-8bc4-036b96afd9b2,838,2023-05-08T19:54:17.611556+01:00,barcode07,?,11923,0,0,365,383,?
75ae8d55-4521-4652-b937-892fb9db90b0,245,2023-05-08T19:54:34.611556+01:00,barcode07,rabv_ea,11923,7311,7467,147,151,RABV_EA
24b45dba-7fc2-4d03-a985-73271231929a,902,2023-05-08T19:54:36.611556+01:00,barcode07,?,11923,0,0,378,383,?
065a5960-6f69-4c8c-8577-fd7824a6e2e2,2085,2023-05-08T19:54:31.611556+01:00,barcode07,?,11923,0,0,402,410,?
bae63fe7-398e-4b9b-a467-71244689a1ff,463,2023-05-08T19:54:01.611556+01:00,barcode07,rabv_ea,11923,10179,10570,366,378,RABV_EA
341124fc-a4e9-437e-8be5-be8a0699c15f,446,2023-05-08T19:54:34.611556+01:00,barcode07,rabv_ea,11923,7078,7467,357,376,RABV_EA
e30a66ef-8fe8-4510-92de-68c831193b5a,867,2023-05-08T19:54:18.611556+01:00,barcode07,?,11923,0,0,383,395,?
1aa1627a-d00d-4919-8339-da37cd50aa61,454,2023-05-08T19:54:19.611556+01:00,barcode07,rabv_ea,11923,7704,8066,353,357,RABV_EA
0ebfbb07-b0c8-4db0-9132-6023e6e371f3,461,2023-05-08T19:54:35.611556+01:00,barcode07,rabv_ea,11923,10172,10560,367,376,RABV_EA
480cb508-530d-4465-976c-049702e8aa35,503,2023-05-08T19:54:36.611556+01:00,barcode07,rabv_ea,11923,7689,8081,366,378,RABV_EA
cf355d2f-0aa7-491e-a5ad-4767ac4a5399,474,2023-05-08T19:54:36.611556+01:00,barcode07,rabv_ea,11923,9851,10247,370,385,RABV_EA
b4f2578c-e4bf-4fe5-a542-55dd1c6a2eab,513,2023-05-08T19:53:52.611556+01:00,barcode07,rabv_ea,11923,7692,8075,368,377,RABV_EA
b0631a21-968f-446e-8635-c114dad5be2d,158,2023-05-08T19:54:15.611556+01:00,barcode07,*,0,0,0,0,0,*
3e30a078-f8de-4366-b641-5a38b9139bb9,520,2023-05-08T19:54:15.611556+01:00,barcode07,rabv_ea,11923,1553,1958,378,388,RABV_EA
1f06109b-03ff-4a1c-8282-7bb774a10595,1661,2023-05-08T19:54:07.611556+01:00,barcode07,?,11923,0,0,387,389,?
1b8ce541-6d65-4c96-9039-dc1f7ab97221,841,2023-05-08T19:54:10.611556+01:00,barcode07,?,11923,0,0,367,391,?
862f0e52-34e1-4a51-8320-f9e69df21a1f,870,2023-05-08T19:54:12.611556+01:00,barcode07,?,11923,0,0,393,406,?
d2d09e45-f9c4-4694-afb8-f8d80a1e2273,850,2023-05-08T19:54:13.611556+01:00,barcode07,?,11923,0,0,367,395,?
6e4d8699-572d-4cc7-8eb5-97a18655fb3b,902,2023-05-08T19:54:14.611556+01:00,barcode07,?,11923,0,0,383,407,?
c54fb310-ce31-4c0b-82de-d8f8347a03d8,852,2023-05-08T19:53:45.611556+01:00,barcode07,?,11923,0,0,369,385,?
a1b94fa8-e57b-466d-a5b0-0e2848e1385c,866,2023-05-08T19:53:58.611556+01:00,barcode07,?,11923,0,0,350,359,?
57d72863-b431-4650-aae6-5902744a7a3e,842,2023-05-08T19:54:05.611556+01:00,barcode07,?,11923,0,0,386,389,?
2796b27f-a3ca-4241-ae58-3d7e9a405d9c,496,2023-05-08T19:54:05.611556+01:00,barcode07,rabv_ea,11923,7706,8081,354,360,RABV_EA
2483ac24-c36b-4889-93ef-eb2774abe39f,525,2023-05-08T19:54:11.611556+01:00,barcode07,rabv_ea,11923,10164,10576,397,402,RABV_EA
8c8dc2be-e320-4440-98b6-b74eb86669b6,471,2023-05-08T19:54:09.611556+01:00,barcode07,rabv_ea,11923,7702,8078,345,365,RABV_EA
77706945-8f8c-4fc2-a805-090d97515592,455,2023-05-08T19:54:12.611556+01:00,barcode07,rabv_ea,11923,5835,6223,367,377,RABV_EA
c52b18f8-aad5-47c4-ac72-f2e1aaaee03e,1818,2023-05-08T19:53:46.611556+01:00,barcode07,?,11923,0,0,375,386,?
d22c704c-0486-4181-978b-5d128dffc7d4,524,2023-05-08T19:54:08.611556+01:00,barcode07,rabv_ea,11923,10170,10570,376,392,RABV_EA
be567337-55a1-43c2-8d2c-b334874cb339,452,2023-05-08T19:53:52.611556+01:00,barcode07,rabv_ea,11923,1567,1958,348,369,RABV_EA
600c50fd-aa3c-4e6f-8127-d6f621fc53e3,457,2023-05-08T19:53:54.611556+01:00,barcode07,rabv_ea,11923,11392,11783,367,384,RABV_EA
9308596d-a072-470d-b959-67119bbb24d7,530,2023-05-08T19:54:04.611556+01:00,barcode07,rabv_ea,11923,10164,10573,393,399,RABV_EA
ed183d54-3221-4e7b-abbf-7c4df57c1268,729,2023-05-08T19:53:55.611556+01:00,barcode07,rabv_ea,11923,10164,10530,341,357,RABV_EA
77e5fcda-b61a-473e-9e8c-ac4ca9a88cd3,457,2023-05-08T19:54:02.611556+01:00,barcode07,rabv_ea,11923,7706,8081,373,374,RABV_EA
3fe6344f-f553-4397-a222-efd4234c148e,1258,2023-05-08T19:53:59.611556+01:00,barcode07,rabv_ea,11923,5199,6207,881,960,RABV_EA
34039833-ca12-41fd-91e0-bba11d9a402d,835,2023-05-08T19:54:02.611556+01:00,barcode07,?,11923,0,0,356,372,?
d3bc94a4-78c6-4b4a-9be8-a151fb836620,454,2023-05-08T19:54:14.611556+01:00,barcode07,rabv_ea,11923,9871,10263,376,380,RABV_EA
f1e57ab0-c700-498e-8ba4-305646471f8b,531,2023-05-08T19:53:53.611556+01:00,barcode07,rabv_ea,11923,10164,10576,403,407,RABV_EA
be5f6df6-fd0c-4d34-81ff-c93dcc3420c5,515,2023-05-08T19:54:03.611556+01:00,barcode07,rabv_ea,11923,10164,10572,358,378,RABV_EA
8fb82894-2e7c-4c8f-b63e-2724a48cd7fd,446,2023-05-08T19:53:58.611556+01:00,barcode07,rabv_ea,11923,6133,6501,335,356,RABV_EA
1f776eb8-6d61-4e33-b4a5-1e4213515bd5,1812,2023-05-08T19:53:39.611556+01:00,barcode07,?,11923,0,0,387,396,?
c0215c42-7fd7-485b-bcdc-4b0d9b015328,472,2023-05-08T19:54:14.611556+01:00,barcode07,rabv_ea,11923,10161,10562,374,389,RABV_EA
84883d21-2de2-43ba-961b-5a6ce07dc878,878,2023-05-08T19:54:12.611556+01:00,barcode07,?,11923,0,0,380,392,?
e5cce402-7d7e-4dd5-98c3-99d30294f2d5,427,2023-05-08T19:53:44.611556+01:00,barcode07,rabv_ea,11923,7714,8081,335,347,RABV_EA
f15e049c-6a52-4b1b-ad79-4d959d5ad2bf,501,2023-05-08T19:54:05.611556+01:00,barcode07,rabv_ea,11923,1651,1958,283,292,RABV_EA
6a5b99bb-bb67-489e-aff2-725dd9609432,1284,2023-05-08T19:53:44.611556+01:00,barcode07,?,11923,0,0,395,401,?
74d906e8-ed77-4eff-82ff-a1e5c71fe260,463,2023-05-08T19:53:48.611556+01:00,barcode07,rabv_ea,11923,3386,3774,370,383,RABV_EA
c7a7d773-7c65-4bd1-bdef-a8f558d86b26,1251,2023-05-08T19:53:47.611556+01:00,barcode07,?,11923,0,0,368,385,?
0c5557b1-1d5a-4d8e-95f6-fb0beb2674bd,462,2023-05-08T19:53:50.611556+01:00,barcode07,rabv_ea,11923,8939,9325,371,382,RABV_EA
d5238b6e-e368-4c67-b73f-31ab3b42620a,905,2023-05-08T19:53:49.611556+01:00,barcode07,?,11923,0,0,365,381,?
f18391f3-b67c-436c-a78d-817a1b4820b3,866,2023-05-08T19:53:49.611556+01:00,barcode07,?,11923,0,0,376,379,?
18ef228e-c1ac-435d-b496-ac52d47976fa,472,2023-05-08T19:53:43.611556+01:00,barcode07,rabv_ea,11923,5202,5582,344,364,RABV_EA
47204571-700c-44da-97ae-b308a974080f,499,2023-05-08T19:53:45.611556+01:00,barcode07,rabv_ea,11923,9850,10263,386,400,RABV_EA
3672cc8b-c1c2-425f-8521-0902721f74a7,509,2023-05-08T19:53:54.611556+01:00,barcode07,rabv_ea,11923,10164,10568,355,371,RABV_EA
6045fccc-b104-4c9d-9d11-002c0ea123ac,1646,2023-05-08T19:53:48.611556+01:00,barcode07,?,11923,0,0,376,387,?
a0e273c0-07cc-4b70-a363-519379d14803,862,2023-05-08T19:53:51.611556+01:00,barcode07,?,11923,0,0,395,406,?
50af0531-f804-46bd-b367-c45f593ae7ae,1684,2023-05-08T19:53:52.611556+01:00,barcode07,?,11923,0,0,380,389,?
55b9f540-f748-4707-9d0c-6a2fc94990b2,468,2023-05-08T19:54:04.611556+01:00,barcode07,rabv_ea,11923,10164,10556,374,385,RABV_EA
228ba41f-35c5-4416-a229-b0e7c00a2cdf,442,2023-05-08T19:53:44.611556+01:00,barcode07,rabv_ea,11923,6133,6515,364,373,RABV_EA
94b53398-2e7e-4df5-95d4-8c558a2f8ccd,495,2023-05-08T19:53:46.611556+01:00,barcode07,rabv_ea,11923,6133,6522,360,381,RABV_EA
805012d2-d555-4674-b242-d273adacbdec,443,2023-05-08T19:53:19.611556+01:00,barcode07,rabv_ea,11923,3386,3777,361,373,RABV_EA
36f34680-1323-4666-b61b-89f29b5eaeea,869,2023-05-08T19:53:44.611556+01:00,barcode07,?,11923,0,0,387,391,?
67a37acd-7ad0-4d6d-8ecd-b02238aeedbb,414,2023-05-08T19:53:20.611556+01:00,barcode07,rabv_ea,11923,5854,6223,315,334,RABV_EA
7aae6100-98e4-4e3e-a902-5dcb2387a429,865,2023-05-08T19:53:44.611556+01:00,barcode07,?,11923,0,0,377,383,?
473006cb-143c-46eb-9c94-74adb9b4a4db,471,2023-05-08T19:53:17.611556+01:00,barcode07,rabv_ea,11923,5203,5595,381,387,RABV_EA
2973bdd2-6047-4b6e-b313-a953edb9869b,892,2023-05-08T19:53:44.611556+01:00,barcode07,?,11923,0,0,379,406,?
7df12cd8-ec87-4c2b-94b2-c874ef0456e3,451,2023-05-08T19:53:46.611556+01:00,barcode07,rabv_ea,11923,8942,9323,364,372,RABV_EA
19744bac-ca35-47ba-95df-91d4a99c8f0a,512,2023-05-08T19:54:03.611556+01:00,barcode07,rabv_ea,11923,7690,8064,350,362,RABV_EA
89deaa20-4a4a-4c9e-85e1-d4268fde8e87,536,2023-05-08T19:53:56.611556+01:00,barcode07,rabv_ea,11923,10164,10576,382,403,RABV_EA
143665e2-e321-4b2b-b16e-9f53bd5334fe,454,2023-05-08T19:54:04.611556+01:00,barcode07,rabv_ea,11923,8942,9325,364,374,RABV_EA
d7f44cb5-0e97-4b66-8095-3a8c9644766b,507,2023-05-08T19:54:01.611556+01:00,barcode07,rabv_ea,11923,7699,8073,326,348,RABV_EA
b1a10698-9c2f-4b1d-9661-f42c56aba194,527,2023-05-08T19:53:51.611556+01:00,barcode07,rabv_ea,11923,8930,9328,383,390,RABV_EA
93c43788-5d48-4307-ad6b-0c03bcf84ec8,513,2023-05-08T19:53:18.611556+01:00,barcode07,rabv_ea,11923,7690,8081,368,382,RABV_EA
e38259c9-67eb-449b-b627-af61ff7ec45f,863,2023-05-08T19:54:01.611556+01:00,barcode07,?,11923,0,0,378,388,?
d530a562-4fa1-425f-b5af-952659823689,544,2023-05-08T19:54:06.611556+01:00,barcode07,rabv_ea,11923,10164,10576,402,408,RABV_EA
b9800fe4-8885-4b53-889a-c0bb2123fa89,815,2023-05-08T19:53:46.611556+01:00,barcode07,?,11923,0,0,356,369,?
3b995acf-b437-404f-bf24-ba09e5ec14c1,909,2023-05-08T19:53:49.611556+01:00,barcode07,?,11923,0,0,376,383,?
cd99a9d0-dbe7-4bd1-9847-97c0e5ef8c96,1328,2023-05-08T19:54:01.611556+01:00,barcode07,?,11923,0,0,377,388,?
3344400e-c1de-4f15-83af-e6c5c07bc618,443,2023-05-08T19:53:19.611556+01:00,barcode07,rabv_ea,11923,5847,6223,357,361,RABV_EA
64500d76-5509-48a1-9895-f4a77929e644,1249,2023-05-08T19:53:45.611556+01:00,barcode07,?,11923,0,0,347,363,?
cac50150-bc2c-41e1-878f-5a434e160399,1716,2023-05-08T19:54:03.611556+01:00,barcode07,?,11923,0,0,388,399,?
53fd94d5-3aba-445d-aa62-0d96745ef3d5,427,2023-05-08T19:53:47.611556+01:00,barcode07,rabv_ea,11923,319,655,323,333,RABV_EA
859aa248-3929-4a07-aef5-29632cdf3209,466,2023-05-08T19:53:21.611556+01:00,barcode07,rabv_ea,11923,6737,7141,374,389,RABV_EA
6c739051-4c14-471a-b9dc-98dd51db0909,1263,2023-05-08T19:54:02.611556+01:00,barcode07,?,11923,0,0,366,369,?
47f3b1de-9650-4f8d-b52f-ca4b9150b7e4,496,2023-05-08T19:53:19.611556+01:00,barcode07,rabv_ea,11923,7682,8081,362,381,RABV_EA
f1b09b05-af74-4983-9aa1-982e2ccec0c3,902,2023-05-08T19:53:19.611556+01:00,barcode07,?,11923,0,0,354,381,?
23d76d50-2889-4c72-a485-83ff3370bbdf,2065,2023-05-08T19:53:14.611556+01:00,barcode07,?,11923,0,0,776,784,?
fb60a9c3-a59b-467a-99b2-61728b97fcce,1605,2023-05-08T19:54:01.611556+01:00,barcode07,?,11923,0,0,402,407,?
617a0b20-2d06-453b-b820-0f49d5951674,914,2023-05-08T19:53:16.611556+01:00,barcode07,?,11923,0,0,373,379,?
24397049-6d96-4bc4-bd72-9e46b929bb22,508,2023-05-08T19:53:53.611556+01:00,barcode07,rabv_ea,11923,8927,9320,355,375,RABV_EA
e2adc1c0-e7fa-4a3e-802e-2daba67ae389,417,2023-05-08T19:53:58.611556+01:00,barcode07,rabv_ea,11923,7706,8073,323,331,RABV_EA
faca0451-88be-4541-9959-0cfcfd64c011,1717,2023-05-08T19:53:41.611556+01:00,barcode07,?,11923,0,0,895,931,?
e5e0bd52-2932-40ae-95e8-98a6f7bc1803,843,2023-05-08T19:53:58.611556+01:00,barcode07,?,11923,0,0,361,374,?
8950e2b6-ad44-4f87-9938-8413afa048e1,476,2023-05-08T19:53:57.611556+01:00,barcode07,rabv_ea,11923,1567,1958,351,378,RABV_EA
d3ffbb98-656d-423d-afe4-05135e00a2f7,1996,2023-05-08T19:53:38.611556+01:00,barcode07,?,11923,0,0,661,678,?
5ee16d83-46c7-4822-92df-5e53fe01b101,2518,2023-05-08T19:53:57.611556+01:00,barcode07,?,11923,0,0,404,411,?
afd9c4e4-672a-4a08-8d80-498fdaca53be,1261,2023-05-08T19:53:54.611556+01:00,barcode07,?,11923,0,0,399,400,?
1b129436-1ea1-4993-91b9-735122dd4745,1317,2023-05-08T19:53:42.611556+01:00,barcode07,?,11923,0,0,362,371,?
c211233f-cd4e-4f9d-90aa-c3346349b771,457,2023-05-08T19:53:44.611556+01:00,barcode07,rabv_ea,11923,11405,11793,357,377,RABV_EA
86523c9f-3426-4b32-8301-3b723e36f708,921,2023-05-08T19:53:44.611556+01:00,barcode07,?,11923,0,0,387,393,?
a1af64f2-850b-4897-a270-d18e58dee7b1,466,2023-05-08T19:53:49.611556+01:00,barcode07,rabv_ea,11923,10175,10562,351,368,RABV_EA
8f472aa9-1bc3-4a46-a4d1-b6e76d38e314,1168,2023-05-08T19:53:48.611556+01:00,barcode07,?,11923,0,0,369,385,?
ab576cbe-0fa2-48d8-a7e0-87c42d3f6c6d,463,2023-05-08T19:53:45.611556+01:00,barcode07,rabv_ea,11923,9851,10243,366,380,RABV_EA
750d97a5-0b5a-4176-998d-fc45d69527a5,1660,2023-05-08T19:53:43.611556+01:00,barcode07,?,11923,0,0,389,393,?
b07c4c6d-e650-4c50-b181-bed6928a782f,677,2023-05-08T19:53:45.611556+01:00,barcode07,?,11923,0,0,377,391,?
9f6b4d10-2965-4bdc-90ca-155a3a5644f8,525,2023-05-08T19:53:19.611556+01:00,barcode07,rabv_ea,11923,10164,10576,392,402,RABV_EA
b888ba8b-0728-4c08-a2a9-e110038399bd,836,2023-05-08T19:53:46.611556+01:00,barcode07,?,11923,0,0,368,372,?
894d108b-aad4-49d8-9236-0e7b20b29764,866,2023-05-08T19:53:17.611556+01:00,barcode07,?,11923,0,0,385,389,?
bd577166-ae2e-4cee-bda1-03dd1c81dd23,532,2023-05-08T19:53:18.611556+01:00,barcode07,rabv_ea,11923,10164,10576,395,400,RABV_EA
7575b82f-c6df-4158-9cca-b77832a12a45,1335,2023-05-08T19:53:44.611556+01:00,barcode07,?,11923,0,0,391,396,?
77d5805e-9a5b-404f-9ba8-04e2675ba189,532,2023-05-08T19:53:41.611556+01:00,barcode07,rabv_ea,11923,10164,10576,405,407,RABV_EA
41b71c2d-9c8a-43d5-bb4d-5689e7f0f177,1259,2023-05-08T19:53:50.611556+01:00,barcode07,?,11923,0,0,398,402,?
426bb1a7-9384-4a8a-81b8-8e2b1a3ec81d,519,2023-05-08T19:53:19.611556+01:00,barcode07,rabv_ea,11923,7727,8026,278,290,RABV_EA
9bc30736-507d-4017-aee3-20abe2f47ace,855,2023-05-08T19:53:45.611556+01:00,barcode07,?,11923,0,0,378,388,?
ce623f96-76d4-4ebb-929e-5bcef7a5e05e,447,2023-05-08T19:53:54.611556+01:00,barcode07,rabv_ea,11923,7714,8081,350,357,RABV_EA
9c775354-9f6a-403c-a81c-3d5849c7b46b,535,2023-05-08T19:53:44.611556+01:00,barcode07,rabv_ea,11923,3390,3791,382,396,RABV_EA
134dd695-f046-4bec-ba7f-4499289105d2,464,2023-05-08T19:53:20.611556+01:00,barcode07,rabv_ea,11923,10164,10562,368,383,RABV_EA
e509727c-b696-4fee-a658-0683b098e1ea,858,2023-05-08T19:53:19.611556+01:00,barcode07,?,11923,0,0,357,368,?
5207a979-e677-4ea5-a463-8ec8ea9981d5,887,2023-05-08T19:53:43.611556+01:00,barcode07,?,11923,0,0,372,398,?
c7f33a38-c4a6-466e-a330-a245e0e1dc6a,516,2023-05-08T19:53:41.611556+01:00,barcode07,rabv_ea,11923,10164,10570,367,383,RABV_EA
70d552cb-c0fc-4887-be37-377f51026cb7,856,2023-05-08T19:53:07.611556+01:00,barcode07,?,11923,0,0,358,373,?
583c816b-925a-4420-b084-27802f940c1f,543,2023-05-08T19:53:39.611556+01:00,barcode07,rabv_ea,11923,10164,10576,386,403,RABV_EA
2c5be56a-6835-4823-9a23-42bd9bf7a2f2,428,2023-05-08T19:53:39.611556+01:00,barcode07,rabv_ea,11923,7713,8081,327,348,RABV_EA
3cf1834b-d95d-4efb-a8a1-ff88e7b83d37,453,2023-05-08T19:53:10.611556+01:00,barcode07,rabv_ea,11923,9852,10247,353,370,RABV_EA
78e18fe6-09aa-4cc6-89ac-ff1a2e6989cf,1187,2023-05-08T19:53:42.611556+01:00,barcode07,?,11923,0,0,383,405,?
458cad4b-8f69-4f78-8827-195b2da551b9,449,2023-05-08T19:53:11.611556+01:00,barcode07,rabv_ea,11923,10164,10563,351,369,RABV_EA
9d1cbe62-366c-401a-9499-2273850421ab,520,2023-05-08T19:53:45.611556+01:00,barcode07,rabv_ea,11923,10164,10576,378,395,RABV_EA
fdb7bf9f-1699-4582-95db-a9d06fe59e18,509,2023-05-08T19:53:32.611556+01:00,barcode07,rabv_ea,11923,7691,8081,356,373,RABV_EA
e194eee7-443c-41f0-93a3-3ef94137d052,530,2023-05-08T19:53:34.611556+01:00,barcode07,rabv_ea,11923,10164,10576,399,405,RABV_EA
2b11781c-f0b6-414a-8fc9-e93199ed0b2a,534,2023-05-08T19:53:44.611556+01:00,barcode07,rabv_ea,11923,6754,7155,389,395,RABV_EA
55e54a68-716e-473f-a5f0-327255c42dd7,699,2023-05-08T19:53:32.611556+01:00,barcode07,rabv_ea,11923,1619,1958,314,332,RABV_EA
52157120-8578-45ba-93e5-d077f1735ab3,937,2023-05-08T19:53:37.611556+01:00,barcode07,?,11923,0,0,381,387,?
be750518-b1c6-48b5-bdfc-7a839fdaa6cc,544,2023-05-08T19:53:39.611556+01:00,barcode07,rabv_ea,11923,10164,10570,390,397,RABV_EA
886f1a66-b2ab-4186-8564-c1ac2806d618,390,2023-05-08T19:53:30.611556+01:00,barcode07,rabv_ea,11923,9625,9929,285,298,RABV_EA
42caa0ba-4895-453a-9f29-cc8b756ab55f,512,2023-05-08T19:53:39.611556+01:00,barcode07,rabv_ea,11923,7696,8078,360,372,RABV_EA
500a7137-e4b2-46d6-a88d-bdbf340743e6,534,2023-05-08T19:53:30.611556+01:00,barcode07,rabv_ea,11923,10164,10573,388,400,RABV_EA
67ba2b4e-9693-4bba-a350-30971bff85b6,4954,2023-05-08T19:53:18.611556+01:00,barcode07,?,11923,0,0,378,394,?
2e6f3b34-cba1-4a59-8a06-8d128a446979,469,2023-05-08T19:53:11.611556+01:00,barcode07,rabv_ea,11923,1565,1958,371,382,RABV_EA
57009331-8651-49fc-80c8-deee1ccbaf3c,823,2023-05-08T19:53:29.611556+01:00,barcode07,?,11923,0,0,352,368,?
5da5b642-0f65-4fd8-bfe6-32d16dbb5112,548,2023-05-08T19:53:34.611556+01:00,barcode07,rabv_ea,11923,10165,10576,399,407,RABV_EA
7fc5d8ef-073e-4d82-b90b-69460ee3415e,430,2023-05-08T19:53:09.611556+01:00,barcode07,rabv_ea,11923,1587,1958,332,342,RABV_EA
5baf5afa-b6ea-4bd2-990d-e85a7b9581c3,2446,2023-05-08T19:53:34.611556+01:00,barcode07,?,11923,0,0,767,787,?
80af69f3-e49a-4834-8545-9594deec3bc8,444,2023-05-08T19:53:40.611556+01:00,barcode07,rabv_ea,11923,7690,8063,333,356,RABV_EA
27532a7c-b173-4600-8d56-880d6972e1f2,454,2023-05-08T19:53:42.611556+01:00,barcode07,rabv_ea,11923,5196,5595,382,385,RABV_EA
b2c6f985-7a86-405f-9b43-e5abc3b08269,510,2023-05-08T19:53:01.611556+01:00,barcode07,rabv_ea,11923,10164,10571,381,389,RABV_EA
d750610d-a812-4f13-bb7c-45cffa1c1359,875,2023-05-08T19:53:03.611556+01:00,barcode07,?,11923,0,0,381,390,?
ec3585ff-0960-412a-a6f7-e6dc83cdc59d,1344,2023-05-08T19:53:38.611556+01:00,barcode07,?,11923,0,0,377,391,?
4433a23a-5270-44ce-815e-3292842053a3,455,2023-05-08T19:53:31.611556+01:00,barcode07,rabv_ea,11923,5837,6223,358,371,RABV_EA
882969f9-96e6-4b52-a1ad-d339fc6df238,437,2023-05-08T19:53:31.611556+01:00,barcode07,rabv_ea,11923,7701,8051,328,340,RABV_EA
0b0019c3-0d63-4952-a531-885820de3255,453,2023-05-08T19:53:01.611556+01:00,barcode07,rabv_ea,11923,943,1324,356,369,RABV_EA
74c47658-9ffc-4b20-9a67-374ad1e31080,454,2023-05-08T19:53:02.611556+01:00,barcode07,rabv_ea,11923,11392,11784,337,369,RABV_EA
a4cce057-9cd5-42ca-8af7-cd94098508a1,1252,2023-05-08T19:52:55.611556+01:00,barcode07,rabv_ea,11923,5209,6528,1024,1118,RABV_EA
d8ab5912-0294-45ac-b0ce-3b781ad6dfcb,473,2023-05-08T19:52:58.611556+01:00,barcode07,rabv_ea,11923,10164,10559,375,387,RABV_EA
18da03f7-0200-45e2-afb7-dc2f32e95085,449,2023-05-08T19:52:58.611556+01:00,barcode07,rabv_ea,11923,1567,1958,369,377,RABV_EA
26a73098-60a3-4811-a545-fd14ae15604d,463,2023-05-08T19:52:56.611556+01:00,barcode07,rabv_ea,11923,10177,10570,372,382,RABV_EA
53d3ab63-874c-448c-8956-370c10fed0fc,861,2023-05-08T19:53:09.611556+01:00,barcode07,?,11923,0,0,384,395,?
01df89e0-ffb6-4783-93d9-304c262f16dd,280,2023-05-08T19:53:07.611556+01:00,barcode07,?,11923,0,0,107,107,?
3b865c85-2ab9-4ed7-8e86-d4cdfa5cc4df,1668,2023-05-08T19:53:01.611556+01:00,barcode07,?,11923,0,0,388,394,?
434494bd-b4db-4c8b-854b-4b6f8c5ab2b8,385,2023-05-08T19:53:06.611556+01:00,barcode07,rabv_ea,11923,4626,4936,292,304,RABV_EA
bdf24aac-8428-4930-b7b8-2fe14ab033f6,347,2023-05-08T19:53:04.611556+01:00,barcode07,rabv_ea,11923,11524,11796,258,266,RABV_EA
e6aabce3-0f0e-4a8c-a86f-b461c15c089e,489,2023-05-08T19:53:41.611556+01:00,barcode07,rabv_ea,11923,10171,10533,329,337,RABV_EA
272d6518-8789-4f68-8a75-cb814f05ca0d,449,2023-05-08T19:53:33.611556+01:00,barcode07,rabv_ea,11923,955,1335,360,375,RABV_EA
1534f949-8c25-41dc-95da-949451779254,901,2023-05-08T19:53:29.611556+01:00,barcode07,?,11923,0,0,368,375,?
65dc223f-081b-4941-9338-ed7870fac551,247,2023-05-08T19:53:32.611556+01:00,barcode07,rabv_ea,11923,7939,8081,134,138,RABV_EA
e693f739-0034-45c6-8068-85500a23f16b,823,2023-05-08T19:53:30.611556+01:00,barcode07,?,11923,0,0,398,403,?
b10efe00-9498-425d-aea8-ddf5731daee1,659,2023-05-08T19:53:30.611556+01:00,barcode07,?,11923,0,0,359,371,?
0f971f80-ac0d-4656-8207-4659f27c4e44,895,2023-05-08T19:53:35.611556+01:00,barcode07,?,11923,0,0,408,422,?
280e2645-a9ea-4e27-aa22-8eddabf6be70,464,2023-05-08T19:53:29.611556+01:00,barcode07,rabv_ea,11923,9864,10263,382,390,RABV_EA
dfdf372b-22c0-49bd-9651-06c7e365f685,864,2023-05-08T19:53:33.611556+01:00,barcode07,?,11923,0,0,367,379,?
ab895e84-f2ea-473e-b0d6-3f6b8885cdd7,863,2023-05-08T19:53:34.611556+01:00,barcode07,?,11923,0,0,386,389,?
ebdb4121-f4d4-4e4a-a025-a77dc1d0dfc0,4799,2023-05-08T19:52:44.611556+01:00,barcode07,?,11923,0,0,1009,1132,?
44ec4e74-b65a-4968-886c-007862867b74,442,2023-05-08T19:53:40.611556+01:00,barcode07,rabv_ea,11923,7704,8081,366,372,RABV_EA
cce1a8de-41a2-4bbf-bbd0-c4ed4ef7de18,931,2023-05-08T19:53:40.611556+01:00,barcode07,?,11923,0,0,369,394,?
a828a95c-c208-4051-9b0d-1511575e0d63,542,2023-05-08T19:53:29.611556+01:00,barcode07,rabv_ea,11923,10164,10576,396,402,RABV_EA
9c399613-dd67-405e-8fca-ead122b5e660,929,2023-05-08T19:53:05.611556+01:00,barcode07,?,11923,0,0,405,406,?
f6fd4fac-711b-4196-b1b1-b5da6f9ab0bc,892,2023-05-08T19:53:27.611556+01:00,barcode07,?,11923,0,0,357,372,?
af8de63c-4972-46a3-be2c-2363128fbdce,466,2023-05-08T19:53:25.611556+01:00,barcode07,rabv_ea,11923,10157,10562,386,394,RABV_EA
26d86219-af70-43d5-a803-a36f67395c25,471,2023-05-08T19:53:31.611556+01:00,barcode07,rabv_ea,11923,5211,5608,373,390,RABV_EA
91b48283-5592-4354-8b2a-a933a92ec5c2,459,2023-05-08T19:52:52.611556+01:00,barcode07,rabv_ea,11923,10164,10563,386,389,RABV_EA
09b3021b-d5aa-4dfd-989b-4aabf76c545b,431,2023-05-08T19:53:27.611556+01:00,barcode07,rabv_ea,11923,7690,8064,345,352,RABV_EA
1414cb92-b243-4f13-aade-0a7958472326,1631,2023-05-08T19:53:29.611556+01:00,barcode07,?,11923,0,0,389,394,?
09b52e4d-ace3-4b71-a9fd-2d8f7917ca7a,939,2023-05-08T19:53:25.611556+01:00,barcode07,?,11923,0,0,383,387,?
71ea65dd-7a5c-42ea-9700-5d2bf201da8e,470,2023-05-08T19:53:05.611556+01:00,barcode07,rabv_ea,11923,10164,10558,352,381,RABV_EA
db82df01-ae59-47a7-98c0-76a6520ca2d6,454,2023-05-08T19:53:06.611556+01:00,barcode07,rabv_ea,11923,9054,9303,224,242,RABV_EA
16568bec-9f76-4369-b119-962f9675e1a7,454,2023-05-08T19:53:29.611556+01:00,barcode07,rabv_ea,11923,10164,10552,364,376,RABV_EA
d87a1b0e-a7fb-4188-9a82-753d249e0175,538,2023-05-08T19:53:28.611556+01:00,barcode07,rabv_ea,11923,10164,10576,398,406,RABV_EA
749fce61-5fbf-4754-98fa-dd7c7018a9fa,1241,2023-05-08T19:53:03.611556+01:00,barcode07,?,11923,0,0,374,383,?
d86e699b-109c-4aec-8c97-fddd95dc3210,934,2023-05-08T19:53:04.611556+01:00,barcode07,?,11923,0,0,380,393,?
68601941-276d-4f34-b62f-c1755bd5ce40,965,2023-05-08T19:53:33.611556+01:00,barcode07,?,11923,0,0,378,391,?
efb65fda-a7a0-4d6d-8fec-c5aa5f98aa4a,510,2023-05-08T19:53:25.611556+01:00,barcode07,rabv_ea,11923,7690,8079,374,380,RABV_EA
fd78f007-7cef-484f-9a7e-80992fb025c8,877,2023-05-08T19:53:26.611556+01:00,barcode07,?,11923,0,0,379,392,?
927ba04d-3dc7-4fec-9d3c-9a5b0610ef08,924,2023-05-08T19:53:32.611556+01:00,barcode07,?,11923,0,0,363,384,?
e13efa8f-501b-4031-a1c3-ff4bdebe0cae,359,2023-05-08T19:53:29.611556+01:00,barcode07,rabv_ea,11923,6133,6421,255,271,RABV_EA
80e8520f-84f1-43a7-bf92-c113f9bbcf9b,508,2023-05-08T19:52:51.611556+01:00,barcode07,rabv_ea,11923,7690,8081,376,381,RABV_EA
f810fd83-f3e4-4e4e-9942-295441c996a5,876,2023-05-08T19:53:36.611556+01:00,barcode07,?,11923,0,0,360,382,?
71b99cc5-2fad-4fab-a266-9b2ec49bb649,1977,2023-05-08T19:53:28.611556+01:00,barcode07,?,11923,0,0,386,395,?
9e8b94b4-5f99-40b9-b718-296e6cd0788a,452,2023-05-08T19:53:04.611556+01:00,barcode07,rabv_ea,11923,10175,10574,360,375,RABV_EA
125a5037-4fc7-4a19-a03e-1ea7fb1bc9ae,915,2023-05-08T19:53:07.611556+01:00,barcode07,?,11923,0,0,403,406,?
83305ac9-d726-4c58-a08c-49dd9cb3556b,2060,2023-05-08T19:52:59.611556+01:00,barcode07,?,11923,0,0,384,399,?
8f5e8b04-a969-437b-94f7-c4f9f3a40382,1230,2023-05-08T19:53:19.611556+01:00,barcode07,?,11923,0,0,373,382,?
e150ca5b-91df-45f6-922e-8ce607ef85b3,491,2023-05-08T19:53:22.611556+01:00,barcode07,rabv_ea,11923,4626,5038,376,393,RABV_EA
a16669da-085d-4828-8a12-297f0e54e759,525,2023-05-08T19:53:07.611556+01:00,barcode07,rabv_ea,11923,9852,10263,372,396,RABV_EA
d90eef60-2726-4ecb-8826-95a0649ca333,450,2023-05-08T19:53:26.611556+01:00,barcode07,rabv_ea,11923,7706,8077,354,361,RABV_EA
c7af1609-ea91-4740-98ac-edf169cb2b83,824,2023-05-08T19:53:25.611556+01:00,barcode07,?,11923,0,0,359,363,?
d8958df4-8809-4491-a481-4dd3751890d8,737,2023-05-08T19:53:02.611556+01:00,barcode07,rabv_ea,11923,8927,9330,386,397,RABV_EA
c71a70d6-5c28-4904-b3f4-30664468ff25,537,2023-05-08T19:53:28.611556+01:00,barcode07,rabv_ea,11923,9851,10263,390,403,RABV_EA
d3f319b1-3eff-4d3f-85ea-a41097d7ad74,461,2023-05-08T19:53:23.611556+01:00,barcode07,rabv_ea,11923,11406,11794,370,383,RABV_EA
1b8d62a7-5f7f-4a62-a6d0-f703917ff4b3,539,2023-05-08T19:53:24.611556+01:00,barcode07,rabv_ea,11923,10164,10576,390,400,RABV_EA
e7a3a176-2dfa-4f90-a50b-75e320b920fd,842,2023-05-08T19:53:24.611556+01:00,barcode07,?,11923,0,0,364,374,?
467081c1-4b26-4b6b-8b90-8cecb76961a8,1629,2023-05-08T19:53:04.611556+01:00,barcode07,?,11923,0,0,391,394,?
70559679-ff99-4e66-8b99-dfbef43ce35a,650,2023-05-08T19:52:48.611556+01:00,barcode07,rabv_ea,11923,1647,1958,300,307,RABV_EA
f30608cb-513b-4482-9754-430ff6718ef1,462,2023-05-08T19:53:35.611556+01:00,barcode07,rabv_ea,11923,5212,5608,373,383,RABV_EA
dab01cff-2076-41e4-bc0e-b4f9312ef0d6,501,2023-05-08T19:53:28.611556+01:00,barcode07,rabv_ea,11923,7690,8081,378,382,RABV_EA
35dce2e1-d45c-4699-9cde-07fb357d6576,539,2023-05-08T19:53:34.611556+01:00,barcode07,rabv_ea,11923,10164,10576,390,404,RABV_EA
d61e32c2-e1e7-43bb-b9a0-7c2d767a65cf,1126,2023-05-08T19:53:23.611556+01:00,barcode07,?,11923,0,0,393,400,?
9a32a2cc-a063-48f3-88e2-c97d741687ac,1930,2023-05-08T19:52:47.611556+01:00,barcode07,?,11923,0,0,370,384,?
72ad8039-2dd2-4cdf-8ba5-667e83161f3d,509,2023-05-08T19:53:26.611556+01:00,barcode07,rabv_ea,11923,10164,10560,367,377,RABV_EA
6f2e2d23-150a-41bc-ae19-00343ffb7024,445,2023-05-08T19:53:08.611556+01:00,barcode07,rabv_ea,11923,956,1317,348,356,RABV_EA
5d2a0c9c-6bbf-443d-8975-e1b75b873bfa,456,2023-05-08T19:53:28.611556+01:00,barcode07,rabv_ea,11923,1567,1958,376,380,RABV_EA
4c90f319-5e28-4927-8636-eed1f3694c88,1605,2023-05-08T19:53:02.611556+01:00,barcode07,?,11923,0,0,377,383,?
fc70fc10-2730-4ddd-b969-e48de37a9d26,862,2023-05-08T19:53:01.611556+01:00,barcode07,?,11923,0,0,390,396,?
8634abeb-81af-459c-97f3-dc62b2baa016,509,2023-05-08T19:53:03.611556+01:00,barcode07,rabv_ea,11923,7697,8081,357,369,RABV_EA
809b4a16-5318-48cc-9304-f6b6e37c368e,469,2023-05-08T19:53:23.611556+01:00,barcode07,rabv_ea,11923,5213,5608,370,379,RABV_EA
b90789f4-0d33-4a6c-8bd9-92464139b615,523,2023-05-08T19:53:26.611556+01:00,barcode07,rabv_ea,11923,10179,10571,366,378,RABV_EA
1399dbd7-d4a7-4f81-a2e1-82c5fd61c342,532,2023-05-08T19:53:21.611556+01:00,barcode07,rabv_ea,11923,10172,10557,365,375,RABV_EA
991000a6-af8c-45a5-b2ee-2406ca0f8716,1256,2023-05-08T19:53:19.611556+01:00,barcode07,?,11923,0,0,365,371,?
265dee89-3f78-407d-b3a5-4b48509989b3,497,2023-05-08T19:53:23.611556+01:00,barcode07,rabv_ea,11923,7689,8081,377,382,RABV_EA
646768c7-a1cb-415a-a16a-3cdf44495e48,463,2023-05-08T19:53:22.611556+01:00,barcode07,rabv_ea,11923,1573,1958,371,377,RABV_EA
4fcb619c-7d62-49d2-bcb0-cfc3e5147528,287,2023-05-08T19:53:22.611556+01:00,barcode07,rabv_ea,11923,2130,2261,122,123,RABV_EA
33dff1fa-e45d-4f50-9142-de20e5c4b105,460,2023-05-08T19:53:00.611556+01:00,barcode07,rabv_ea,11923,1568,1958,374,381,RABV_EA
ccf3e544-300f-404d-9df5-b579ab2a3875,858,2023-05-08T19:53:02.611556+01:00,barcode07,?,11923,0,0,385,400,?
736ff4bd-6eae-499d-b5c2-e107917c363a,522,2023-05-08T19:53:02.611556+01:00,barcode07,rabv_ea,11923,8927,9325,368,382,RABV_EA
3f945bca-2cbd-4c4d-a7f7-0418f8b0e315,465,2023-05-08T19:53:21.611556+01:00,barcode07,rabv_ea,11923,5198,5586,356,380,RABV_EA
24671f5e-3776-4534-8c66-fc7aed90f32d,873,2023-05-08T19:53:21.611556+01:00,barcode07,?,11923,0,0,371,380,?
73e8a2eb-e51e-433d-9dc9-d3c0850b88b9,539,2023-05-08T19:53:22.611556+01:00,barcode07,rabv_ea,11923,10164,10570,385,395,RABV_EA
39de2053-5928-4b44-b105-b66e6084de85,437,2023-05-08T19:52:45.611556+01:00,barcode07,rabv_ea,11923,7699,8063,348,358,RABV_EA
af5dec19-f7f1-4fc1-8b4f-3b53c2163a87,803,2023-05-08T19:53:19.611556+01:00,barcode07,?,11923,0,0,391,403,?
333ab501-5333-4cfd-8605-e5199bb00b20,506,2023-05-08T19:53:00.611556+01:00,barcode07,rabv_ea,11923,7699,8081,360,366,RABV_EA
53a2792c-de10-4c1d-8ab2-203ab4701242,842,2023-05-08T19:53:13.611556+01:00,barcode07,?,11923,0,0,368,393,?
d7ba7dec-7327-4ae9-8256-c445fed4e5ba,529,2023-05-08T19:53:01.611556+01:00,barcode07,rabv_ea,11923,9851,10263,390,400,RABV_EA
a27d2a0a-c15f-4cc0-ba78-8201f5a275a4,466,2023-05-08T19:53:12.611556+01:00,barcode07,rabv_ea,11923,10164,10562,373,388,RABV_EA
bd36fab5-0e71-42b2-88c8-1de3ec20d43d,504,2023-05-08T19:52:56.611556+01:00,barcode07,rabv_ea,11923,7690,8081,364,383,RABV_EA
9474a91d-5ee1-4147-92bf-987eea57ca56,906,2023-05-08T19:53:19.611556+01:00,barcode07,?,11923,0,0,397,399,?
82c20448-24a9-4f6a-ab07-9b6a5898cd2e,461,2023-05-08T19:52:51.611556+01:00,barcode07,rabv_ea,11923,1565,1958,374,388,RABV_EA
369a4d53-3867-4839-a934-a90cdd835904,536,2023-05-08T19:53:03.611556+01:00,barcode07,rabv_ea,11923,10165,10571,365,390,RABV_EA
fc2e496b-f479-4f93-9b9c-0e6f0f94ba87,445,2023-05-08T19:52:58.611556+01:00,barcode07,rabv_ea,11923,10164,10558,359,378,RABV_EA
f54983d1-a204-4fdb-b43a-45dd9269fb9d,944,2023-05-08T19:53:20.611556+01:00,barcode07,?,11923,0,0,387,395,?
3c998d1c-cf09-4238-bdcd-640a40e4e2dc,857,2023-05-08T19:53:14.611556+01:00,barcode07,?,11923,0,0,385,400,?
5a894f57-a8dd-4546-aef8-f6ab3a7eac90,462,2023-05-08T19:53:24.611556+01:00,barcode07,rabv_ea,11923,10164,10563,370,387,RABV_EA
b3606244-3bc4-42d7-a886-6a86e7802f7f,471,2023-05-08T19:53:16.611556+01:00,barcode07,rabv_ea,11923,10182,10576,375,387,RABV_EA
84277deb-9838-4ace-bc91-89b63afd8639,658,2023-05-08T19:53:23.611556+01:00,barcode07,*,0,0,0,0,0,*
c28856a7-bf61-4401-a2e2-220060177c87,542,2023-05-08T19:53:08.611556+01:00,barcode07,rabv_ea,11923,10167,10575,381,396,RABV_EA
6beaee8b-9ef7-48ad-905f-a70d1c3acde5,446,2023-05-08T19:53:10.611556+01:00,barcode07,rabv_ea,11923,6438,6827,344,370,RABV_EA
c9c9d9f1-e5bb-4b26-85db-9717a0c6f645,862,2023-05-08T19:52:30.611556+01:00,barcode07,?,11923,0,0,403,411,?
65b3f619-e934-4b84-894d-2bed641c842c,1618,2023-05-08T19:52:32.611556+01:00,barcode07,?,11923,0,0,356,363,?
6920608b-f463-44bc-ad38-647c511ebb97,449,2023-05-08T19:53:21.611556+01:00,barcode07,rabv_ea,11923,7692,8068,347,365,RABV_EA
96451f3d-bf42-4590-ba99-023477718ea6,541,2023-05-08T19:53:23.611556+01:00,barcode07,rabv_ea,11923,10165,10565,395,397,RABV_EA
c933b36b-5372-438f-a2a7-e15c60267a9e,293,2023-05-08T19:53:14.611556+01:00,barcode07,*,0,0,0,0,0,*
59abc360-6aff-490e-acc6-c4cc78233912,2116,2023-05-08T19:53:09.611556+01:00,barcode07,?,11923,0,0,353,364,?
9e044dfb-f99c-447b-ae5e-8868d8fa706d,852,2023-05-08T19:53:14.611556+01:00,barcode07,?,11923,0,0,380,386,?
ec1612f2-0122-4a24-a9a0-c6b76861e7a0,506,2023-05-08T19:52:51.611556+01:00,barcode07,rabv_ea,11923,7688,8081,372,383,RABV_EA
065641d9-b7c1-4247-b259-10034bb72387,505,2023-05-08T19:52:49.611556+01:00,barcode07,rabv_ea,11923,6133,6528,372,383,RABV_EA
cdb118c7-1a8c-45b2-982f-9f32b2508937,1302,2023-05-08T19:52:49.611556+01:00,barcode07,?,11923,0,0,356,379,?
9293995f-7734-4c3e-98a7-1c27cd56fb76,936,2023-05-08T19:52:47.611556+01:00,barcode07,?,11923,0,0,382,392,?
c265a219-5240-4ecb-a574-6327b81c9d47,457,2023-05-08T19:53:11.611556+01:00,barcode07,rabv_ea,11923,1567,1958,366,380,RABV_EA
c9a4b80e-c437-4402-a798-104072c83342,443,2023-05-08T19:53:16.611556+01:00,barcode07,rabv_ea,11923,1569,1958,360,374,RABV_EA
0a5afac2-ad02-4671-8630-28781b6e42ae,514,2023-05-08T19:52:34.611556+01:00,barcode07,rabv_ea,11923,10170,10576,386,396,RABV_EA
201fa48f-0160-4d13-94cc-48721542ca95,264,2023-05-08T19:53:09.611556+01:00,barcode07,rabv_ea,11923,4270,4418,135,138,RABV_EA
e260fed5-93f0-463a-accc-562e4db84753,443,2023-05-08T19:53:12.611556+01:00,barcode07,rabv_ea,11923,10181,10557,348,359,RABV_EA
5f200c0b-730e-4aaf-9445-548b3a2a698d,768,2023-05-08T19:52:32.611556+01:00,barcode07,rabv_ea,11923,8928,9325,381,391,RABV_EA
fe977173-ab3d-4334-9be0-1b16dfa1d2c8,536,2023-05-08T19:52:57.611556+01:00,barcode07,rabv_ea,11923,10164,10576,398,405,RABV_EA
7962b5f9-e7ac-488b-a151-3d591af7034c,456,2023-05-08T19:52:57.611556+01:00,barcode07,rabv_ea,11923,319,688,305,350,RABV_EA
12192260-872c-4026-bef1-df6e9d2c7adf,527,2023-05-08T19:52:57.611556+01:00,barcode07,rabv_ea,11923,4339,4715,359,367,RABV_EA
e837b790-68c8-4e09-89c8-b228227b2387,459,2023-05-08T19:52:58.611556+01:00,barcode07,rabv_ea,11923,9851,10246,382,390,RABV_EA
bd439767-1a9d-4067-b933-540be8682ee7,828,2023-05-08T19:52:55.611556+01:00,barcode07,?,11923,0,0,341,374,?
9ccc13e1-ea10-47b2-8be4-86b9bb5d8851,450,2023-05-08T19:53:14.611556+01:00,barcode07,rabv_ea,11923,5847,6218,344,359,RABV_EA
7ccd1a64-6176-450d-908d-8611ffe817f7,469,2023-05-08T19:52:46.611556+01:00,barcode07,rabv_ea,11923,9851,10246,378,390,RABV_EA
06c95bb6-00bd-4384-8e87-ed293fe9aca4,455,2023-05-08T19:52:30.611556+01:00,barcode07,rabv_ea,11923,4626,5035,390,402,RABV_EA
e56da846-0bd2-4641-b60b-537a6327a9a4,430,2023-05-08T19:53:12.611556+01:00,barcode07,rabv_ea,11923,7703,8080,344,362,RABV_EA
14af46b0-eb57-4858-861c-9ebdddf2edf2,459,2023-05-08T19:53:12.611556+01:00,barcode07,rabv_ea,11923,8971,9325,340,347,RABV_EA
adc07563-1178-448e-822b-4ff278c4bc51,828,2023-05-08T19:52:41.611556+01:00,barcode07,?,11923,0,0,331,343,?
b72c4679-fa6f-454f-be85-25c70329d4ed,1658,2023-05-08T19:52:55.611556+01:00,barcode07,?,11923,0,0,390,396,?
409c7cdf-f09e-479d-a9c4-a66759b1e1f8,876,2023-05-08T19:52:40.611556+01:00,barcode07,?,11923,0,0,371,385,?
bf460afb-329c-44e6-9e33-3248a00a0242,533,2023-05-08T19:52:39.611556+01:00,barcode07,rabv_ea,11923,7689,8081,381,388,RABV_EA
e0f82ff9-f52e-4027-9e9b-f8727c09633a,733,2023-05-08T19:52:41.611556+01:00,barcode07,rabv_ea,11923,5824,6220,349,375,RABV_EA
107fee5b-f1b0-414e-9b17-20fcfba3dde8,1346,2023-05-08T19:53:10.611556+01:00,barcode07,?,11923,0,0,382,392,?
519e582c-0a41-4b7c-94c5-82693d8baafa,527,2023-05-08T19:52:31.611556+01:00,barcode07,rabv_ea,11923,4632,5051,380,400,RABV_EA
aad5afb5-38b4-4dfa-8151-20e023cea196,471,2023-05-08T19:52:28.611556+01:00,barcode07,rabv_ea,11923,3383,3776,387,390,RABV_EA
b256e319-6978-4c6d-bd1d-3d64fe46d399,517,2023-05-08T19:52:38.611556+01:00,barcode07,rabv_ea,11923,7690,8081,334,370,RABV_EA
b1f85c51-3082-47bd-9923-2c801c3f980c,867,2023-05-08T19:52:32.611556+01:00,barcode07,?,11923,0,0,390,398,?
a3e59a80-9f05-4959-a8be-01717fbd3ab0,500,2023-05-08T19:52:41.611556+01:00,barcode07,rabv_ea,11923,7690,8081,359,372,RABV_EA
2f5f64fd-5823-4e6f-841d-1512d404fb9e,1303,2023-05-08T19:52:43.611556+01:00,barcode07,?,11923,0,0,398,408,?
7f3a5b67-0667-457a-aadf-a9dfe72de8f4,446,2023-05-08T19:52:43.611556+01:00,barcode07,rabv_ea,11923,7706,8081,344,364,RABV_EA
9bb45c8e-293d-47db-89c8-6d8539f58db1,1258,2023-05-08T19:52:37.611556+01:00,barcode07,?,11923,0,0,387,395,?
0956d9ce-ea6d-4ceb-96b6-f105c5e14ca6,251,2023-05-08T19:53:14.611556+01:00,barcode07,rabv_ea,11923,10391,10566,168,168,RABV_EA
29c74240-8a21-483a-80d1-b59fdbd71b12,516,2023-05-08T19:52:30.611556+01:00,barcode07,rabv_ea,11923,7690,8081,355,370,RABV_EA
d18ebe04-668b-4034-938b-877b6e862594,504,2023-05-08T19:52:44.611556+01:00,barcode07,rabv_ea,11923,7690,8081,349,370,RABV_EA
3a31dc34-9084-4805-9a84-614c58632bde,702,2023-05-08T19:52:17.611556+01:00,barcode07,rabv_ea,11923,7098,7466,352,361,RABV_EA
5eed3341-889f-4107-84a7-49a98f2a47cd,533,2023-05-08T19:52:46.611556+01:00,barcode07,rabv_ea,11923,10164,10576,392,401,RABV_EA
e2747020-7cc7-403e-bfd4-9d53104e2d18,876,2023-05-08T19:52:20.611556+01:00,barcode07,?,11923,0,0,392,401,?
fc4db287-57e6-4c27-a1ca-5e33a45b9c51,5187,2023-05-08T19:51:55.611556+01:00,barcode07,?,11923,0,0,391,402,?
d6a2ef10-10a9-4814-8f8c-08e27c206bb6,942,2023-05-08T19:52:32.611556+01:00,barcode07,?,11923,0,0,375,378,?
86fb916b-dbf5-497c-b974-d905c3eff1a5,643,2023-05-08T19:52:18.611556+01:00,barcode07,?,11923,0,0,377,391,?
0b977981-eafc-4cc2-8aa1-f5a5a8837c2f,451,2023-05-08T19:53:09.611556+01:00,barcode07,rabv_ea,11923,7075,7467,378,379,RABV_EA
090fbc72-08c2-4e5f-ad6f-b13adafb27b5,600,2023-05-08T19:52:20.611556+01:00,barcode07,?,11923,0,0,372,380,?
b9efa59c-3cab-45da-90a6-a3282bc2a9a1,841,2023-05-08T19:53:10.611556+01:00,barcode07,?,11923,0,0,378,388,?
2072c718-c051-4080-b173-34139bdc1cc0,508,2023-05-08T19:52:18.611556+01:00,barcode07,rabv_ea,11923,7690,8073,357,369,RABV_EA
868e5ec7-f131-4f36-844e-f4570192af1c,463,2023-05-08T19:52:43.611556+01:00,barcode07,rabv_ea,11923,1565,1958,380,386,RABV_EA
7bb0626f-17a3-4ebe-bedd-f787110e6d90,461,2023-05-08T19:52:31.611556+01:00,barcode07,rabv_ea,11923,7083,7467,378,381,RABV_EA
87e680c4-aba9-474f-a17c-a0e7f876ae3d,463,2023-05-08T19:52:45.611556+01:00,barcode07,rabv_ea,11923,1567,1958,382,387,RABV_EA
ccc29845-158d-4c66-a59f-8008dbbfd0f4,469,2023-05-08T19:53:13.611556+01:00,barcode07,rabv_ea,11923,5212,5608,348,380,RABV_EA
de996b56-9242-4831-b21c-171d7e15ff6d,506,2023-05-08T19:53:15.611556+01:00,barcode07,rabv_ea,11923,7690,8068,343,354,RABV_EA
d1f5315b-a62c-4d81-8c66-580b32749a54,920,2023-05-08T19:53:12.611556+01:00,barcode07,?,11923,0,0,374,383,?
6b637d7c-e7bc-49dd-bbc7-13e72d5d630b,450,2023-05-08T19:52:56.611556+01:00,barcode07,rabv_ea,11923,7705,8081,374,375,RABV_EA
f966d793-2c4d-4067-afa9-9ae48e73e3c0,902,2023-05-08T19:52:20.611556+01:00,barcode07,?,11923,0,0,353,374,?
0bed4bcf-f4f5-41c4-84eb-7c73b4fde92e,469,2023-05-08T19:52:56.611556+01:00,barcode07,rabv_ea,11923,9871,10249,349,370,RABV_EA
3b11982f-b05c-4ed1-b19d-86ef8344088b,451,2023-05-08T19:52:58.611556+01:00,barcode07,rabv_ea,11923,4900,5285,364,373,RABV_EA
6d2eab6b-bcea-4366-a7d9-fa8b74e9f83c,705,2023-05-08T19:53:15.611556+01:00,barcode07,?,11923,0,0,380,383,?
207e5a4f-2c1a-4eb6-8595-4582a24e776c,440,2023-05-08T19:53:15.611556+01:00,barcode07,rabv_ea,11923,7709,8068,346,357,RABV_EA
38a480da-38eb-466a-b134-ecd7caf9e62b,456,2023-05-08T19:52:44.611556+01:00,barcode07,rabv_ea,11923,10172,10562,358,370,RABV_EA
2d42afc7-4219-4c8e-bde7-240e5a260d3b,852,2023-05-08T19:53:11.611556+01:00,barcode07,?,11923,0,0,346,370,?
5c40471c-9382-43ce-b4a4-beb19358b187,1719,2023-05-08T19:52:29.611556+01:00,barcode07,?,11923,0,0,383,392,?
fdaaa7ae-8336-4e9f-b218-c0db6d6f10e9,480,2023-05-08T19:52:46.611556+01:00,barcode07,rabv_ea,11923,4633,5036,386,400,RABV_EA
344fe2fe-10c3-4c70-8d1c-e3f0003641b1,513,2023-05-08T19:52:20.611556+01:00,barcode07,rabv_ea,11923,7690,8079,357,379,RABV_EA
501e6f33-24d2-4790-a102-876e4699ded3,534,2023-05-08T19:52:19.611556+01:00,barcode07,rabv_ea,11923,10164,10576,390,400,RABV_EA
35f1ca3e-1620-4ac7-8eb2-f21a77c71e26,876,2023-05-08T19:53:09.611556+01:00,barcode07,?,11923,0,0,382,396,?
7ebfd441-1971-48f0-83ee-a19df85d192f,453,2023-05-08T19:53:11.611556+01:00,barcode07,rabv_ea,11923,10173,10552,346,366,RABV_EA
1fe94534-5061-4090-9fbc-ab4cbfe938b9,1244,2023-05-08T19:53:09.611556+01:00,barcode07,?,11923,0,0,373,388,?
f889a016-5a83-4d62-94dd-39bfd558de9a,462,2023-05-08T19:52:32.611556+01:00,barcode07,rabv_ea,11923,1566,1958,376,379,RABV_EA
e65bd7c6-e610-4d3b-9f4c-5cd637dd4ff4,551,2023-05-08T19:53:05.611556+01:00,barcode07,rabv_ea,11923,10164,10570,391,397,RABV_EA
da4153c7-aea0-4ab6-8fc5-d9f9db1c54e0,454,2023-05-08T19:52:56.611556+01:00,barcode07,rabv_ea,11923,1565,1958,362,374,RABV_EA
1fa5cc9d-39be-4f81-8e2f-4881d5281bf6,446,2023-05-08T19:52:56.611556+01:00,barcode07,rabv_ea,11923,7704,8076,360,363,RABV_EA
83c93092-54ca-4ef1-b356-4539f68aa878,537,2023-05-08T19:52:36.611556+01:00,barcode07,rabv_ea,11923,10167,10575,367,393,RABV_EA
c39b066c-2312-4301-b625-ab51f8d980b4,1660,2023-05-08T19:52:35.611556+01:00,barcode07,?,11923,0,0,720,765,?
52493f2f-3e41-454d-91ff-8ade514104c4,527,2023-05-08T19:52:44.611556+01:00,barcode07,rabv_ea,11923,10164,10576,389,402,RABV_EA
bfdcb2ca-a821-4881-b911-24bd233d2f0a,460,2023-05-08T19:52:46.611556+01:00,barcode07,rabv_ea,11923,10164,10562,375,384,RABV_EA
89828423-449a-4356-973e-4be5ec1bb752,773,2023-05-08T19:52:33.611556+01:00,barcode07,?,11923,0,0,332,345,?
efca4435-44b2-4e2e-8295-033bc30fd127,867,2023-05-08T19:52:11.611556+01:00,barcode07,?,11923,0,0,367,378,?
27c05602-e882-445d-91bb-6d86f58705e0,534,2023-05-08T19:52:32.611556+01:00,barcode07,rabv_ea,11923,9851,10263,391,400,RABV_EA
80030257-901d-45d2-8e2b-975165edefa2,1012,2023-05-08T19:52:30.611556+01:00,barcode07,?,11923,0,0,359,367,?
90730bed-c587-4a5b-b0bc-1c9fb1104ddf,1720,2023-05-08T19:52:31.611556+01:00,barcode07,?,11923,0,0,379,382,?
9d5c2ca0-d175-4094-872d-959b6549fe64,520,2023-05-08T19:52:30.611556+01:00,barcode07,rabv_ea,11923,7690,8081,380,389,RABV_EA
1ce4039e-dc3a-42a3-bafe-2b52f753b808,842,2023-05-08T19:52:21.611556+01:00,barcode07,?,11923,0,0,376,387,?
f841ead4-0dbc-4d88-b806-98fa452abd55,860,2023-05-08T19:52:32.611556+01:00,barcode07,?,11923,0,0,394,417,?
93e5653b-2f99-4274-a2b3-eb1c0c4a97c4,244,2023-05-08T19:52:31.611556+01:00,barcode07,rabv_ea,11923,61,241,166,172,RABV_EA
c8827690-6b5c-4ec2-b255-0e02bcadac8b,499,2023-05-08T19:52:28.611556+01:00,barcode07,rabv_ea,11923,7692,8081,364,376,RABV_EA
76e1bf5e-512b-4e20-9d75-f7abcb9a97d5,860,2023-05-08T19:52:21.611556+01:00,barcode07,?,11923,0,0,401,404,?
02b58eb8-56c3-453b-a4f1-811a980383b1,428,2023-05-08T19:52:45.611556+01:00,barcode07,rabv_ea,11923,1587,1933,307,320,RABV_EA
de56d47a-cf81-4c1e-862c-5222e08c3873,861,2023-05-08T19:52:45.611556+01:00,barcode07,?,11923,0,0,357,366,?
50798f91-5221-4a98-9077-1e8aec96a9ea,853,2023-05-08T19:52:27.611556+01:00,barcode07,?,11923,0,0,375,390,?
71253500-8e4e-4692-9dcf-01874de0b920,871,2023-05-08T19:52:11.611556+01:00,barcode07,?,11923,0,0,391,400,?
34642ac8-eb24-4d68-9736-e328f3e223ef,522,2023-05-08T19:52:13.611556+01:00,barcode07,rabv_ea,11923,7060,7462,368,380,RABV_EA
2ea54053-619f-416d-911f-de41c6aff771,483,2023-05-08T19:52:26.611556+01:00,barcode07,rabv_ea,11923,4626,5036,384,404,RABV_EA
35e7de4f-9fc2-423c-9bbc-b597c7f97e2a,506,2023-05-08T19:52:27.611556+01:00,barcode07,rabv_ea,11923,7690,8080,355,373,RABV_EA
f4c1b5f6-3e1a-4631-a891-a7aa6f9e79c7,847,2023-05-08T19:52:54.611556+01:00,barcode07,rabv_ea,11923,7689,8081,361,382,RABV_EA
845f9e58-aa64-423b-b39b-7e7feef3fcdb,458,2023-05-08T19:52:27.611556+01:00,barcode07,rabv_ea,11923,3399,3785,368,376,RABV_EA
d55b685d-b408-4601-90a8-0bd2d5ccadfc,535,2023-05-08T19:53:06.611556+01:00,barcode07,rabv_ea,11923,4626,5043,402,409,RABV_EA
05405b24-c9a9-42c5-9062-a5a32d0dc276,860,2023-05-08T19:52:31.611556+01:00,barcode07,?,11923,0,0,381,387,?
b873f4f4-40b7-40dc-98ad-81ac7bca2a40,947,2023-05-08T19:52:42.611556+01:00,barcode07,?,11923,0,0,384,395,?
8fdb07c3-8aab-442c-ae9d-05f143467d84,1292,2023-05-08T19:53:02.611556+01:00,barcode07,?,11923,0,0,386,402,?
f5caa36a-f58a-4b62-b62d-d7bea324bf0b,423,2023-05-08T19:52:32.611556+01:00,barcode07,rabv_ea,11923,7262,7467,197,201,RABV_EA
e7c12347-ca47-4dbf-9b02-05c9361fcb29,839,2023-05-08T19:52:28.611556+01:00,barcode07,?,11923,0,0,366,385,?
f2633403-1fb6-4f66-9c13-d219e364749b,2436,2023-05-08T19:52:32.611556+01:00,barcode07,?,11923,0,0,376,396,?
1a6ef257-cc71-46b8-bc67-e2737515ebf5,530,2023-05-08T19:52:30.611556+01:00,barcode07,?,11923,0,0,242,246,?
0ec997d0-981d-4353-8074-15d948c684d6,915,2023-05-08T19:52:27.611556+01:00,barcode07,rabv_ea,11923,11096,11779,614,652,RABV_EA
5650a65c-356f-43a9-a184-00ede45005d5,533,2023-05-08T19:52:55.611556+01:00,barcode07,rabv_ea,11923,7690,8081,362,380,RABV_EA
5862fea0-d7e5-40b6-95cc-7acd0777ca08,455,2023-05-08T19:52:54.611556+01:00,barcode07,rabv_ea,11923,75,459,358,373,RABV_EA
2c1550f6-d5e1-448c-b50d-929960310dd4,530,2023-05-08T19:52:52.611556+01:00,barcode07,rabv_ea,11923,7690,8081,376,381,RABV_EA
4db36a9d-ac0f-4109-b5d1-6621ecce6483,874,2023-05-08T19:52:51.611556+01:00,barcode07,?,11923,0,0,364,377,?
b7440525-9b96-4e73-a515-6704735344d2,1226,2023-05-08T19:52:50.611556+01:00,barcode07,?,11923,0,0,372,382,?
7e251f7c-f139-4121-b442-d4af73bd3489,881,2023-05-08T19:52:52.611556+01:00,barcode07,?,11923,0,0,371,387,?
6922e0a6-e374-48cc-a4a5-2791b1a575f8,877,2023-05-08T19:52:49.611556+01:00,barcode07,?,11923,0,0,383,395,?
32fc046f-0752-4ed9-a7d1-acdd62611014,356,2023-05-08T19:52:38.611556+01:00,barcode07,rabv_ea,11923,1685,1933,219,227,RABV_EA
67eb4747-a929-400b-a22a-d174b2436cea,467,2023-05-08T19:52:11.611556+01:00,barcode07,rabv_ea,11923,1567,1958,381,389,RABV_EA
49baf192-c692-4823-bdf0-960f53cecbfc,711,2023-05-08T19:52:25.611556+01:00,barcode07,?,11923,0,0,381,388,?
231b97a9-efcf-40a0-b292-fcea27f99e30,537,2023-05-08T19:52:27.611556+01:00,barcode07,rabv_ea,11923,10164,10576,373,393,RABV_EA
84ecd872-574d-4d65-ad22-f48c4314f4db,535,2023-05-08T19:52:54.611556+01:00,barcode07,rabv_ea,11923,10167,10576,376,397,RABV_EA
3b47d659-66c0-4380-a156-a1edb38c55a2,415,2023-05-08T19:52:52.611556+01:00,barcode07,rabv_ea,11923,7210,7467,241,249,RABV_EA
d708ac48-faf0-458a-ac2d-c358b68744e1,472,2023-05-08T19:52:55.611556+01:00,barcode07,rabv_ea,11923,5196,5597,371,392,RABV_EA
6485e0e4-efe6-4c7f-ac61-47b042c7602a,436,2023-05-08T19:52:55.611556+01:00,barcode07,rabv_ea,11923,7709,8081,356,362,RABV_EA
18be1b41-458a-4331-966c-27319ae66252,526,2023-05-08T19:52:53.611556+01:00,barcode07,rabv_ea,11923,10164,10570,377,392,RABV_EA
a21750d6-3b65-4742-b959-089be4b3b18d,450,2023-05-08T19:52:59.611556+01:00,barcode07,rabv_ea,11923,8947,9319,349,361,RABV_EA
e0a83fb4-00d6-4712-b4fc-30cfcd1fd306,531,2023-05-08T19:52:54.611556+01:00,barcode07,rabv_ea,11923,7060,7467,389,397,RABV_EA
83a88c56-a95b-42ee-864f-1609b051e17d,464,2023-05-08T19:52:52.611556+01:00,barcode07,rabv_ea,11923,5216,5608,374,385,RABV_EA
def0a78b-92f4-40ad-9903-1982da6a1c45,441,2023-05-08T19:52:10.611556+01:00,barcode07,rabv_ea,11923,7706,8081,365,367,RABV_EA
d2cdbaa3-8c03-4fc7-9e09-cf48cc2ae714,856,2023-05-08T19:52:53.611556+01:00,barcode07,?,11923,0,0,379,386,?
01a54cbb-7eb1-48f6-b6dc-07aefe09822a,371,2023-05-08T19:52:55.611556+01:00,barcode07,rabv_ea,11923,9111,9303,174,185,RABV_EA
a01c1308-ea6d-41ac-9f1c-71ba8080b79c,854,2023-05-08T19:52:27.611556+01:00,barcode07,?,11923,0,0,388,395,?
76140320-84df-4589-b477-bdca77aadfb1,461,2023-05-08T19:52:25.611556+01:00,barcode07,rabv_ea,11923,9851,10247,370,381,RABV_EA
f181d0b1-f748-4145-9929-77c7fb5d5516,527,2023-05-08T19:52:13.611556+01:00,barcode07,rabv_ea,11923,10170,10576,387,393,RABV_EA
5abeeabd-917a-4d25-b40a-910b85a735cd,858,2023-05-08T19:52:11.611556+01:00,barcode07,?,11923,0,0,350,366,?
ba4198f7-6422-47b2-9989-0a2546deb450,525,2023-05-08T19:52:36.611556+01:00,barcode07,rabv_ea,11923,8929,9325,377,389,RABV_EA
cda6cef0-9cdc-4d24-8a15-023227e2a964,471,2023-05-08T19:52:30.611556+01:00,barcode07,rabv_ea,11923,10164,10562,375,389,RABV_EA
00994c6b-7dc6-438b-9cf1-01e2e0c92908,358,2023-05-08T19:52:23.611556+01:00,barcode07,rabv_ea,11923,7800,8081,269,275,RABV_EA
018c8bed-7b94-434f-a436-4e19322c5d7d,445,2023-05-08T19:52:08.611556+01:00,barcode07,rabv_ea,11923,7705,8081,367,370,RABV_EA
5021e955-9cd5-462e-b679-5fbe8a39d516,466,2023-05-08T19:52:23.611556+01:00,barcode07,rabv_ea,11923,4626,5036,372,388,RABV_EA
a539b3fd-e8d5-470e-afb0-d2e5281cc754,1615,2023-05-08T19:52:21.611556+01:00,barcode07,?,11923,0,0,386,393,?
b2abdaee-d048-48d8-9064-6c270996b8b4,1116,2023-05-08T19:52:11.611556+01:00,barcode07,?,11923,0,0,398,407,?
f798a10e-c841-4f11-8187-439ee4429a57,471,2023-05-08T19:52:50.611556+01:00,barcode07,rabv_ea,11923,1565,1956,370,388,RABV_EA
8222f42b-33d0-44aa-868b-3edf0ec47ef3,459,2023-05-08T19:52:47.611556+01:00,barcode07,rabv_ea,11923,11406,11796,375,385,RABV_EA
3c90878b-59c4-4ce6-aa6b-b95c6d4a2dfe,516,2023-05-08T19:52:53.611556+01:00,barcode07,rabv_ea,11923,7690,8081,379,383,RABV_EA
0b2f7a68-13f4-42ad-bdd0-f198d2930e96,895,2023-05-08T19:52:29.611556+01:00,barcode07,rabv_ea,11923,8930,9924,752,769,RABV_EA
e9825d5e-7525-457d-b31f-ff9d5e162aa2,441,2023-05-08T19:52:23.611556+01:00,barcode07,rabv_ea,11923,7709,8081,355,363,RABV_EA
a7c1ac01-e715-41d5-93c2-0d3edc0db1a4,469,2023-05-08T19:52:23.611556+01:00,barcode07,rabv_ea,11923,10178,10576,352,379,RABV_EA
88b7e342-cff0-45d0-bc61-df1e631aba5f,496,2023-05-08T19:52:30.611556+01:00,barcode07,rabv_ea,11923,4343,4730,364,371,RABV_EA
99d28789-63d3-4d88-9103-fd1fe876503e,860,2023-05-08T19:52:24.611556+01:00,barcode07,?,11923,0,0,349,361,?
f3b5ac17-18a2-4c7a-930b-064aaee3f601,519,2023-05-08T19:52:04.611556+01:00,barcode07,rabv_ea,11923,10164,10570,376,385,RABV_EA
497e43a4-6aa7-4976-a104-4d193f0101bd,867,2023-05-08T19:52:04.611556+01:00,barcode07,?,11923,0,0,399,403,?
79ac3db7-b4c9-4b9d-a3de-3fbd0215290d,872,2023-05-08T19:52:22.611556+01:00,barcode07,?,11923,0,0,399,403,?
7187953c-b5fa-4168-82f2-1e70fe182726,458,2023-05-08T19:52:02.611556+01:00,barcode07,rabv_ea,11923,5196,5596,372,389,RABV_EA
71457e79-688c-4367-8d7b-35e53985b0c4,438,2023-05-08T19:52:14.611556+01:00,barcode07,rabv_ea,11923,7711,8081,348,361,RABV_EA
296dd766-fb17-4ef3-aec7-2f09407f7e8a,451,2023-05-08T19:52:12.611556+01:00,barcode07,rabv_ea,11923,1567,1958,349,367,RABV_EA
1d325439-2a34-4592-bc06-9434b03b87b6,884,2023-05-08T19:52:24.611556+01:00,barcode07,?,11923,0,0,390,396,?
98e43b70-5893-4865-8690-831205be33ef,449,2023-05-08T19:52:22.611556+01:00,barcode07,rabv_ea,11923,5849,6222,350,363,RABV_EA
1d9b9683-8c7f-408d-8d3f-815fa2ab274c,532,2023-05-08T19:52:23.611556+01:00,barcode07,rabv_ea,11923,1552,1958,391,401,RABV_EA
d358f89b-37b1-45a8-a6c8-b0882682fdbb,414,2023-05-08T19:52:43.611556+01:00,barcode07,rabv_ea,11923,4389,4728,328,332,RABV_EA
16f4e90e-5791-481d-acfd-9d336cdb9eeb,450,2023-05-08T19:52:13.611556+01:00,barcode07,rabv_ea,11923,10178,10576,365,377,RABV_EA
bd3ef023-66b6-41a7-9c46-1c814897f53e,469,2023-05-08T19:52:04.611556+01:00,barcode07,?,11923,0,0,253,256,?
593540ad-6974-4f48-af9a-d87c74834990,452,2023-05-08T19:52:26.611556+01:00,barcode07,rabv_ea,11923,9851,10247,362,374,RABV_EA
7b141d5a-bbb9-4d4b-9ccd-27c1e30619fd,438,2023-05-08T19:52:10.611556+01:00,barcode07,rabv_ea,11923,7704,8008,294,298,RABV_EA
379a693a-1f42-40cd-86ef-d18f93d0d8e2,515,2023-05-08T19:52:48.611556+01:00,barcode07,rabv_ea,11923,1553,1958,374,388,RABV_EA
4137ac8b-6450-4247-a408-91923ab545c9,458,2023-05-08T19:52:01.611556+01:00,barcode07,rabv_ea,11923,9862,10247,358,370,RABV_EA
039e1883-3106-45b6-ba2a-5a3827bd0bbe,855,2023-05-08T19:52:11.611556+01:00,barcode07,?,11923,0,0,365,380,?
9d420a8f-dd86-42af-96e0-9ebc67d91c1d,536,2023-05-08T19:52:23.611556+01:00,barcode07,rabv_ea,11923,9852,10255,382,399,RABV_EA
8deb806c-090b-4ec6-a48c-e6a589bbc771,490,2023-05-08T19:52:00.611556+01:00,barcode07,rabv_ea,11923,4626,5038,362,390,RABV_EA
2b7b6cdb-9154-4861-b328-1697824442dc,1294,2023-05-08T19:52:11.611556+01:00,barcode07,?,11923,0,0,394,400,?
5a348947-cd3a-44f9-8e8c-92458c509fd4,1741,2023-05-08T19:52:07.611556+01:00,barcode07,?,11923,0,0,648,690,?
9bc27bf4-3130-4d80-9641-613b4c9513e7,474,2023-05-08T19:52:13.611556+01:00,barcode07,rabv_ea,11923,10164,10563,378,391,RABV_EA
06855dcb-8b19-4635-a003-c26486e259c0,540,2023-05-08T19:52:01.611556+01:00,barcode07,rabv_ea,11923,10164,10570,369,398,RABV_EA
d0eadf86-959a-4886-827a-6d75f2783b3a,942,2023-05-08T19:52:05.611556+01:00,barcode07,?,11923,0,0,406,414,?
3a5d027f-a468-457b-a053-164ea1d47fa7,1243,2023-05-08T19:52:23.611556+01:00,barcode07,?,11923,0,0,375,401,?
a81c0978-bacd-4b0b-b6e7-609bc42087c5,459,2023-05-08T19:51:49.611556+01:00,barcode07,rabv_ea,11923,1567,1958,382,386,RABV_EA
755849b6-e683-49c9-a539-4704691e9709,519,2023-05-08T19:52:11.611556+01:00,barcode07,rabv_ea,11923,10175,10570,359,376,RABV_EA
3865a3c8-ddcc-4bff-b8d9-68ca649e071a,448,2023-05-08T19:52:10.611556+01:00,barcode07,rabv_ea,11923,5835,6223,373,376,RABV_EA
d1b45daf-41b5-416e-9219-2e821329145a,460,2023-05-08T19:52:10.611556+01:00,barcode07,rabv_ea,11923,5212,5608,382,388,RABV_EA
20fef2fa-9fab-420c-82b2-bf35ae0d8fb5,447,2023-05-08T19:52:11.611556+01:00,barcode07,rabv_ea,11923,6424,6814,369,374,RABV_EA
4d1139d2-cf42-481c-b88b-951e0693eec9,535,2023-05-08T19:51:58.611556+01:00,barcode07,rabv_ea,11923,10164,10576,383,395,RABV_EA
c1c20c4e-c277-42bc-8a16-22ede3754696,699,2023-05-08T19:52:39.611556+01:00,barcode07,rabv_ea,11923,7699,8078,362,370,RABV_EA
334823f2-667c-49dc-86fe-6f48728480d8,801,2023-05-08T19:52:38.611556+01:00,barcode07,?,11923,0,0,386,400,?
6a1b3fbd-a27d-48b1-87e3-be1927b9dafc,457,2023-05-08T19:52:39.611556+01:00,barcode07,rabv_ea,11923,8941,9330,361,373,RABV_EA
78a3ca93-f7af-4fe1-b554-d673c5ffb04b,1240,2023-05-08T19:52:08.611556+01:00,barcode07,?,11923,0,0,383,392,?
a6cb72bd-5a0e-4ad9-b008-90bb4ed39d6e,525,2023-05-08T19:51:59.611556+01:00,barcode07,rabv_ea,11923,10164,10579,370,393,RABV_EA
d6586d49-fe98-4d79-bf85-f12ef4f3582d,510,2023-05-08T19:51:58.611556+01:00,barcode07,rabv_ea,11923,10167,10576,358,384,RABV_EA
843bebb8-e73d-4fcd-a05e-d99b90bec957,452,2023-05-08T19:51:58.611556+01:00,barcode07,rabv_ea,11923,9872,10263,369,377,RABV_EA
b3212de7-0b20-467f-899d-1b3d5426533f,447,2023-05-08T19:52:14.611556+01:00,barcode07,rabv_ea,11923,5836,6222,347,366,RABV_EA
2ef82958-dcce-445a-b0c5-32baaf143a6a,463,2023-05-08T19:52:26.611556+01:00,barcode07,rabv_ea,11923,6424,6820,355,374,RABV_EA
ba2ec206-2fdf-47c4-8f16-23607cdac315,1254,2023-05-08T19:52:22.611556+01:00,barcode07,?,11923,0,0,371,382,?
a581c049-b47e-49cb-b4a0-0fc672031f43,444,2023-05-08T19:52:40.611556+01:00,barcode07,rabv_ea,11923,1567,1958,370,375,RABV_EA
b128bb17-36fe-4a40-847a-557f96d247b3,871,2023-05-08T19:52:39.611556+01:00,barcode07,?,11923,0,0,391,403,?
6b7675e2-7be5-46f8-ba57-9665c7829b17,852,2023-05-08T19:52:07.611556+01:00,barcode07,?,11923,0,0,379,387,?
3c3bdd2f-c225-4f60-8173-5b8211c08f09,290,2023-05-08T19:52:01.611556+01:00,barcode07,rabv_ea,11923,4893,5113,209,215,RABV_EA
6fb25c9b-71b0-435b-8167-c7165ae3cc18,502,2023-05-08T19:52:09.611556+01:00,barcode07,rabv_ea,11923,7690,8081,338,359,RABV_EA
7585b80e-09a3-4f68-8024-f496bd0cc06a,453,2023-05-08T19:52:01.611556+01:00,barcode07,rabv_ea,11923,7705,8081,362,373,RABV_EA
ae2905f3-2305-4327-ae6b-17b909823718,1290,2023-05-08T19:51:55.611556+01:00,barcode07,?,11923,0,0,616,659,?
a6202740-66b8-46df-9f09-47ea2293959b,443,2023-05-08T19:51:51.611556+01:00,barcode07,rabv_ea,11923,7690,8068,359,363,RABV_EA
f5b1715e-edc3-4b4a-b1a4-19c55d063465,516,2023-05-08T19:51:48.611556+01:00,barcode07,rabv_ea,11923,7699,8081,355,366,RABV_EA
831e9e28-1891-4c3d-9c61-c51fb6f871d0,452,2023-05-08T19:51:56.611556+01:00,barcode07,rabv_ea,11923,1568,1958,345,372,RABV_EA
b0421cf2-a18f-46d9-942d-26e992603148,457,2023-05-08T19:51:58.611556+01:00,barcode07,rabv_ea,11923,1565,1956,376,382,RABV_EA
a1bdcc54-9beb-4953-a476-f3a4f7b03095,878,2023-05-08T19:51:59.611556+01:00,barcode07,?,11923,0,0,351,370,?
0dce6978-ac3e-426b-a223-56d4d67b909c,846,2023-05-08T19:51:51.611556+01:00,barcode07,?,11923,0,0,368,374,?
ec2dc880-d86a-4a22-aa5b-6a9c931167ac,457,2023-05-08T19:52:35.611556+01:00,barcode07,rabv_ea,11923,6437,6828,374,384,RABV_EA
744f1469-696d-4345-8acd-e3efc74529bf,540,2023-05-08T19:51:59.611556+01:00,barcode07,rabv_ea,11923,10169,10576,387,398,RABV_EA
dd3d82a5-e541-4de0-912e-ad668b8ba496,409,2023-05-08T19:51:57.611556+01:00,barcode07,rabv_ea,11923,8407,8679,246,258,RABV_EA
7d04d0cc-9eee-469e-82f9-fbb7cc002869,538,2023-05-08T19:52:40.611556+01:00,barcode07,rabv_ea,11923,1552,1958,385,399,RABV_EA
4fb816e9-c105-463e-9018-0bc500e9de51,472,2023-05-08T19:52:07.611556+01:00,barcode07,rabv_ea,11923,5197,5592,370,387,RABV_EA
0d9a62b7-fcee-4cc0-8dc0-7834e548cae8,462,2023-05-08T19:51:49.611556+01:00,barcode07,rabv_ea,11923,1567,1958,368,382,RABV_EA
8c10efbb-87f6-4577-859f-91e65d806a6a,512,2023-05-08T19:52:37.611556+01:00,barcode07,rabv_ea,11923,7690,8081,350,378,RABV_EA
85595829-4685-442b-a5d5-687d4fde7a10,517,2023-05-08T19:52:36.611556+01:00,barcode07,rabv_ea,11923,7690,8069,359,371,RABV_EA
d449d76d-c89b-4444-b1cb-c04708387ec8,1250,2023-05-08T19:52:05.611556+01:00,barcode07,?,11923,0,0,377,393,?
5fe11f36-5f27-4a55-9edc-0f8914d1b224,466,2023-05-08T19:52:06.611556+01:00,barcode07,rabv_ea,11923,9865,10248,351,370,RABV_EA
b8b3049f-194a-474e-8b31-79655b833f4d,452,2023-05-08T19:51:35.611556+01:00,barcode07,rabv_ea,11923,11111,11487,366,372,RABV_EA
e990122b-1abf-478f-8e4d-9f77e79a9f8b,1336,2023-05-08T19:52:35.611556+01:00,barcode07,?,11923,0,0,618,633,?
d47b365a-4d3f-4e4c-b050-ef3d84ec7955,2212,2023-05-08T19:52:32.611556+01:00,barcode07,?,11923,0,0,385,395,?
7abfe9c4-1c61-46ea-8e6d-b77f7c17d3c6,871,2023-05-08T19:51:50.611556+01:00,barcode07,?,11923,0,0,372,378,?
6a70f1b1-8da7-4ea2-9141-5ad5e441d415,1282,2023-05-08T19:51:51.611556+01:00,barcode07,?,11923,0,0,375,381,?
ddfbba01-6206-44a7-8861-aee7051c0127,889,2023-05-08T19:52:36.611556+01:00,barcode07,?,11923,0,0,390,400,?
79e44ba1-7308-4577-a418-ebedc99939f5,521,2023-05-08T19:52:09.611556+01:00,barcode07,rabv_ea,11923,7690,8054,341,351,RABV_EA
e2f09be4-0237-452d-b853-b901e065c65d,517,2023-05-08T19:52:36.611556+01:00,barcode07,rabv_ea,11923,7689,8081,368,383,RABV_EA
b07bea0f-c51e-4be6-977a-12086f4c0e21,1351,2023-05-08T19:51:46.611556+01:00,barcode07,?,11923,0,0,381,383,?
e0291606-74cc-4a42-a4a6-f227ff266426,840,2023-05-08T19:52:37.611556+01:00,barcode07,?,11923,0,0,372,382,?
7249e67b-95a7-4568-9dd1-d194cab346ea,496,2023-05-08T19:51:54.611556+01:00,barcode07,rabv_ea,11923,7704,8081,343,366,RABV_EA
2aeaf83b-6db4-4407-814d-07eb1b68c2ee,816,2023-05-08T19:52:07.611556+01:00,barcode07,rabv_ea,11923,4637,5051,378,399,RABV_EA
7c946dd5-297f-40e6-a2dc-df2497e865db,429,2023-05-08T19:51:50.611556+01:00,barcode07,rabv_ea,11923,6491,6824,322,330,RABV_EA
5014d291-62f2-4881-9b28-806e4aece507,846,2023-05-08T19:52:38.611556+01:00,barcode07,?,11923,0,0,352,359,?
0af64846-44f9-4f7f-8dc3-f3bbb3b0b53c,447,2023-05-08T19:52:39.611556+01:00,barcode07,rabv_ea,11923,5846,6220,341,361,RABV_EA
1db0422a-6732-4387-8503-fd1cf5959ca2,1360,2023-05-08T19:51:54.611556+01:00,barcode07,?,11923,0,0,396,404,?
9264cfe8-da82-41fd-b865-48e25487d50f,456,2023-05-08T19:52:21.611556+01:00,barcode07,rabv_ea,11923,4626,5035,372,389,RABV_EA
b34e1996-ead4-46fc-85e3-9f1426527850,1667,2023-05-08T19:51:44.611556+01:00,barcode07,?,11923,0,0,896,957,?
e1751fac-7175-4253-8db1-082ed1958352,488,2023-05-08T19:52:17.611556+01:00,barcode07,rabv_ea,11923,5214,5608,373,386,RABV_EA
a886b6f4-fe8a-4c7c-84d0-630b689a4583,498,2023-05-08T19:51:28.611556+01:00,barcode07,rabv_ea,11923,7690,8077,356,370,RABV_EA
289e6660-9afe-4b2c-9cdd-c32b38a4ea33,446,2023-05-08T19:51:47.611556+01:00,barcode07,rabv_ea,11923,6149,6523,333,348,RABV_EA
438a7ab2-7ea2-405c-bed2-4efbadcda7a0,2100,2023-05-08T19:51:42.611556+01:00,barcode07,?,11923,0,0,752,781,?
470076b1-f12b-45f5-b582-e53469669a8b,550,2023-05-08T19:52:35.611556+01:00,barcode07,rabv_ea,11923,10187,10576,362,373,RABV_EA
1c964713-4cb4-46cd-868e-e97b3a081948,488,2023-05-08T19:52:37.611556+01:00,barcode07,rabv_ea,11923,6751,7155,390,396,RABV_EA
ac49f3bb-cc39-41a7-9a19-adec77746b10,442,2023-05-08T19:51:49.611556+01:00,barcode07,rabv_ea,11923,7706,8081,352,367,RABV_EA
4bb237e5-984b-41d6-afba-61385c63e363,552,2023-05-08T19:51:52.611556+01:00,barcode07,rabv_ea,11923,3404,3791,359,380,RABV_EA
7c8e322a-7dba-4888-9090-2518202af4a7,460,2023-05-08T19:51:30.611556+01:00,barcode07,rabv_ea,11923,11108,11494,356,380,RABV_EA
ddd105c3-19b5-4063-bcb9-6f4d84273f1c,544,2023-05-08T19:52:08.611556+01:00,barcode07,rabv_ea,11923,10166,10576,401,406,RABV_EA
ec75a09f-6fc7-45c3-8076-a7d06541ad09,449,2023-05-08T19:51:32.611556+01:00,barcode07,rabv_ea,11923,11405,11796,352,374,RABV_EA
6f072f87-7b65-48f3-8f9b-778bac465be3,530,2023-05-08T19:52:35.611556+01:00,barcode07,rabv_ea,11923,10168,10573,380,392,RABV_EA
229f77e3-f60d-4fad-b2b3-9e912605eb7d,832,2023-05-08T19:52:37.611556+01:00,barcode07,?,11923,0,0,359,371,?
790c1435-fe9a-4768-b9e9-df75a3dfa662,1116,2023-05-08T19:51:48.611556+01:00,barcode07,?,11923,0,0,203,212,?
ca64066b-fae0-46cd-b7e9-68f66c7dff18,469,2023-05-08T19:51:31.611556+01:00,barcode07,rabv_ea,11923,7702,8081,357,376,RABV_EA
1fa97b70-4498-4c35-a0c9-1ae1a29023c4,477,2023-05-08T19:52:21.611556+01:00,barcode07,rabv_ea,11923,5196,5595,383,390,RABV_EA
e6041f3a-e5f1-425a-9873-3728c50d875f,865,2023-05-08T19:51:48.611556+01:00,barcode07,?,11923,0,0,403,410,?
8a0146a1-19f1-4d60-a73e-d8aeb0a9b937,454,2023-05-08T19:51:28.611556+01:00,barcode07,rabv_ea,11923,8940,9330,370,378,RABV_EA
a31da4e7-65af-4d1b-8510-fda5870a6060,447,2023-05-08T19:51:27.611556+01:00,barcode07,rabv_ea,11923,9548,9936,367,372,RABV_EA
1311ead7-1a47-435d-a8e5-d114e296dc77,518,2023-05-08T19:51:31.611556+01:00,barcode07,rabv_ea,11923,3383,3796,387,404,RABV_EA
aa7b4ff6-9c38-4e6b-a898-665ba9851255,533,2023-05-08T19:51:30.611556+01:00,barcode07,rabv_ea,11923,6133,6528,378,390,RABV_EA
08df6d1a-ce39-429b-b2e1-0733267f98fe,521,2023-05-08T19:51:27.611556+01:00,barcode07,rabv_ea,11923,10164,10576,364,388,RABV_EA
72d91c9d-c2bb-4446-9346-ae2badccec83,258,2023-05-08T19:51:28.611556+01:00,barcode07,rabv_ea,11923,7270,7467,192,192,RABV_EA
b7373e47-a93c-4681-9076-998d1e067101,520,2023-05-08T19:51:45.611556+01:00,barcode07,rabv_ea,11923,8927,9325,389,393,RABV_EA
021f8ad4-4ca2-4c42-9091-992598e85e8d,1658,2023-05-08T19:51:44.611556+01:00,barcode07,?,11923,0,0,360,378,?
2e516056-0ba9-495a-9aeb-209768d3b5aa,530,2023-05-08T19:52:14.611556+01:00,barcode07,rabv_ea,11923,11096,11494,385,393,RABV_EA
4f620721-ea97-4570-aa8e-cba1ec993c7e,468,2023-05-08T19:51:31.611556+01:00,barcode07,rabv_ea,11923,4626,5037,388,398,RABV_EA
6d646f44-df1a-4c1e-a50a-5cd29301148e,519,2023-05-08T19:51:29.611556+01:00,barcode07,rabv_ea,11923,7690,8077,369,382,RABV_EA
619eb8d7-cc0d-49cb-a85e-58c199798ecd,881,2023-05-08T19:51:28.611556+01:00,barcode07,?,11923,0,0,362,373,?
a1cc2a80-1962-4688-81a2-e2c8f767aefc,1211,2023-05-08T19:51:46.611556+01:00,barcode07,?,11923,0,0,363,376,?
27ad3985-ec1c-4e8f-9082-eaf408bc49b1,513,2023-05-08T19:51:41.611556+01:00,barcode07,rabv_ea,11923,7690,8081,383,386,RABV_EA
a5e8af0c-47d0-4805-bf38-fcafbd659399,440,2023-05-08T19:51:28.611556+01:00,barcode07,rabv_ea,11923,7714,8081,354,362,RABV_EA
607a3009-99e3-4404-8c77-9e114f18c1eb,521,2023-05-08T19:51:19.611556+01:00,barcode07,rabv_ea,11923,4891,5293,370,388,RABV_EA
21962e3a-9f45-4b40-921a-263fb8d0becb,519,2023-05-08T19:52:14.611556+01:00,barcode07,rabv_ea,11923,8927,9325,375,393,RABV_EA
5f28e1f6-3e85-4887-bc9f-e928e92ee756,456,2023-05-08T19:51:27.611556+01:00,barcode07,rabv_ea,11923,5843,6223,348,365,RABV_EA
1a67e5ec-5e43-47c8-a03b-0243f1b7f52e,398,2023-05-08T19:51:45.611556+01:00,barcode07,rabv_ea,11923,7689,8023,322,326,RABV_EA
6578166c-3a87-49d4-ae3b-d320b7fb87b7,531,2023-05-08T19:52:27.611556+01:00,barcode07,rabv_ea,11923,10164,10570,377,388,RABV_EA
0c0bffab-af4e-4db4-b9eb-0b184adb5610,518,2023-05-08T19:52:38.611556+01:00,barcode07,rabv_ea,11923,10207,10576,344,355,RABV_EA
17251af5-1781-40c2-b1ec-c935313f9743,450,2023-05-08T19:51:28.611556+01:00,barcode07,rabv_ea,11923,7706,8081,354,365,RABV_EA
0be59d54-730e-4cda-ac32-1a715ddd72e7,877,2023-05-08T19:51:27.611556+01:00,barcode07,?,11923,0,0,368,386,?
442b5f10-ec9b-4db8-af11-c386e4b83110,921,2023-05-08T19:52:28.611556+01:00,barcode07,?,11923,0,0,349,370,?
6015288e-0c92-43c1-8bf6-8f91ec9b15db,870,2023-05-08T19:51:42.611556+01:00,barcode07,?,11923,0,0,389,398,?
86791c47-df2c-4aaa-b9ee-f9e3b1e6afb0,531,2023-05-08T19:51:40.611556+01:00,barcode07,rabv_ea,11923,10164,10576,390,400,RABV_EA
e2af0ebc-fee1-4dc6-bf22-ba9b5c87f67f,532,2023-05-08T19:52:15.611556+01:00,barcode07,rabv_ea,11923,10170,10576,393,400,RABV_EA
cc8cb896-fe48-4a64-a71e-9674581f50fc,1259,2023-05-08T19:51:27.611556+01:00,barcode07,?,11923,0,0,349,363,?
fd8e2eb2-cc10-4225-b63f-3389e9407593,523,2023-05-08T19:51:26.611556+01:00,barcode07,rabv_ea,11923,8927,9322,368,384,RABV_EA
6242615a-762a-4212-a448-b1656ba0847d,1270,2023-05-08T19:51:23.611556+01:00,barcode07,?,11923,0,0,397,406,?
f4471172-aceb-4b67-9133-32c05081f435,451,2023-05-08T19:52:20.611556+01:00,barcode07,rabv_ea,11923,7714,8072,338,346,RABV_EA
1bc029c3-b5f1-4fe4-abd7-62f9a0198e98,545,2023-05-08T19:51:42.611556+01:00,barcode07,rabv_ea,11923,10164,10576,393,400,RABV_EA
58c3da1e-9e38-48ce-9a6a-6ce514919567,476,2023-05-08T19:52:16.611556+01:00,barcode07,rabv_ea,11923,7702,8081,372,376,RABV_EA
c35ad77e-174f-4deb-8bb3-4dc45b1d5a9f,464,2023-05-08T19:51:23.611556+01:00,barcode07,rabv_ea,11923,4907,5299,367,384,RABV_EA
414d2ec8-ffa1-4e66-a557-11983dd0e6d8,2146,2023-05-08T19:51:16.611556+01:00,barcode07,rabv_ea,11923,7690,8081,382,387,RABV_EA
153862b3-95a3-4a12-87b8-dfc2c514a706,296,2023-05-08T19:51:34.611556+01:00,barcode07,rabv_ea,11923,4311,4424,107,112,RABV_EA
96b59c1b-901b-4842-93f0-ee8db6323143,521,2023-05-08T19:51:20.611556+01:00,barcode07,rabv_ea,11923,7690,8081,367,378,RABV_EA
8fc1f584-6404-487d-8693-4544dca2acd9,335,2023-05-08T19:51:32.611556+01:00,barcode07,rabv_ea,11923,4527,4716,179,185,RABV_EA
cf1564b1-5d66-45c4-b4fc-ae9546f5e05e,1646,2023-05-08T19:51:20.611556+01:00,barcode07,?,11923,0,0,398,402,?
9e98746a-0c04-4bc5-8b4d-2076f7de0b7c,1272,2023-05-08T19:51:18.611556+01:00,barcode07,?,11923,0,0,387,398,?
b79da440-a642-4f42-b34b-cd4e79df6a69,945,2023-05-08T19:51:22.611556+01:00,barcode07,?,11923,0,0,393,399,?
f743538f-1332-4b6e-a544-2485f9fc69e4,525,2023-05-08T19:51:22.611556+01:00,barcode07,rabv_ea,11923,10164,10574,399,400,RABV_EA
3b159bc2-3e4f-49d4-a13c-9ca59222464f,442,2023-05-08T19:52:14.611556+01:00,barcode07,rabv_ea,11923,7703,8081,346,362,RABV_EA
c80d7158-5433-443b-a9a2-36b19d16a9f8,438,2023-05-08T19:51:20.611556+01:00,barcode07,rabv_ea,11923,7690,8047,331,346,RABV_EA
bc69b6dd-335c-4f50-ad22-d59895b4eb37,857,2023-05-08T19:51:20.611556+01:00,barcode07,?,11923,0,0,391,398,?
519ba1a7-607f-4f98-8b1a-96b67341acda,2761,2023-05-08T19:52:11.611556+01:00,barcode07,?,11923,0,0,379,391,?
38e2b8ea-98fd-41e9-8363-d4924b65fcfc,407,2023-05-08T19:51:30.611556+01:00,barcode07,rabv_ea,11923,10193,10576,304,329,RABV_EA
0eeea9cf-fb5c-4ba2-bd30-fadbd822b1e1,1253,2023-05-08T19:51:46.611556+01:00,barcode07,?,11923,0,0,397,402,?
b2229060-5699-4f24-b38e-2bd4020af9be,864,2023-05-08T19:51:44.611556+01:00,barcode07,?,11923,0,0,381,388,?
6df4aa0a-4a1e-4366-afcb-7baf89ad44da,451,2023-05-08T19:51:26.611556+01:00,barcode07,rabv_ea,11923,1568,1947,357,367,RABV_EA
117db194-24ad-4e3c-b49d-2a15b4e8684e,998,2023-05-08T19:51:13.611556+01:00,barcode07,?,11923,0,0,375,384,?
8a4bd225-3c0b-464e-a848-9ac8ed4a50cd,1015,2023-05-08T19:51:46.611556+01:00,barcode07,?,11923,0,0,345,360,?
169240cb-c5c8-44c9-a2be-8f19817a974e,928,2023-05-08T19:51:16.611556+01:00,barcode07,?,11923,0,0,402,407,?
e0881a82-383d-436b-b206-3560e58064dd,539,2023-05-08T19:51:14.611556+01:00,barcode07,rabv_ea,11923,10165,10573,382,393,RABV_EA
6cd72551-2b3c-4743-9646-be77c9793673,1299,2023-05-08T19:51:14.611556+01:00,barcode07,?,11923,0,0,397,411,?
ce903934-8514-4258-8430-110a734a3a1f,456,2023-05-08T19:51:24.611556+01:00,barcode07,rabv_ea,11923,7075,7467,361,375,RABV_EA
472dfe1a-4466-4286-b904-7142cadeadae,437,2023-05-08T19:51:34.611556+01:00,barcode07,rabv_ea,11923,7690,8063,349,357,RABV_EA
d7e275d5-73b6-4233-b6a2-f0ffbe828e6d,1237,2023-05-08T19:51:36.611556+01:00,barcode07,rabv_ea,11923,10176,10577,362,386,RABV_EA
3bc5582d-acf7-438c-93c4-91eba92dcd14,1257,2023-05-08T19:52:13.611556+01:00,barcode07,?,11923,0,0,352,372,?
b49663af-b89e-452b-bf35-bc152c0e7c1e,641,2023-05-08T19:51:24.611556+01:00,barcode07,?,11923,0,0,343,361,?
2076fd6f-91a3-4087-ad21-69507fbbcdfd,446,2023-05-08T19:51:14.611556+01:00,barcode07,rabv_ea,11923,4344,4716,352,361,RABV_EA
9706eace-f6b8-449d-92a2-c5432a6deaaa,540,2023-05-08T19:51:14.611556+01:00,barcode07,rabv_ea,11923,10164,10576,382,399,RABV_EA
da8868f0-0292-46da-a566-184713a77be2,514,2023-05-08T19:51:16.611556+01:00,barcode07,rabv_ea,11923,9851,10263,381,395,RABV_EA
49449e0b-cd66-48d1-9c6a-f450a19ba1e7,532,2023-05-08T19:51:23.611556+01:00,barcode07,rabv_ea,11923,10164,10570,393,400,RABV_EA
de169a5a-cd31-4b90-b375-5b43f94426de,898,2023-05-08T19:51:19.611556+01:00,barcode07,?,11923,0,0,383,395,?
98f49c29-daec-418b-b379-96cfe29e2a58,1286,2023-05-08T19:51:23.611556+01:00,barcode07,?,11923,0,0,368,378,?
a8f8020b-4997-4a2e-afe0-46b1a5ecfbaf,512,2023-05-08T19:52:15.611556+01:00,barcode07,rabv_ea,11923,7692,8081,360,373,RABV_EA
4b0ebb0f-56a2-4b76-9e93-dbe34ca43328,531,2023-05-08T19:52:16.611556+01:00,barcode07,rabv_ea,11923,9851,10263,401,405,RABV_EA
51bd2688-0c4a-419c-a06d-9d7255582c74,456,2023-05-08T19:51:14.611556+01:00,barcode07,rabv_ea,11923,3404,3791,370,382,RABV_EA
face10f2-419d-40de-98bc-43190f034ffe,852,2023-05-08T19:51:13.611556+01:00,barcode07,?,11923,0,0,382,389,?
f22c698e-0664-47af-837b-d8d4db36c2d2,880,2023-05-08T19:51:08.611556+01:00,barcode07,rabv_ea,11923,4626,5285,627,652,RABV_EA
b4fbfa07-b741-4445-a69c-bb3c6fa620ea,1151,2023-05-08T19:51:05.611556+01:00,barcode07,?,11923,0,0,395,398,?
d1adcb54-28c8-49a5-960d-96455fcf77aa,894,2023-05-08T19:51:07.611556+01:00,barcode07,?,11923,0,0,387,400,?
3381cde3-8b2e-4cba-8969-9c72cb0572ed,476,2023-05-08T19:51:20.611556+01:00,barcode07,rabv_ea,11923,1564,1958,377,382,RABV_EA
d3e144c6-65f2-4683-996d-93e4aae41ca8,524,2023-05-08T19:51:20.611556+01:00,barcode07,rabv_ea,11923,10164,10576,391,398,RABV_EA
ac163a32-71d1-439c-a68a-b6212f23dfe9,828,2023-05-08T19:51:22.611556+01:00,barcode07,rabv_ea,11923,8927,9325,376,386,RABV_EA
6a3e1ef9-d9af-4411-ba86-bba26352bced,898,2023-05-08T19:51:34.611556+01:00,barcode07,?,11923,0,0,376,380,?
835f9d3e-a78b-40a5-82de-c95e3b1804c5,843,2023-05-08T19:51:15.611556+01:00,barcode07,?,11923,0,0,370,390,?
f6ae5b9a-1c43-4793-89a3-9d262d0f4fc8,1254,2023-05-08T19:51:11.611556+01:00,barcode07,?,11923,0,0,372,387,?
85e7a57d-27bb-42cd-a800-ffa65abe248b,533,2023-05-08T19:51:10.611556+01:00,barcode07,rabv_ea,11923,10164,10576,370,396,RABV_EA
936bfb49-1f01-43e1-a163-8ce5eea36890,454,2023-05-08T19:51:19.611556+01:00,barcode07,rabv_ea,11923,1579,1958,334,353,RABV_EA
1eb00943-6505-4345-8421-4263980d4f20,468,2023-05-08T19:51:31.611556+01:00,barcode07,rabv_ea,11923,1565,1958,360,376,RABV_EA
30334bb8-4f33-4dbf-ac6e-bbd5b723cd52,610,2023-05-08T19:51:07.611556+01:00,barcode07,rabv_ea,11923,1619,1958,312,331,RABV_EA
a73b1073-a389-4b86-85ca-0fb47513fe0c,503,2023-05-08T19:51:07.611556+01:00,barcode07,rabv_ea,11923,7682,8081,383,392,RABV_EA
0d9957fb-89a8-4974-b6cd-9c8c31451292,510,2023-05-08T19:51:15.611556+01:00,barcode07,rabv_ea,11923,7690,8081,374,381,RABV_EA
80ccd2ec-74d0-4638-bec1-1252e1fac00b,1278,2023-05-08T19:51:29.611556+01:00,barcode07,rabv_ea,11923,5209,5600,352,378,RABV_EA
3f8ff1d6-7dec-4f55-add2-fa7563a3cee7,1695,2023-05-08T19:51:04.611556+01:00,barcode07,?,11923,0,0,374,396,?
7e0a5889-e664-4833-a685-c92b84c85cab,871,2023-05-08T19:51:22.611556+01:00,barcode07,?,11923,0,0,339,356,?
161e7d18-addd-44a2-b5a5-dcb6ca579f0d,519,2023-05-08T19:51:07.611556+01:00,barcode07,rabv_ea,11923,1551,1958,388,395,RABV_EA
6160147a-89f6-4e91-b470-19083060e740,1260,2023-05-08T19:51:05.611556+01:00,barcode07,?,11923,0,0,374,381,?
fae007b9-971e-41cf-9157-a63859cdda4c,933,2023-05-08T19:52:16.611556+01:00,barcode07,rabv_ea,11923,10166,11469,707,752,RABV_EA
10a8a81b-ed92-4f69-90cd-002a71289d9f,1253,2023-05-08T19:51:19.611556+01:00,barcode07,?,11923,0,0,383,391,?
ba746219-86cc-40e5-b3fc-5f0e86eda992,2512,2023-05-08T19:52:03.611556+01:00,barcode07,?,11923,0,0,398,405,?
c33f47d4-82b6-4af6-9a9c-08e5fb5e6c34,486,2023-05-08T19:51:07.611556+01:00,barcode07,rabv_ea,11923,10175,10554,351,365,RABV_EA
9302f4cb-37e5-413f-9072-5cabe3bb44c3,456,2023-05-08T19:51:07.611556+01:00,barcode07,rabv_ea,11923,6424,6815,366,377,RABV_EA
7f76948e-4969-4b34-b3ee-6ddb112d8233,444,2023-05-08T19:51:07.611556+01:00,barcode07,rabv_ea,11923,9851,10247,365,374,RABV_EA
224c182f-44f2-4009-a40c-1d787bd59b7d,498,2023-05-08T19:51:24.611556+01:00,barcode07,rabv_ea,11923,7690,8081,368,376,RABV_EA
3c69cf14-92a6-459c-a3f8-c7989dcd6dcf,960,2023-05-08T19:51:06.611556+01:00,barcode07,?,11923,0,0,374,388,?
a9224e50-525e-4965-9eb4-bfb222b106cf,512,2023-05-08T19:51:13.611556+01:00,barcode07,rabv_ea,11923,10164,10575,362,381,RABV_EA
7a42fd3d-816e-4a2f-ac81-afef8178daa9,442,2023-05-08T19:51:05.611556+01:00,barcode07,rabv_ea,11923,7690,8063,352,367,RABV_EA
2d97ce56-4e55-4207-a701-d987c278376b,462,2023-05-08T19:51:04.611556+01:00,barcode07,rabv_ea,11923,1567,1951,358,375,RABV_EA
e2f3726e-aa06-48e6-9b60-c4466c87a29d,806,2023-05-08T19:51:05.611556+01:00,barcode07,?,11923,0,0,377,391,?
a1c841bb-6c06-474f-8917-993c82b801eb,1231,2023-05-08T19:51:11.611556+01:00,barcode07,?,11923,0,0,372,376,?
1aa57886-c05f-4689-a085-9a58abadf99c,510,2023-05-08T19:51:07.611556+01:00,barcode07,rabv_ea,11923,7690,8081,350,375,RABV_EA
a59cf5d3-b5a6-4c21-ada6-6e7df3b2e0ef,495,2023-05-08T19:51:14.611556+01:00,barcode07,rabv_ea,11923,7690,8081,352,374,RABV_EA
3ad9dccb-3db7-4a0b-b7ff-48749b170a37,1689,2023-05-08T19:51:59.611556+01:00,barcode07,?,11923,0,0,409,416,?
556443fe-e3ec-4d0f-a8d7-3ed030defd7e,516,2023-05-08T19:51:07.611556+01:00,barcode07,rabv_ea,11923,10164,10576,395,395,RABV_EA
e03aca84-177c-41c1-98d3-abfefa066c5d,460,2023-05-08T19:52:04.611556+01:00,barcode07,rabv_ea,11923,8941,9323,353,372,RABV_EA
363f09bc-bc24-4150-bcdf-00923d8fc971,441,2023-05-08T19:52:04.611556+01:00,barcode07,rabv_ea,11923,9857,10226,346,352,RABV_EA
671a1425-490a-4146-824e-d2a1d8a6be5c,474,2023-05-08T19:52:03.611556+01:00,barcode07,rabv_ea,11923,4626,5037,371,395,RABV_EA
fa31e0cd-45ab-4bd4-81b2-326350f057f8,1337,2023-05-08T19:51:03.611556+01:00,barcode07,?,11923,0,0,644,661,?
9c437495-02ae-4578-97be-449e9b4a0efe,453,2023-05-08T19:52:03.611556+01:00,barcode07,rabv_ea,11923,1567,1943,348,363,RABV_EA
e38175f4-4c3e-4aef-9e33-2c5f4b2d8247,916,2023-05-08T19:51:10.611556+01:00,barcode07,?,11923,0,0,395,401,?
57a42582-1f64-48ad-9176-863347a4f19a,447,2023-05-08T19:51:10.611556+01:00,barcode07,rabv_ea,11923,7702,8080,355,364,RABV_EA
24575381-b9b0-4bb4-94b8-99e266250c7a,1257,2023-05-08T19:52:00.611556+01:00,barcode07,?,11923,0,0,374,393,?
8eba14df-dc08-4844-82c7-505753e27df0,472,2023-05-08T19:52:04.611556+01:00,barcode07,rabv_ea,11923,10172,10560,364,381,RABV_EA
fd8482d6-59a7-437e-8cef-5c53baccde43,455,2023-05-08T19:51:13.611556+01:00,barcode07,rabv_ea,11923,10164,10557,355,370,RABV_EA
151c3c27-0c84-43f4-b944-5ddbd935e1c4,490,2023-05-08T19:51:12.611556+01:00,barcode07,rabv_ea,11923,3383,3794,390,404,RABV_EA
8a88bac3-aea1-4583-b98d-4cdd4ca54924,527,2023-05-08T19:51:13.611556+01:00,barcode07,rabv_ea,11923,10164,10575,389,399,RABV_EA
824f996a-6e25-4c49-bf24-c71adcae0867,449,2023-05-08T19:51:02.611556+01:00,barcode07,rabv_ea,11923,7706,8081,363,367,RABV_EA
545dda2b-85ea-42a2-b5d0-00fe4199efa9,520,2023-05-08T19:52:01.611556+01:00,barcode07,rabv_ea,11923,10164,10569,364,382,RABV_EA
04b1b557-8b0a-4dda-beb5-a57a009fbba4,840,2023-05-08T19:51:02.611556+01:00,barcode07,?,11923,0,0,369,380,?
7577131b-5b82-4db0-890b-9fb9d81de647,443,2023-05-08T19:51:57.611556+01:00,barcode07,rabv_ea,11923,10210,10576,332,349,RABV_EA
593b08a0-6608-4d40-81ad-c0737d4b902b,431,2023-05-08T19:52:04.611556+01:00,barcode07,rabv_ea,11923,7702,8081,349,361,RABV_EA
57bd9a91-09c4-4830-8ac5-0157bf06baaf,492,2023-05-08T19:51:11.611556+01:00,barcode07,rabv_ea,11923,10157,10553,363,387,RABV_EA
c3d1dc8e-3849-4daf-a1f6-6bb51cb70c3b,1261,2023-05-08T19:51:56.611556+01:00,barcode07,?,11923,0,0,395,404,?
0c02c8d4-1057-400d-8276-07d9a13c782a,910,2023-05-08T19:52:00.611556+01:00,barcode07,?,11923,0,0,368,379,?
25682d65-26c2-4d40-95de-3d7b262c06ce,1665,2023-05-08T19:51:01.611556+01:00,barcode07,?,11923,0,0,689,704,?
07c481eb-fb62-4817-a411-963a7f2b53cd,461,2023-05-08T19:51:05.611556+01:00,barcode07,rabv_ea,11923,10166,10564,379,388,RABV_EA
81faa5d3-376a-478c-8075-38ad57dc601a,454,2023-05-08T19:51:03.611556+01:00,barcode07,rabv_ea,11923,1572,1958,374,379,RABV_EA
1880cc7e-e3c3-47f9-b1ba-9ae1362d16a2,453,2023-05-08T19:51:06.611556+01:00,barcode07,rabv_ea,11923,1567,1958,376,378,RABV_EA
423fb431-7339-4925-8d4b-e211c508be5c,3685,2023-05-08T19:51:51.611556+01:00,barcode07,?,11923,0,0,390,397,?
c16526f7-1683-4951-81c3-98a5afdd89fb,461,2023-05-08T19:51:57.611556+01:00,barcode07,rabv_ea,11923,9851,10248,377,383,RABV_EA
0c249a79-486e-44ce-9a99-124369f7dd99,471,2023-05-08T19:50:54.611556+01:00,barcode07,rabv_ea,11923,5224,5608,371,379,RABV_EA
ee9ba6bc-a6d3-4d92-b39e-78dc231048d0,497,2023-05-08T19:52:00.611556+01:00,barcode07,rabv_ea,11923,10164,10576,350,366,RABV_EA
f54ca3c2-d1df-42e5-a7c3-7a950e89a6b5,464,2023-05-08T19:50:54.611556+01:00,barcode07,rabv_ea,11923,10164,10559,379,388,RABV_EA
7b3802d8-798a-4a12-b283-c9d2a290cd8e,461,2023-05-08T19:51:00.611556+01:00,barcode07,rabv_ea,11923,1567,1958,370,380,RABV_EA
bcaa07da-558f-4129-aafe-a631dd1d26fe,455,2023-05-08T19:51:02.611556+01:00,barcode07,rabv_ea,11923,7714,8081,357,363,RABV_EA
ef62c32e-8be8-497a-aaeb-7b6b860dc0e6,493,2023-05-08T19:51:01.611556+01:00,barcode07,rabv_ea,11923,4637,5036,367,391,RABV_EA
82e1c564-4e9b-4efe-bff6-51b69f81fdca,477,2023-05-08T19:50:56.611556+01:00,barcode07,rabv_ea,11923,10164,10561,374,387,RABV_EA
d01f33f1-328f-443e-abe7-fddc76cc3810,853,2023-05-08T19:50:46.611556+01:00,barcode07,?,11923,0,0,382,387,?
1557624d-1e9f-4e60-aa34-ade369d977bd,1246,2023-05-08T19:50:57.611556+01:00,barcode07,?,11923,0,0,638,672,?
21a43fc9-680f-4e3c-aa81-199ad02b1de6,455,2023-05-08T19:51:03.611556+01:00,barcode07,rabv_ea,11923,7713,8081,344,361,RABV_EA
6bf0f6b4-769d-42b5-969b-fa7d925fcf64,929,2023-05-08T19:51:02.611556+01:00,barcode07,?,11923,0,0,391,401,?
40fec2a8-8f2d-4a6c-ab1e-b07e83f9d53f,430,2023-05-08T19:50:47.611556+01:00,barcode07,rabv_ea,11923,6473,6830,332,344,RABV_EA
894b2fc5-8c2f-4154-b976-8200a95958e9,853,2023-05-08T19:51:56.611556+01:00,barcode07,?,11923,0,0,390,393,?
c32d9216-59cf-4edd-966d-e34c76364977,458,2023-05-08T19:51:58.611556+01:00,barcode07,rabv_ea,11923,10164,10551,360,375,RABV_EA
ef4499e1-2637-498c-b1b7-e838c4a4dfdd,874,2023-05-08T19:50:57.611556+01:00,barcode07,rabv_ea,11923,5209,6223,739,775,RABV_EA
ae2be2ad-5f45-4884-80c6-359af37c9e9e,530,2023-05-08T19:51:02.611556+01:00,barcode07,rabv_ea,11923,10164,10576,394,403,RABV_EA
e211893f-9674-46c6-8ea2-690ba6971ecb,838,2023-05-08T19:50:54.611556+01:00,barcode07,?,11923,0,0,379,398,?
4526a88f-773b-4603-93a0-75693efff8d8,458,2023-05-08T19:50:56.611556+01:00,barcode07,rabv_ea,11923,9851,10236,361,373,RABV_EA
d5d7813c-bd4b-4193-96ce-fc6cbce2d2d2,2051,2023-05-08T19:50:49.611556+01:00,barcode07,?,11923,0,0,366,387,?
f1678a71-377d-4200-9ad2-69d94859aaa1,1297,2023-05-08T19:50:43.611556+01:00,barcode07,?,11923,0,0,348,374,?
33ebd888-5013-4f03-9fca-a647a7b1fca0,922,2023-05-08T19:50:54.611556+01:00,barcode07,?,11923,0,0,355,380,?
8903b819-5674-4ba0-9c11-85738af61cae,1234,2023-05-08T19:50:52.611556+01:00,barcode07,?,11923,0,0,354,363,?
65b24075-9f0c-4aa2-9d81-276d94d74fdd,464,2023-05-08T19:50:54.611556+01:00,barcode07,rabv_ea,11923,10180,10561,359,370,RABV_EA
a1ea66c0-4eb2-4132-b6e3-a159523b4c57,950,2023-05-08T19:50:53.611556+01:00,barcode07,?,11923,0,0,390,407,?
c7d8c81a-1851-47f7-8b08-a977d3e43597,875,2023-05-08T19:50:46.611556+01:00,barcode07,?,11923,0,0,385,392,?
6deabcb4-de7a-4fff-925b-4e9d9af8cee8,450,2023-05-08T19:50:53.611556+01:00,barcode07,rabv_ea,11923,70,459,359,374,RABV_EA
c6a185d5-06a0-4231-a853-58164aadc5b1,520,2023-05-08T19:50:53.611556+01:00,barcode07,rabv_ea,11923,10165,10572,363,391,RABV_EA
b664272d-6db4-47a7-8bad-8a8452bb3306,451,2023-05-08T19:50:44.611556+01:00,barcode07,rabv_ea,11923,331,709,350,364,RABV_EA
34543f4c-fddc-43dc-9834-9ee8449adb90,467,2023-05-08T19:50:44.611556+01:00,barcode07,rabv_ea,11923,4626,5036,378,392,RABV_EA
36e271cf-cecb-402d-aadc-1f03c4f742f3,435,2023-05-08T19:51:57.611556+01:00,barcode07,rabv_ea,11923,11096,11470,328,353,RABV_EA
6abe353f-0405-42f8-9e5a-08669f0f637d,464,2023-05-08T19:50:41.611556+01:00,barcode07,rabv_ea,11923,5199,5594,378,387,RABV_EA
2c89a4f8-1d6c-4837-b43c-13839e32ae79,504,2023-05-08T19:50:42.611556+01:00,barcode07,rabv_ea,11923,7690,8081,373,381,RABV_EA
bb23636d-f89a-4c9a-9b43-771f59315d89,1260,2023-05-08T19:50:45.611556+01:00,barcode07,?,11923,0,0,372,390,?
6f9531f7-94f6-487f-a5f5-b0b84e9bb6be,456,2023-05-08T19:50:45.611556+01:00,barcode07,rabv_ea,11923,5836,6223,349,366,RABV_EA
bc249a52-756f-4c79-b5eb-bbe49c9f0e61,1309,2023-05-08T19:50:52.611556+01:00,barcode07,?,11923,0,0,374,379,?
4cc6ddf9-103d-401e-9ff4-318e90b40c74,461,2023-05-08T19:51:50.611556+01:00,barcode07,rabv_ea,11923,9550,9938,372,379,RABV_EA
b0b85b8d-ca21-4e4e-80e0-930c5f8365f7,887,2023-05-08T19:50:38.611556+01:00,barcode07,?,11923,0,0,377,392,?
97a8663d-07ba-4fd6-8ee9-75c4f6b3c24d,534,2023-05-08T19:50:39.611556+01:00,barcode07,rabv_ea,11923,9853,10263,393,399,RABV_EA
c4bb0246-133b-4afd-8b8d-f104572ae72a,1627,2023-05-08T19:50:36.611556+01:00,barcode07,?,11923,0,0,383,396,?
9254a072-dbb9-4ae2-80a1-095c840fb117,1972,2023-05-08T19:51:52.611556+01:00,barcode07,?,11923,0,0,394,401,?
9f994f69-2b85-4f01-b26d-e6c72f78408e,535,2023-05-08T19:50:40.611556+01:00,barcode07,rabv_ea,11923,5196,5608,380,391,RABV_EA
8e47f49a-ce5f-4e82-a7fa-4362d66ab90d,1280,2023-05-08T19:50:48.611556+01:00,barcode07,?,11923,0,0,378,393,?
5986c52a-ddf1-499d-8159-0c37008dad85,933,2023-05-08T19:50:48.611556+01:00,barcode07,?,11923,0,0,389,407,?
014548f1-caab-43ef-891a-2d8e19b2e7a4,451,2023-05-08T19:51:54.611556+01:00,barcode07,rabv_ea,11923,7714,8081,342,352,RABV_EA
cb3e400d-196e-4781-a196-21118c088e1c,860,2023-05-08T19:50:47.611556+01:00,barcode07,?,11923,0,0,376,384,?
c27ac6d5-4892-42fc-801f-caaddf046490,955,2023-05-08T19:50:46.611556+01:00,barcode07,?,11923,0,0,396,405,?
fe0e7a4d-7b55-4e08-8931-2d30275c22b7,327,2023-05-08T19:50:37.611556+01:00,barcode07,rabv_ea,11923,8449,8671,215,217,RABV_EA
43c99cc1-d540-4bb4-8a6e-b3d198901857,547,2023-05-08T19:50:39.611556+01:00,barcode07,rabv_ea,11923,10164,10576,388,397,RABV_EA
f7153a17-7bc0-47d6-80f7-fb6520fe9af1,447,2023-05-08T19:50:44.611556+01:00,barcode07,rabv_ea,11923,10164,10561,331,366,RABV_EA
cca2e32a-f5ac-4639-af17-ab9424cc8a0d,458,2023-05-08T19:50:47.611556+01:00,barcode07,rabv_ea,11923,7075,7456,362,370,RABV_EA
dc5d11eb-93ac-42aa-aab3-420b35f96ede,511,2023-05-08T19:50:55.611556+01:00,barcode07,rabv_ea,11923,9853,10260,388,395,RABV_EA
fbf93034-f3f3-402c-ad04-7d3112dab798,465,2023-05-08T19:50:47.611556+01:00,barcode07,rabv_ea,11923,9558,9933,354,362,RABV_EA
a4ab3361-6fd0-4ca0-8b40-46b9e1bb0c5b,469,2023-05-08T19:50:47.611556+01:00,barcode07,rabv_ea,11923,10164,10562,377,388,RABV_EA
4c9dca77-846b-41d6-b054-21eb08183545,2487,2023-05-08T19:50:36.611556+01:00,barcode07,?,11923,0,0,387,399,?
acef6deb-714f-41d5-b748-ff4b458a3fb2,464,2023-05-08T19:50:56.611556+01:00,barcode07,rabv_ea,11923,5212,5608,364,383,RABV_EA
26112514-6327-48ee-af20-c47e7cc9c217,1684,2023-05-08T19:50:34.611556+01:00,barcode07,?,11923,0,0,397,404,?
9ad45fb2-1e15-468e-a4fe-c6cc625b166e,693,2023-05-08T19:50:52.611556+01:00,barcode07,rabv_ea,11923,4633,5050,376,394,RABV_EA
fc481165-e7db-4102-af06-f9ad6ca462c8,486,2023-05-08T19:50:48.611556+01:00,barcode07,rabv_ea,11923,8927,9325,379,387,RABV_EA
571b241d-0747-44ff-a2a5-bc6cf946c385,523,2023-05-08T19:50:55.611556+01:00,barcode07,rabv_ea,11923,10164,10576,384,395,RABV_EA
af67a1c8-e675-40bd-b9f2-d626ed665e94,699,2023-05-08T19:50:50.611556+01:00,barcode07,?,11923,0,0,314,334,?
4532e453-1a4d-43c6-9dd2-7fe2fd0db384,1260,2023-05-08T19:50:38.611556+01:00,barcode07,?,11923,0,0,390,402,?
28334ea4-ca26-4af4-894f-48d8f4bc9b31,1278,2023-05-08T19:51:47.611556+01:00,barcode07,?,11923,0,0,397,404,?
67f58b72-4d22-437b-bf1e-db521dbe0626,532,2023-05-08T19:50:37.611556+01:00,barcode07,rabv_ea,11923,8927,9325,389,395,RABV_EA
481ac35a-8e56-4c7f-8f77-331d78b30d13,1268,2023-05-08T19:51:46.611556+01:00,barcode07,?,11923,0,0,384,408,?
6b2d09bc-f379-4b83-85e1-b934538f5e1e,459,2023-05-08T19:50:36.611556+01:00,barcode07,rabv_ea,11923,10164,10558,358,380,RABV_EA
82098ac8-2677-4ca5-b36d-8d111a5c2b29,469,2023-05-08T19:50:36.611556+01:00,barcode07,rabv_ea,11923,10164,10562,374,390,RABV_EA
cb92ae5a-9f1a-4469-ad51-aa1378f8e169,1249,2023-05-08T19:50:38.611556+01:00,barcode07,?,11923,0,0,388,395,?
045dbfb0-b977-444d-8429-384c88761006,1684,2023-05-08T19:51:48.611556+01:00,barcode07,?,11923,0,0,393,397,?
c52cdf39-14e3-4dc8-bcc5-45e1daabccf0,921,2023-05-08T19:50:50.611556+01:00,barcode07,?,11923,0,0,389,400,?
16502db6-a0c4-4a1a-bcde-80865e4aeea8,442,2023-05-08T19:50:48.611556+01:00,barcode07,rabv_ea,11923,11407,11795,347,367,RABV_EA
93ce4695-e27d-4da0-a011-67ac99962cbc,493,2023-05-08T19:51:47.611556+01:00,barcode07,rabv_ea,11923,9851,10263,361,375,RABV_EA
09503b30-8b1d-4651-85b5-8e2c2c8d0c04,460,2023-05-08T19:50:36.611556+01:00,barcode07,rabv_ea,11923,1577,1958,342,360,RABV_EA
51cf6e52-c78a-4822-a0c3-ad7967ffed2c,457,2023-05-08T19:50:37.611556+01:00,barcode07,rabv_ea,11923,4911,5284,343,364,RABV_EA
e242e3eb-7484-408d-80c3-30551f977263,553,2023-05-08T19:51:52.611556+01:00,barcode07,rabv_ea,11923,1649,1958,294,298,RABV_EA
3026325c-483f-4838-b766-fbd073acdcb4,454,2023-05-08T19:51:51.611556+01:00,barcode07,rabv_ea,11923,9874,10260,365,375,RABV_EA
8d5986e6-132e-49e4-987c-5763fba9f5b5,448,2023-05-08T19:50:33.611556+01:00,barcode07,rabv_ea,11923,11110,11494,351,369,RABV_EA
5774c732-5c3f-4e67-8baa-08a5bdf30722,509,2023-05-08T19:50:29.611556+01:00,barcode07,rabv_ea,11923,10164,10567,358,375,RABV_EA
658045ad-1d99-4708-9123-156e1df8fadb,455,2023-05-08T19:50:34.611556+01:00,barcode07,rabv_ea,11923,4893,5282,366,377,RABV_EA
a32923c3-68e2-49b7-af1c-b1186f07c0ca,440,2023-05-08T19:50:30.611556+01:00,barcode07,rabv_ea,11923,11111,11487,341,358,RABV_EA
c5ad1b13-9f1e-46e0-9ede-17aa96b376b2,947,2023-05-08T19:50:29.611556+01:00,barcode07,?,11923,0,0,384,392,?
2d37d7e7-b035-4f67-8a54-0243fc3f453b,540,2023-05-08T19:50:28.611556+01:00,barcode07,rabv_ea,11923,10164,10577,393,402,RABV_EA
82eaf6e9-5646-4626-8bf3-94c37c5eecd1,1278,2023-05-08T19:51:44.611556+01:00,barcode07,?,11923,0,0,377,388,?
94a621f8-fc23-4cd5-a3b0-9abd8a9a971f,467,2023-05-08T19:50:23.611556+01:00,barcode07,rabv_ea,11923,4626,5036,380,392,RABV_EA
e0c48355-624b-43cf-98b2-3bf224478320,1317,2023-05-08T19:50:21.611556+01:00,barcode07,?,11923,0,0,765,799,?
8912f2eb-f660-4dd6-a8cd-3e910be65c64,1238,2023-05-08T19:50:30.611556+01:00,barcode07,?,11923,0,0,352,368,?
768bba96-51fd-4f8c-bd6a-0557156259b2,543,2023-05-08T19:50:34.611556+01:00,barcode07,rabv_ea,11923,10164,10576,390,401,RABV_EA
bbaa10c6-3ee0-41a2-8fe6-b34113d31a6d,507,2023-05-08T19:50:29.611556+01:00,barcode07,rabv_ea,11923,10171,10569,368,378,RABV_EA
44eece5e-a8da-4575-8241-fc6178450eff,450,2023-05-08T19:50:30.611556+01:00,barcode07,rabv_ea,11923,8942,9325,371,375,RABV_EA
d646b8b1-a81c-4f53-813c-47e2dcea98f0,460,2023-05-08T19:50:25.611556+01:00,barcode07,rabv_ea,11923,3405,3787,335,364,RABV_EA
d8d5baf8-924b-43bd-b153-a51333cf8470,939,2023-05-08T19:50:37.611556+01:00,barcode07,?,11923,0,0,370,390,?
62d0a565-2aa3-4d4f-98bc-d2ef5100db36,1461,2023-05-08T19:50:31.611556+01:00,barcode07,?,11923,0,0,394,398,?
b33249fd-b128-42bf-be37-efccc6959ac3,876,2023-05-08T19:51:45.611556+01:00,barcode07,?,11923,0,0,408,410,?
29690492-d145-4a9d-a1be-4d636b7ce77c,463,2023-05-08T19:50:47.611556+01:00,barcode07,rabv_ea,11923,7739,8081,306,329,RABV_EA
e3c23597-44fd-41ca-a249-262ee3210287,467,2023-05-08T19:50:34.611556+01:00,barcode07,rabv_ea,11923,4626,5037,378,394,RABV_EA
99388ccd-bbde-4908-9b5f-8d9f453e69c2,746,2023-05-08T19:50:29.611556+01:00,barcode07,?,11923,0,0,377,384,?
9b76689c-c670-40d6-ab17-031d593a5281,910,2023-05-08T19:50:38.611556+01:00,barcode07,?,11923,0,0,382,403,?
e1261dea-be05-4792-bc2c-6a51853c1677,445,2023-05-08T19:50:31.611556+01:00,barcode07,rabv_ea,11923,9054,9330,256,271,RABV_EA
cc868d15-6217-4425-8e48-b97b1e0cd918,1297,2023-05-08T19:50:28.611556+01:00,barcode07,?,11923,0,0,368,387,?
cde12dc4-c2d6-4728-9712-df8b9ae999b4,1682,2023-05-08T19:51:40.611556+01:00,barcode07,?,11923,0,0,358,368,?
138ddbab-2fec-414f-a3c8-5ce11fbc0a7b,859,2023-05-08T19:50:22.611556+01:00,barcode07,?,11923,0,0,354,365,?
73c5cd5c-dae8-4b3c-8cf9-2dd63e9497d7,447,2023-05-08T19:51:44.611556+01:00,barcode07,rabv_ea,11923,7712,8082,359,364,RABV_EA
bb2cc0d0-73fa-4cfc-8c94-fac418589784,513,2023-05-08T19:50:35.611556+01:00,barcode07,rabv_ea,11923,7690,8081,379,385,RABV_EA
7fbf0eca-9393-45aa-ad91-f064a5ae2181,520,2023-05-08T19:50:33.611556+01:00,barcode07,rabv_ea,11923,5199,5608,382,393,RABV_EA
0d437812-196c-46ec-bed4-fc430c5c8d67,1259,2023-05-08T19:50:34.611556+01:00,barcode07,?,11923,0,0,366,374,?
9bc02d59-1791-43d0-836c-de2213e98bd5,480,2023-05-08T19:51:42.611556+01:00,barcode07,rabv_ea,11923,4647,5051,379,397,RABV_EA
1502d726-a6b3-46be-a60c-d1125a419a91,460,2023-05-08T19:51:41.611556+01:00,barcode07,rabv_ea,11923,10164,10563,355,379,RABV_EA
826b7db3-799d-4c99-9ad2-84de71d8518d,1930,2023-05-08T19:50:28.611556+01:00,barcode07,?,11923,0,0,397,409,?
9fdab1e9-d5ec-4c9c-8d3f-5f02e0244c39,533,2023-05-08T19:51:41.611556+01:00,barcode07,rabv_ea,11923,10165,10576,386,396,RABV_EA
4115c39f-538b-4bbc-853c-54f0d6e529f6,528,2023-05-08T19:50:19.611556+01:00,barcode07,rabv_ea,11923,10164,10580,376,399,RABV_EA
f593e317-7a38-4328-942d-6c17869f6886,978,2023-05-08T19:50:29.611556+01:00,barcode07,?,11923,0,0,407,418,?
f64a8f86-5687-468d-8fac-ccd8c3495b16,517,2023-05-08T19:50:28.611556+01:00,barcode07,rabv_ea,11923,6133,6528,383,388,RABV_EA
76789bfb-5e7e-4da9-a5fe-db085cbcdc88,449,2023-05-08T19:50:28.611556+01:00,barcode07,rabv_ea,11923,5847,6205,328,341,RABV_EA
0f3c7016-4071-4d11-b47f-1503ed5492dd,1335,2023-05-08T19:50:25.611556+01:00,barcode07,?,11923,0,0,393,408,?
bb639a80-9dc0-4695-990a-4aafb3e2931e,505,2023-05-08T19:50:35.611556+01:00,barcode07,rabv_ea,11923,6135,6521,359,368,RABV_EA
91b4111f-7928-41a8-a96d-8378ed2e0580,841,2023-05-08T19:50:27.611556+01:00,barcode07,?,11923,0,0,379,388,?
dafb1093-da64-4acc-9ee6-acec6966aec8,1747,2023-05-08T19:51:38.611556+01:00,barcode07,?,11923,0,0,394,404,?
b22a5b61-60fe-4e1f-8f08-59d318e8f112,440,2023-05-08T19:50:31.611556+01:00,barcode07,rabv_ea,11923,10164,10534,353,364,RABV_EA
20eb1c42-52d8-445e-986d-a4a8fb1dc000,510,2023-05-08T19:50:29.611556+01:00,barcode07,rabv_ea,11923,7692,8078,377,380,RABV_EA
e9aaa37b-bd4c-40bd-8960-2f0d68a4a661,1252,2023-05-08T19:50:30.611556+01:00,barcode07,?,11923,0,0,387,391,?
d1eef08c-1c52-432c-9717-794deb62d4d6,723,2023-05-08T19:50:25.611556+01:00,barcode07,rabv_ea,11923,4898,5283,356,370,RABV_EA
42e77382-b205-4c47-a6c3-db8e428c670c,331,2023-05-08T19:50:34.611556+01:00,barcode07,?,11923,0,0,116,120,?
b16bf390-9e53-4f27-b72c-d2ada1261632,855,2023-05-08T19:50:25.611556+01:00,barcode07,?,11923,0,0,383,390,?
e2cf8dd8-8763-4720-988c-3d240ee7186a,1268,2023-05-08T19:50:23.611556+01:00,barcode07,rabv_ea,11923,6438,6830,382,388,RABV_EA
d88c2929-eb16-4e8f-a36c-8a2411ca516f,458,2023-05-08T19:50:17.611556+01:00,barcode07,rabv_ea,11923,11111,11487,371,372,RABV_EA
c0afa6f7-f099-4e3f-933e-7f7e9debb5d9,895,2023-05-08T19:50:15.611556+01:00,barcode07,?,11923,0,0,312,329,?
3d05e332-96f1-4277-bf8a-7af08baa8936,850,2023-05-08T19:50:15.611556+01:00,barcode07,?,11923,0,0,364,381,?
c84cd9b3-04d9-440d-8c6a-c6ca84236a78,456,2023-05-08T19:50:33.611556+01:00,barcode07,rabv_ea,11923,9853,10241,380,383,RABV_EA
2d80dc25-a530-47f5-a60c-ac354fc90301,462,2023-05-08T19:50:18.611556+01:00,barcode07,rabv_ea,11923,11392,11782,372,381,RABV_EA
8c45b34f-4da1-4552-bee2-aaa089830dc7,458,2023-05-08T19:50:26.611556+01:00,barcode07,rabv_ea,11923,5198,5595,347,378,RABV_EA
8298ac16-9c16-4b8b-8387-45cd8aa1b222,862,2023-05-08T19:50:24.611556+01:00,barcode07,rabv_ea,11923,4895,5265,340,352,RABV_EA
885dc781-840f-499a-a5c1-5065b7fe5c0c,534,2023-05-08T19:51:40.611556+01:00,barcode07,rabv_ea,11923,3383,3791,362,395,RABV_EA
bf39ad17-1981-4785-88bf-55196af0aa2a,219,2023-05-08T19:50:27.611556+01:00,barcode07,rabv_ea,11923,3644,3789,138,142,RABV_EA
c4c851d1-c0dc-4f9a-89b5-530b1fc2fdb9,1310,2023-05-08T19:51:39.611556+01:00,barcode07,?,11923,0,0,387,393,?
a8f37a0e-b16d-40b6-bbb2-fd689eb9685a,455,2023-05-08T19:51:41.611556+01:00,barcode07,rabv_ea,11923,7702,8081,361,366,RABV_EA
08c21b25-77ba-4e20-995d-7df184210a1e,488,2023-05-08T19:50:14.611556+01:00,barcode07,rabv_ea,11923,6440,6816,360,373,RABV_EA
08515b7f-5aa1-46b7-9bf7-abe153b57984,475,2023-05-08T19:50:13.611556+01:00,barcode07,rabv_ea,11923,10164,10561,378,393,RABV_EA
71c5ffd3-f485-4f96-b199-b85bb400156f,533,2023-05-08T19:50:18.611556+01:00,barcode07,rabv_ea,11923,10190,10562,354,364,RABV_EA
f6287a6e-bcc6-470d-afbd-5c1787c504ff,846,2023-05-08T19:50:01.611556+01:00,barcode07,?,11923,0,0,382,386,?
36080f86-3ad8-4c0e-ac9b-5f7f1cb66415,487,2023-05-08T19:50:17.611556+01:00,barcode07,rabv_ea,11923,7690,8081,374,380,RABV_EA
cd29eca1-8ffd-409a-88e7-8a0c0cc34321,716,2023-05-08T19:50:18.611556+01:00,barcode07,rabv_ea,11923,1571,1958,376,379,RABV_EA
1b63712b-f503-4c2f-a0ad-dc3eda8b545f,882,2023-05-08T19:50:22.611556+01:00,barcode07,rabv_ea,11923,4626,5264,578,610,RABV_EA
1cb33c28-6fe2-4e5a-884a-c967fc69688b,924,2023-05-08T19:51:36.611556+01:00,barcode07,?,11923,0,0,384,393,?
61f737bc-7a9a-4c4a-95f6-c11692ba2e34,536,2023-05-08T19:50:13.611556+01:00,barcode07,rabv_ea,11923,10164,10576,365,395,RABV_EA
e75fdb78-f5ad-4ed4-850a-ae7b9bcb4d28,462,2023-05-08T19:51:36.611556+01:00,barcode07,rabv_ea,11923,9851,10248,384,390,RABV_EA
c909ab13-865b-4b7b-aceb-5a064616035a,454,2023-05-08T19:51:40.611556+01:00,barcode07,rabv_ea,11923,9851,10245,369,379,RABV_EA
9dcbc5bb-4266-49fa-a9fa-1ec6650ea4c9,1725,2023-05-08T19:50:08.611556+01:00,barcode07,?,11923,0,0,386,396,?
d2200829-932e-4c01-a121-b8078e0696f7,1310,2023-05-08T19:51:36.611556+01:00,barcode07,?,11923,0,0,388,399,?
d170281e-ec3f-481f-a0c1-78b743af1191,489,2023-05-08T19:50:16.611556+01:00,barcode07,rabv_ea,11923,7690,8081,367,376,RABV_EA
42efe4f4-a27f-4404-aad6-fc5ec914f107,1300,2023-05-08T19:51:37.611556+01:00,barcode07,?,11923,0,0,371,381,?
47b5b207-1735-462c-a853-032e584b4029,1256,2023-05-08T19:50:12.611556+01:00,barcode07,?,11923,0,0,351,359,?
afca456b-91cf-4006-9937-fb1a2082a7d1,865,2023-05-08T19:50:24.611556+01:00,barcode07,?,11923,0,0,372,385,?
4086d726-8b30-4d7a-99df-59d9afe96f0b,455,2023-05-08T19:50:11.611556+01:00,barcode07,rabv_ea,11923,5211,5608,375,380,RABV_EA
3b63c005-8787-4274-b6c7-7c8817f5a8a7,492,2023-05-08T19:51:36.611556+01:00,barcode07,rabv_ea,11923,7690,8081,361,373,RABV_EA
ddd1ac68-85b5-411c-91bc-fd959863aa87,868,2023-05-08T19:50:10.611556+01:00,barcode07,?,11923,0,0,375,394,?
c607d20d-9633-47f7-ba4d-cef1b386a793,441,2023-05-08T19:50:13.611556+01:00,barcode07,rabv_ea,11923,7703,8081,358,366,RABV_EA
2b3eb249-ab19-40be-8142-025de2fb2ad6,448,2023-05-08T19:50:19.611556+01:00,barcode07,rabv_ea,11923,336,709,356,366,RABV_EA
3993195b-a740-4be5-b1c5-341394b9c37e,854,2023-05-08T19:51:35.611556+01:00,barcode07,?,11923,0,0,387,396,?
d93f8656-8824-4832-aa1a-da98a2d4cf86,439,2023-05-08T19:51:39.611556+01:00,barcode07,rabv_ea,11923,5835,6223,354,369,RABV_EA
e3b34731-797c-4bc5-8dc6-d03b55414021,2113,2023-05-08T19:51:24.611556+01:00,barcode07,?,11923,0,0,381,393,?
4b8474f4-05a1-489d-98fd-58bbbcfe6dac,502,2023-05-08T19:50:10.611556+01:00,barcode07,rabv_ea,11923,7690,8056,345,355,RABV_EA
d0889954-40d5-4cb3-9582-56d5d3a912d2,666,2023-05-08T19:50:11.611556+01:00,barcode07,rabv_ea,11923,1635,1958,309,317,RABV_EA
6ad2dcb5-2915-44f3-a1b0-0daddd6f04d0,371,2023-05-08T19:51:28.611556+01:00,barcode07,rabv_ea,11923,10172,10463,267,282,RABV_EA
016fb8f2-4882-45aa-89ef-dd543ba24a42,465,2023-05-08T19:51:30.611556+01:00,barcode07,rabv_ea,11923,5217,5608,348,370,RABV_EA
0748d486-acc7-4810-b2fa-ea44e584b386,843,2023-05-08T19:50:03.611556+01:00,barcode07,?,11923,0,0,367,375,?
918c823f-0b66-492e-8d81-41390123f000,820,2023-05-08T19:51:31.611556+01:00,barcode07,?,11923,0,0,333,347,?
e2ec4e9e-6cc2-4cf5-8a29-0efd35e810f0,1289,2023-05-08T19:51:32.611556+01:00,barcode07,?,11923,0,0,366,377,?
821bd1ca-e55c-4e97-ae5e-e9e4542f9bdb,1305,2023-05-08T19:50:19.611556+01:00,barcode07,?,11923,0,0,386,398,?
b23e87a2-9912-4f76-a01a-a29749088e1b,286,2023-05-08T19:50:16.611556+01:00,barcode07,rabv_ea,11923,7283,7456,166,171,RABV_EA
c757d0d0-43df-4834-8ccc-6d95f0545e55,521,2023-05-08T19:50:25.611556+01:00,barcode07,rabv_ea,11923,7690,8074,375,377,RABV_EA
f13f5c13-c259-4e15-96e6-2aa6fccf83bf,521,2023-05-08T19:51:36.611556+01:00,barcode07,rabv_ea,11923,7098,7467,326,355,RABV_EA
c6cdedd7-a6c7-4f69-a2d5-1387270378a9,448,2023-05-08T19:50:14.611556+01:00,barcode07,rabv_ea,11923,953,1337,373,377,RABV_EA
7b865254-a519-4212-9acb-fd2a38c06624,1948,2023-05-08T19:50:20.611556+01:00,barcode07,?,11923,0,0,389,400,?
5a267d96-d15e-45ee-b167-25fd5babb0bf,475,2023-05-08T19:50:13.611556+01:00,barcode07,rabv_ea,11923,7690,8063,330,341,RABV_EA
7ffad7b9-9f8c-4431-a802-459f919e6727,526,2023-05-08T19:50:10.611556+01:00,barcode07,rabv_ea,11923,3386,3788,368,383,RABV_EA
475c00c5-52cc-4ffa-9d23-bbb0480cf2d7,505,2023-05-08T19:51:35.611556+01:00,barcode07,rabv_ea,11923,7690,8081,375,385,RABV_EA
40a900da-5355-42c6-b957-0088034cfc8c,450,2023-05-08T19:50:20.611556+01:00,barcode07,rabv_ea,11923,7704,8077,359,367,RABV_EA
ccbd3125-45c6-42a2-8bd8-30c4bae67478,524,2023-05-08T19:50:10.611556+01:00,barcode07,rabv_ea,11923,10164,10576,384,398,RABV_EA
0be1ff78-ee75-4fd7-92f4-be9fbd33f0b0,876,2023-05-08T19:49:58.611556+01:00,barcode07,?,11923,0,0,393,403,?
cd5a3be3-9450-4964-a6d6-4888cf91ee23,2018,2023-05-08T19:49:45.611556+01:00,barcode07,?,11923,0,0,379,387,?
cb2e0df8-bac0-4a9e-bc2c-c48797dbf2dd,791,2023-05-08T19:49:51.611556+01:00,barcode07,rabv_ea,11923,7702,8081,336,350,RABV_EA
7cb3ed5a-c3fc-42bb-9d44-05c9ae809d42,407,2023-05-08T19:50:12.611556+01:00,barcode07,rabv_ea,11923,6485,6827,310,324,RABV_EA
f3615dd9-e322-47bc-84ff-80982f879e26,466,2023-05-08T19:50:10.611556+01:00,barcode07,rabv_ea,11923,1568,1955,374,377,RABV_EA
f32d6f85-750f-4c4d-b02f-17122a4ba129,878,2023-05-08T19:50:11.611556+01:00,barcode07,?,11923,0,0,380,396,?
b8e7d064-d993-4302-9d39-569399c533af,445,2023-05-08T19:50:17.611556+01:00,barcode07,rabv_ea,11923,7690,8064,368,370,RABV_EA
bfaa285c-0f5b-4c25-af04-b22a68cbdafe,480,2023-05-08T19:50:20.611556+01:00,barcode07,rabv_ea,11923,4626,5036,396,405,RABV_EA
9df8859b-dadf-4e01-b1fe-006e2e91f43a,217,2023-05-08T19:51:25.611556+01:00,barcode07,*,0,0,0,0,0,*
c037e7fe-11ee-4ef8-99ac-05a3e2e72fb5,504,2023-05-08T19:51:26.611556+01:00,barcode07,rabv_ea,11923,7690,8081,360,372,RABV_EA
20493702-3b1b-4b84-a95d-ea9675df1f54,474,2023-05-08T19:50:15.611556+01:00,barcode07,rabv_ea,11923,5847,6221,349,363,RABV_EA
a9badebe-0457-4b20-90aa-c5dbdc836f95,476,2023-05-08T19:50:00.611556+01:00,barcode07,rabv_ea,11923,10171,10560,368,379,RABV_EA
9a7e30ba-b092-488c-a194-605f84e06c6c,479,2023-05-08T19:49:57.611556+01:00,barcode07,rabv_ea,11923,1571,1956,356,372,RABV_EA
be1aa240-3def-43fd-82eb-81b728883781,860,2023-05-08T19:49:57.611556+01:00,barcode07,?,11923,0,0,395,407,?
1f0e964d-8e94-4561-87ba-a5fced1bd699,549,2023-05-08T19:51:24.611556+01:00,barcode07,?,11923,0,0,201,207,?
b5eeeecc-735c-4b4a-b302-abef8479116c,506,2023-05-08T19:51:25.611556+01:00,barcode07,rabv_ea,11923,7690,8081,385,387,RABV_EA
42e2917c-a7f6-4361-8c83-7e1cc580beaa,528,2023-05-08T19:50:00.611556+01:00,barcode07,rabv_ea,11923,10170,10573,391,394,RABV_EA
14733ca7-f1ca-4096-afbf-9da7b8f40861,468,2023-05-08T19:49:46.611556+01:00,barcode07,rabv_ea,11923,10175,10553,339,360,RABV_EA
7068444d-46e7-4382-bd3e-5fef47dbb3a7,474,2023-05-08T19:51:18.611556+01:00,barcode07,rabv_ea,11923,1553,1944,344,365,RABV_EA
aa5a8db6-7b39-4e89-8160-c53a6a3a664f,922,2023-05-08T19:51:18.611556+01:00,barcode07,?,11923,0,0,393,405,?
5fd8b59f-196c-4684-a203-92caaf293f0e,467,2023-05-08T19:50:01.611556+01:00,barcode07,rabv_ea,11923,10164,10563,386,393,RABV_EA
617bf467-ec6c-4000-98e4-f75ed182c91e,507,2023-05-08T19:49:45.611556+01:00,barcode07,rabv_ea,11923,7689,8081,354,372,RABV_EA
faeac31d-3187-4087-8dc5-11df5ba45b92,467,2023-05-08T19:51:22.611556+01:00,barcode07,rabv_ea,11923,3383,3774,377,386,RABV_EA
757bad6c-f2e9-4051-b2d1-d6bb9ffb6c1d,656,2023-05-08T19:51:20.611556+01:00,barcode07,?,11923,0,0,371,386,?
7747efa2-e75f-4616-91d0-60cd6c88a521,460,2023-05-08T19:51:18.611556+01:00,barcode07,rabv_ea,11923,5835,6223,376,381,RABV_EA
de8883c0-dc57-4e48-9cd6-ba119658704f,450,2023-05-08T19:51:22.611556+01:00,barcode07,rabv_ea,11923,8940,9325,365,377,RABV_EA
74838536-8381-4349-baad-ea681bd3a626,487,2023-05-08T19:51:15.611556+01:00,barcode07,?,11923,0,0,175,177,?
9aefad38-52ea-4220-be58-bcbb648402e7,851,2023-05-08T19:49:48.611556+01:00,barcode07,?,11923,0,0,376,378,?
6d14ef9d-de93-4d05-97f7-3f55e897a078,422,2023-05-08T19:50:13.611556+01:00,barcode07,rabv_ea,11923,7692,8057,333,346,RABV_EA
2132f75e-e096-471c-903c-9eb6be2e91a6,453,2023-05-08T19:50:07.611556+01:00,barcode07,rabv_ea,11923,5852,6223,352,362,RABV_EA
8b2a6afe-5553-48f6-9ffd-a99bf311b568,534,2023-05-08T19:50:07.611556+01:00,barcode07,rabv_ea,11923,7682,8068,368,381,RABV_EA
73d5fcc3-8825-4f68-8b4d-3a11a670421f,682,2023-05-08T19:51:23.611556+01:00,barcode07,?,11923,0,0,374,384,?
ce8eed61-f98d-4d66-b6db-3f9847ca36ee,508,2023-05-08T19:51:20.611556+01:00,barcode07,rabv_ea,11923,10164,10573,387,400,RABV_EA
804eb4e4-1b05-408c-80b7-e7db8c112cac,2081,2023-05-08T19:50:00.611556+01:00,barcode07,?,11923,0,0,396,401,?
d6f56684-7422-4c11-8860-03ff286fdebe,919,2023-05-08T19:50:06.611556+01:00,barcode07,?,11923,0,0,387,406,?
2013fa69-af0d-4b9a-98d7-e5eb385ada85,504,2023-05-08T19:51:20.611556+01:00,barcode07,rabv_ea,11923,10164,10533,321,341,RABV_EA
49ad78d5-6fb1-449c-ba0c-d9e7c412ee27,442,2023-05-08T19:50:13.611556+01:00,barcode07,rabv_ea,11923,1563,1943,362,368,RABV_EA
7ab78f61-9595-454f-8496-3b11364d1681,441,2023-05-08T19:50:08.611556+01:00,barcode07,rabv_ea,11923,7690,8062,368,370,RABV_EA
a394de99-c6e5-4cd3-8c75-b788eb3549da,542,2023-05-08T19:49:51.611556+01:00,barcode07,rabv_ea,11923,10164,10576,393,400,RABV_EA
8bbefaed-39aa-4e14-a242-9f07ff661f96,448,2023-05-08T19:50:08.611556+01:00,barcode07,rabv_ea,11923,7690,8063,357,366,RABV_EA
f0a21480-b9dc-407b-b10f-b10f9461f475,1274,2023-05-08T19:50:05.611556+01:00,barcode07,?,11923,0,0,390,402,?
c6a84901-9174-4b1e-9789-ed48dcf5f646,465,2023-05-08T19:50:05.611556+01:00,barcode07,rabv_ea,11923,8941,9302,335,351,RABV_EA
224aa130-afa6-45b9-8234-d6b329e47495,1247,2023-05-08T19:49:48.611556+01:00,barcode07,?,11923,0,0,370,380,?
a256d2ee-d186-4035-b582-a7e0c80e03d9,1358,2023-05-08T19:49:49.611556+01:00,barcode07,?,11923,0,0,378,397,?
abd0a0d9-1612-4b04-8adb-12329a8fc42e,1339,2023-05-08T19:49:48.611556+01:00,barcode07,?,11923,0,0,397,403,?
132486c7-5b72-46c1-89f9-d184bd136833,876,2023-05-08T19:49:50.611556+01:00,barcode07,?,11923,0,0,381,390,?
8612e95a-90b3-4387-8753-ca259d168742,515,2023-05-08T19:49:46.611556+01:00,barcode07,rabv_ea,11923,7709,8081,358,368,RABV_EA
37e9b750-c6ad-4ef7-a02a-361e78def8aa,507,2023-05-08T19:49:44.611556+01:00,barcode07,rabv_ea,11923,7690,8081,370,378,RABV_EA
7b01afd0-26d3-499a-8aeb-5cecf13e40c1,1284,2023-05-08T19:49:44.611556+01:00,barcode07,?,11923,0,0,367,385,?
f5128c69-16c5-4450-9a2d-3f0329ad09d3,465,2023-05-08T19:50:06.611556+01:00,barcode07,rabv_ea,11923,1575,1958,327,345,RABV_EA
473a5011-05b0-416b-a607-c35c0db37ab0,885,2023-05-08T19:51:18.611556+01:00,barcode07,?,11923,0,0,396,404,?
e1c866f0-df4c-482b-9944-132e8e4aff4f,463,2023-05-08T19:50:02.611556+01:00,barcode07,rabv_ea,11923,10182,10570,363,377,RABV_EA
57fed714-a090-46db-84ce-fbaabef04962,440,2023-05-08T19:49:56.611556+01:00,barcode07,rabv_ea,11923,11405,11796,350,368,RABV_EA
d5d9f29a-cf18-417d-914e-05f3d6388738,947,2023-05-08T19:50:02.611556+01:00,barcode07,?,11923,0,0,380,391,?
b69f0748-2f94-4b08-a981-f9b110247dcc,457,2023-05-08T19:50:03.611556+01:00,barcode07,rabv_ea,11923,9875,10260,371,377,RABV_EA
9c1d119c-38d1-42f0-91d8-1f5a5d5dd5d9,1291,2023-05-08T19:50:06.611556+01:00,barcode07,?,11923,0,0,403,411,?
e1569c77-04a0-4b44-8eee-6cfb7afa6120,843,2023-05-08T19:49:45.611556+01:00,barcode07,?,11923,0,0,368,376,?
93f6f48a-f5da-4a5f-9b9a-e960dda91442,463,2023-05-08T19:49:45.611556+01:00,barcode07,rabv_ea,11923,9851,10247,380,386,RABV_EA
44fff5aa-7f2a-45d3-b61e-f5534b33603c,488,2023-05-08T19:49:45.611556+01:00,barcode07,rabv_ea,11923,7690,8081,378,381,RABV_EA
d2398cd3-e4af-4b50-9ec5-2aeb8615aae2,426,2023-05-08T19:51:19.611556+01:00,barcode07,rabv_ea,11923,5870,6206,293,313,RABV_EA
6d341605-3ccf-465e-9ba0-4547e4154bc8,436,2023-05-08T19:49:47.611556+01:00,barcode07,rabv_ea,11923,7690,8008,295,304,RABV_EA
e04d8bf5-afdc-4889-8609-84cae390c181,519,2023-05-08T19:49:44.611556+01:00,barcode07,rabv_ea,11923,7690,8080,379,384,RABV_EA
813f70eb-b2f0-43f0-9ad9-63f80aca42c1,525,2023-05-08T19:49:41.611556+01:00,barcode07,rabv_ea,11923,5196,5608,393,404,RABV_EA
32b528fd-d00f-4802-9f25-51d5d2f75437,2009,2023-05-08T19:49:36.611556+01:00,barcode07,?,11923,0,0,352,378,?
1f39332d-d521-4205-9105-9c86efbdd8ac,518,2023-05-08T19:49:43.611556+01:00,barcode07,rabv_ea,11923,7690,8081,377,380,RABV_EA
6dd00d3c-aa3a-448a-b5ac-dce7cea65faa,528,2023-05-08T19:49:45.611556+01:00,barcode07,rabv_ea,11923,10164,10576,378,394,RABV_EA
4c75c8b8-8a3d-4b66-8075-9993379ef070,1227,2023-05-08T19:49:41.611556+01:00,barcode07,?,11923,0,0,376,390,?
89b297f6-44f0-492e-8d6f-c98fdb4c873e,868,2023-05-08T19:51:15.611556+01:00,barcode07,?,11923,0,0,385,389,?
37204a60-41fc-41f8-b4c5-c6b263f15452,414,2023-05-08T19:49:45.611556+01:00,barcode07,rabv_ea,11923,6492,6827,307,325,RABV_EA
8054a874-7eff-45b4-b06e-63022ebff248,887,2023-05-08T19:50:59.611556+01:00,barcode07,?,11923,0,0,332,343,?
24fdc47d-810c-44e6-95da-d8d33647654c,1691,2023-05-08T19:49:40.611556+01:00,barcode07,?,11923,0,0,391,393,?
b0266004-03c3-422f-b3bd-862a0f648d9a,444,2023-05-08T19:49:47.611556+01:00,barcode07,rabv_ea,11923,8283,8679,338,370,RABV_EA
67c53f6e-2b0b-424f-b585-6104d11a6763,857,2023-05-08T19:49:36.611556+01:00,barcode07,?,11923,0,0,394,402,?
72bcba82-6feb-40d6-8bf7-a21f6dc5676b,1265,2023-05-08T19:50:56.611556+01:00,barcode07,?,11923,0,0,381,386,?
3554d019-410b-4e6f-9f61-06a2689869a1,927,2023-05-08T19:50:56.611556+01:00,barcode07,?,11923,0,0,397,405,?
7870b64d-5632-4a7f-981f-153b7cb2fe99,898,2023-05-08T19:49:34.611556+01:00,barcode07,rabv_ea,11923,9851,10258,366,389,RABV_EA
7fb3bbb8-8ab8-4a96-8e95-6c68badf119f,443,2023-05-08T19:49:35.611556+01:00,barcode07,rabv_ea,11923,7706,8068,348,355,RABV_EA
08f0295f-0ba1-4616-b27a-ff4b86b79c36,452,2023-05-08T19:49:37.611556+01:00,barcode07,rabv_ea,11923,4339,4713,331,348,RABV_EA
4c1b71ca-c1aa-4f88-a5dc-7fa0ad2f8270,923,2023-05-08T19:49:55.611556+01:00,barcode07,?,11923,0,0,381,385,?
ff1f510b-85c5-473b-b321-38d3ca04ee36,433,2023-05-08T19:50:59.611556+01:00,barcode07,rabv_ea,11923,3421,3787,346,356,RABV_EA
57b83d04-b40d-4957-aff0-b4146e17a2fe,445,2023-05-08T19:49:54.611556+01:00,barcode07,rabv_ea,11923,6133,6514,366,369,RABV_EA
f5144fc3-558b-4d5f-aced-03155906ca84,508,2023-05-08T19:49:37.611556+01:00,barcode07,rabv_ea,11923,7692,8078,368,378,RABV_EA
9329f3dd-1ad3-4a01-a349-b7be46ca7039,901,2023-05-08T19:51:17.611556+01:00,barcode07,?,11923,0,0,384,391,?
9ae3040b-55ff-4651-9985-ecc94a213718,936,2023-05-08T19:51:03.611556+01:00,barcode07,?,11923,0,0,397,413,?
6f29e73b-e5d6-4fbd-a042-612531f3ab1e,875,2023-05-08T19:49:54.611556+01:00,barcode07,?,11923,0,0,356,362,?
6a51b9e0-d704-4047-90bb-36844a62e5cc,729,2023-05-08T19:49:44.611556+01:00,barcode07,rabv_ea,11923,10164,10531,354,362,RABV_EA
118792ef-3957-44f8-9fc5-aa6ff7d7dd6a,622,2023-05-08T19:49:39.611556+01:00,barcode07,rabv_ea,11923,9854,10258,391,400,RABV_EA
b8505c3f-3185-4327-a289-fa475b83ef60,463,2023-05-08T19:49:47.611556+01:00,barcode07,rabv_ea,11923,8960,9325,330,352,RABV_EA
332bec36-b4b4-4035-9b8f-535c599aed18,858,2023-05-08T19:49:40.611556+01:00,barcode07,?,11923,0,0,403,414,?
faaab250-7667-4466-a681-8e024204345c,472,2023-05-08T19:49:53.611556+01:00,barcode07,rabv_ea,11923,10164,10559,359,379,RABV_EA
1edea091-cb17-4371-9cd3-7587565831d6,1212,2023-05-08T19:51:16.611556+01:00,barcode07,?,11923,0,0,368,392,?
9c62b293-1603-4c6c-b851-7c71cfb89455,517,2023-05-08T19:49:46.611556+01:00,barcode07,rabv_ea,11923,10164,10576,370,385,RABV_EA
62fbb31c-e070-4604-a24d-52ff623e0f93,512,2023-05-08T19:50:57.611556+01:00,barcode07,rabv_ea,11923,7690,8077,362,373,RABV_EA
aacbf5b4-5344-4dd0-a274-35a03facb71e,461,2023-05-08T19:49:46.611556+01:00,barcode07,rabv_ea,11923,6437,6829,359,372,RABV_EA
e874d4ba-0943-4043-88e1-4a70e138b227,445,2023-05-08T19:49:37.611556+01:00,barcode07,rabv_ea,11923,7703,8081,358,367,RABV_EA
602e91f1-65ec-4285-95e1-ca5de481e21e,1315,2023-05-08T19:49:51.611556+01:00,barcode07,?,11923,0,0,378,396,?
123d0982-53ea-4d7f-af3d-c583b4771c7f,289,2023-05-08T19:49:47.611556+01:00,barcode07,rabv_ea,11923,9212,9325,107,113,RABV_EA
c233b416-90ea-41df-8559-d59cb943c846,532,2023-05-08T19:49:58.611556+01:00,barcode07,rabv_ea,11923,10164,10576,398,405,RABV_EA
4f6fbda9-809b-45e1-a6cf-1a86c6e154c4,529,2023-05-08T19:51:14.611556+01:00,barcode07,rabv_ea,11923,1552,1958,397,403,RABV_EA
2bcae435-5187-4353-8930-4013247e5c79,872,2023-05-08T19:49:52.611556+01:00,barcode07,?,11923,0,0,355,368,?
d8fade4b-fa47-4d92-b111-ca17d7a9ac69,937,2023-05-08T19:51:00.611556+01:00,barcode07,?,11923,0,0,378,389,?
f0e2d7c8-32d1-4445-8d6c-bf0e908041c6,312,2023-05-08T19:49:44.611556+01:00,barcode07,rabv_ea,11923,9107,9325,206,216,RABV_EA
5f381225-3660-4038-9547-bb0bec5bac07,522,2023-05-08T19:49:49.611556+01:00,barcode07,rabv_ea,11923,8934,9320,346,369,RABV_EA
1c04261f-a833-41c9-9518-bebb97cb41bd,878,2023-05-08T19:49:54.611556+01:00,barcode07,?,11923,0,0,381,393,?
b6d6660d-8800-4b62-a010-97eb762e2664,2514,2023-05-08T19:49:29.611556+01:00,barcode07,?,11923,0,0,387,397,?
e016d238-3f4e-41be-98f0-daf7ae7a710f,823,2023-05-08T19:50:59.611556+01:00,barcode07,?,11923,0,0,361,372,?
ef903d50-137e-44b8-8c36-bfe6bed2b792,515,2023-05-08T19:49:33.611556+01:00,barcode07,rabv_ea,11923,9867,10261,356,377,RABV_EA
134ba43b-6c15-4c17-88a9-3be2a8f7d2cf,527,2023-05-08T19:49:37.611556+01:00,barcode07,rabv_ea,11923,10164,10576,395,403,RABV_EA
42255d9c-397c-4449-a188-639068d3c8c0,453,2023-05-08T19:49:39.611556+01:00,barcode07,rabv_ea,11923,5843,6216,352,362,RABV_EA
2788cbbe-75e9-4bc2-83de-c3f2dfffad0b,466,2023-05-08T19:49:52.611556+01:00,barcode07,rabv_ea,11923,10164,10562,389,392,RABV_EA
3517c63d-dd7d-406d-91f1-8c62a5cdb10a,210,2023-05-08T19:49:39.611556+01:00,barcode07,rabv_ea,11923,5196,5340,130,135,RABV_EA
94ddeb3a-69c7-415a-99b1-7abc0aaf8c37,522,2023-05-08T19:51:00.611556+01:00,barcode07,rabv_ea,11923,10164,10576,384,396,RABV_EA
a6c40852-a800-45a0-be2d-6eb27dd99194,867,2023-05-08T19:49:35.611556+01:00,barcode07,?,11923,0,0,392,400,?
fa8cc592-bc49-41e1-98f0-b63876c26030,464,2023-05-08T19:50:57.611556+01:00,barcode07,rabv_ea,11923,8941,9330,373,382,RABV_EA
89b2dae6-3204-4967-8299-aa6a40929d1c,546,2023-05-08T19:50:59.611556+01:00,barcode07,rabv_ea,11923,5198,5608,395,404,RABV_EA
830162e9-8ee1-496a-8efe-d5003fbfc113,864,2023-05-08T19:49:33.611556+01:00,barcode07,?,11923,0,0,363,378,?
c389f26e-8ce0-4a6b-8446-88669a04641e,862,2023-05-08T19:51:00.611556+01:00,barcode07,?,11923,0,0,367,391,?
79224aa5-2782-4d50-9ad6-3478251a9260,864,2023-05-08T19:50:59.611556+01:00,barcode07,?,11923,0,0,390,403,?
3f88b1ec-717b-4d13-9b62-c9f1ef1f20ee,507,2023-05-08T19:51:00.611556+01:00,barcode07,rabv_ea,11923,9851,10263,380,395,RABV_EA
f45eae88-f243-40bb-8ee8-6903e7f54978,512,2023-05-08T19:51:01.611556+01:00,barcode07,rabv_ea,11923,1551,1947,364,378,RABV_EA
9d98cc7f-f428-44dc-b7f5-f9b8e0064616,855,2023-05-08T19:51:00.611556+01:00,barcode07,?,11923,0,0,384,399,?
1ae6e64e-ee8e-43b7-9c07-af89be7423f0,531,2023-05-08T19:50:57.611556+01:00,barcode07,rabv_ea,11923,10164,10576,386,402,RABV_EA
03f17470-f893-4556-8ccf-31663eca8b2f,881,2023-05-08T19:49:51.611556+01:00,barcode07,?,11923,0,0,393,405,?
7b7c54f7-544c-435f-973c-32774ebcbce8,642,2023-05-08T19:50:55.611556+01:00,barcode07,?,11923,0,0,382,390,?
520962c7-7c64-4a1f-936b-3ed2fe62d109,844,2023-05-08T19:50:53.611556+01:00,barcode07,?,11923,0,0,338,347,?
286fe0a5-43d6-44d5-92ca-ed46d2c1b5bf,431,2023-05-08T19:49:38.611556+01:00,barcode07,rabv_ea,11923,952,1334,339,359,RABV_EA
26a276b1-ba12-4dec-b582-b074b7dec481,1310,2023-05-08T19:49:36.611556+01:00,barcode07,?,11923,0,0,376,385,?
3d898de5-ad08-413f-a612-96b0227a33fe,472,2023-05-08T19:49:50.611556+01:00,barcode07,rabv_ea,11923,5203,5592,371,378,RABV_EA
c98ad500-f693-4fd1-bcab-4cb65da9f380,449,2023-05-08T19:49:35.611556+01:00,barcode07,rabv_ea,11923,3383,3777,372,376,RABV_EA
88ca84e4-a9ad-4069-9ab7-b730a90b0183,458,2023-05-08T19:50:50.611556+01:00,barcode07,rabv_ea,11923,7704,8079,354,362,RABV_EA
86285a45-8ce4-4329-9ead-1cbdb69db98a,450,2023-05-08T19:49:23.611556+01:00,barcode07,rabv_ea,11923,3406,3791,349,370,RABV_EA
0589f3a1-d73e-4d1d-a3bc-ac7153aac8aa,466,2023-05-08T19:49:33.611556+01:00,barcode07,rabv_ea,11923,7721,8081,343,359,RABV_EA
67cfd876-e79b-4416-904c-51754261dd03,459,2023-05-08T19:49:42.611556+01:00,barcode07,rabv_ea,11923,10164,10557,383,390,RABV_EA
6bb74189-00e0-436c-979d-595df7c40fb5,1257,2023-05-08T19:49:34.611556+01:00,barcode07,?,11923,0,0,383,390,?
1fd66114-53f6-4ab0-adb0-7c3cca448dfe,465,2023-05-08T19:49:38.611556+01:00,barcode07,rabv_ea,11923,11111,11494,369,379,RABV_EA
b2bd4fe6-1166-4cb2-b8c0-82452399ed32,526,2023-05-08T19:49:31.611556+01:00,barcode07,rabv_ea,11923,5824,6224,372,383,RABV_EA
dc1f4a04-9a90-46d0-b384-492e5d0b0506,870,2023-05-08T19:50:50.611556+01:00,barcode07,?,11923,0,0,394,401,?
d3312f41-70f7-4b1b-bc0e-5c21b8efbbdc,882,2023-05-08T19:49:31.611556+01:00,barcode07,?,11923,0,0,378,386,?
061356df-5cc2-4916-8881-701ce2338121,1252,2023-05-08T19:49:41.611556+01:00,barcode07,?,11923,0,0,373,391,?
77b9f4f6-1a93-431d-b4b1-2ed14d15cd9e,945,2023-05-08T19:49:40.611556+01:00,barcode07,?,11923,0,0,380,386,?
6a96f133-95ed-40e5-b64c-e15e2b961388,1968,2023-05-08T19:49:18.611556+01:00,barcode07,?,11923,0,0,395,400,?
995ed6da-e12e-4498-9602-b20a69983b06,444,2023-05-08T19:49:46.611556+01:00,barcode07,rabv_ea,11923,1551,1941,356,364,RABV_EA
b6ac17c9-3ca0-4700-ad75-820493fd8fbf,460,2023-05-08T19:50:52.611556+01:00,barcode07,rabv_ea,11923,1576,1954,355,367,RABV_EA
e7424700-6a09-4af6-bf74-b78fc71d53e9,530,2023-05-08T19:49:27.611556+01:00,barcode07,rabv_ea,11923,11404,11792,367,383,RABV_EA
142fc017-6cc4-493b-b499-593e605b3203,520,2023-05-08T19:50:59.611556+01:00,barcode07,rabv_ea,11923,10164,10576,388,400,RABV_EA
ed8a1514-e022-4c79-a057-0347b6c3a06d,1230,2023-05-08T19:50:57.611556+01:00,barcode07,?,11923,0,0,382,387,?
206b6913-75f8-461c-af1c-2820821d6ebe,516,2023-05-08T19:49:22.611556+01:00,barcode07,rabv_ea,11923,7690,8081,388,388,RABV_EA
9a3deec6-896a-414d-a274-d1ce72a10448,850,2023-05-08T19:49:25.611556+01:00,barcode07,?,11923,0,0,364,376,?
23ee00d6-c851-47ac-86c8-7c02ed63edc1,924,2023-05-08T19:50:55.611556+01:00,barcode07,?,11923,0,0,378,388,?
c550b13c-bdf0-49e6-8d04-50af88cad95e,518,2023-05-08T19:49:22.611556+01:00,barcode07,rabv_ea,11923,7690,8081,372,383,RABV_EA
81ed3222-4cf6-422b-87e2-9b141a8dcfa6,522,2023-05-08T19:49:27.611556+01:00,barcode07,rabv_ea,11923,9851,10258,394,401,RABV_EA
bbd02335-233b-4505-bff5-add28a059ea4,1260,2023-05-08T19:50:48.611556+01:00,barcode07,?,11923,0,0,390,405,?
41b2ae89-814f-469f-a966-23ad25ad8f4e,467,2023-05-08T19:49:41.611556+01:00,barcode07,rabv_ea,11923,10164,10563,383,392,RABV_EA
abc465ff-4217-4fe7-9dae-f9aea039636a,445,2023-05-08T19:49:19.611556+01:00,barcode07,rabv_ea,11923,10164,10553,336,369,RABV_EA
d65668bb-a5c6-4a2f-81e1-9bc7ad75cb94,1045,2023-05-08T19:49:19.611556+01:00,barcode07,?,11923,0,0,340,355,?
360d57f8-a310-4d21-9227-16178b297b82,851,2023-05-08T19:49:19.611556+01:00,barcode07,?,11923,0,0,369,377,?
fc0af9e3-e1c1-4122-8b36-72569494b8cf,264,2023-05-08T19:49:28.611556+01:00,barcode07,rabv_ea,11923,7690,7889,188,197,RABV_EA
46b4eb06-d196-4851-87ad-c39c63661cbc,867,2023-05-08T19:49:19.611556+01:00,barcode07,?,11923,0,0,352,370,?
a7373d3d-dfb9-4583-b3b9-08982231538f,477,2023-05-08T19:49:22.611556+01:00,barcode07,rabv_ea,11923,7243,7464,211,216,RABV_EA
6495c1f5-0e0b-4541-8af1-b858469ba31a,863,2023-05-08T19:50:43.611556+01:00,barcode07,?,11923,0,0,390,402,?
e95c67d3-5d83-447e-953b-3f3ad550df73,849,2023-05-08T19:50:50.611556+01:00,barcode07,?,11923,0,0,372,376,?
63641bd1-99c6-48bb-a816-59f5500dda7c,865,2023-05-08T19:49:24.611556+01:00,barcode07,?,11923,0,0,352,370,?
e5354a94-988f-4a1f-adf5-7852c4873f6e,455,2023-05-08T19:49:20.611556+01:00,barcode07,rabv_ea,11923,8941,9322,361,373,RABV_EA
172e2dc0-aaf5-4f78-a2e8-9fa89ad61287,446,2023-05-08T19:50:51.611556+01:00,barcode07,rabv_ea,11923,5838,6223,367,376,RABV_EA
c048b93f-8db6-449e-9c96-7f5355cc1f54,458,2023-05-08T19:50:49.611556+01:00,barcode07,rabv_ea,11923,4908,5288,361,371,RABV_EA
602c922d-4413-4321-8062-0938d407f962,467,2023-05-08T19:49:17.611556+01:00,barcode07,rabv_ea,11923,7690,8081,336,351,RABV_EA
3e2320ca-531b-4f3c-90d4-59e9d8da83ef,510,2023-05-08T19:50:51.611556+01:00,barcode07,rabv_ea,11923,6423,6822,364,381,RABV_EA
a54a4781-5d3f-416a-85ab-3d1d364033c8,869,2023-05-08T19:49:18.611556+01:00,barcode07,?,11923,0,0,384,395,?
f3a4fc49-eb32-47b9-990b-6d6b726742af,445,2023-05-08T19:49:19.611556+01:00,barcode07,rabv_ea,11923,7706,8081,373,375,RABV_EA
d37237b2-9617-4ded-b3f4-eb75ee7597de,1325,2023-05-08T19:49:16.611556+01:00,barcode07,?,11923,0,0,635,665,?
b8a7b48e-70dc-402c-bfde-7d99720a12b8,858,2023-05-08T19:49:25.611556+01:00,barcode07,?,11923,0,0,404,417,?
29ba8e69-928b-4563-a17e-744673e87c8e,516,2023-05-08T19:49:18.611556+01:00,barcode07,rabv_ea,11923,8927,9325,385,391,RABV_EA
bcf687cb-584a-417e-a2eb-6659135c0701,460,2023-05-08T19:49:19.611556+01:00,barcode07,rabv_ea,11923,3404,3791,365,381,RABV_EA
e6654f5b-05b2-4009-b544-b0ff5072efc6,397,2023-05-08T19:49:19.611556+01:00,barcode07,rabv_ea,11923,6497,6827,307,320,RABV_EA
0ba70089-cafb-4bc1-8131-94c27b91b5c0,319,2023-05-08T19:49:21.611556+01:00,barcode07,rabv_ea,11923,9081,9329,242,244,RABV_EA
1955fafc-37f8-48c9-bea0-09102ecc623f,515,2023-05-08T19:49:21.611556+01:00,barcode07,rabv_ea,11923,6136,6527,361,377,RABV_EA
398e3cec-14b7-4399-817c-642bb3d937e5,1012,2023-05-08T19:49:14.611556+01:00,barcode07,?,11923,0,0,362,369,?
8fea273f-9e2c-4f86-a471-fc0d3c94afa2,664,2023-05-08T19:49:18.611556+01:00,barcode07,rabv_ea,11923,1619,1958,324,328,RABV_EA
1eaeed24-4458-4273-8914-ab2c0e107b9c,745,2023-05-08T19:50:44.611556+01:00,barcode07,rabv_ea,11923,983,1324,301,324,RABV_EA
fd958396-a7ca-4257-ad4b-8bb01d122c1a,508,2023-05-08T19:49:10.611556+01:00,barcode07,rabv_ea,11923,5822,6223,379,392,RABV_EA
b5cf8404-6307-426f-b0bc-b2a23a0894c0,319,2023-05-08T19:50:44.611556+01:00,barcode07,?,11923,0,0,114,117,?
101706f2-857e-4311-a070-a92a883b0bf3,515,2023-05-08T19:49:20.611556+01:00,barcode07,rabv_ea,11923,10165,10576,351,378,RABV_EA
5cf7c6cf-5803-4bce-94b4-390d93b66d3b,463,2023-05-08T19:49:22.611556+01:00,barcode07,rabv_ea,11923,7073,7467,380,388,RABV_EA
b38f8c92-7c55-4b90-9495-6892405ec525,2011,2023-05-08T19:50:37.611556+01:00,barcode07,?,11923,0,0,343,358,?
99dc2829-c8b9-4ecd-9413-1abc41be91a3,454,2023-05-08T19:49:07.611556+01:00,barcode07,rabv_ea,11923,10164,10562,373,382,RABV_EA
09113a28-2632-489e-a507-f7bb7761c449,527,2023-05-08T19:49:18.611556+01:00,barcode07,rabv_ea,11923,10164,10576,375,397,RABV_EA
8d56e722-cd8f-49ff-a774-1f3d71d6fe8e,1345,2023-05-08T19:50:38.611556+01:00,barcode07,?,11923,0,0,389,398,?
30eaf249-0aea-426e-9d5d-c1892313f21c,541,2023-05-08T19:49:22.611556+01:00,barcode07,rabv_ea,11923,10164,10576,391,404,RABV_EA
de431092-8bc2-4293-a648-a02bac369ce9,445,2023-05-08T19:49:07.611556+01:00,barcode07,rabv_ea,11923,7709,8081,359,366,RABV_EA
4daf9a4d-6c58-41fd-a0ce-92beb1d4acc2,1048,2023-05-08T19:49:04.611556+01:00,barcode07,?,11923,0,0,366,375,?
8cbbb296-0332-4514-bf1e-cbd592d582af,1527,2023-05-08T19:49:11.611556+01:00,barcode07,?,11923,0,0,399,406,?
0416ffdf-8db1-4f4c-b45d-00ce1aeb34a2,468,2023-05-08T19:49:21.611556+01:00,barcode07,rabv_ea,11923,10164,10576,326,358,RABV_EA
efbb6d93-50b9-46f3-b900-56e6eb679f76,513,2023-05-08T19:50:43.611556+01:00,barcode07,rabv_ea,11923,7690,8081,368,379,RABV_EA
b4f3f627-db17-4968-adf4-93482c12cb0a,1593,2023-05-08T19:49:03.611556+01:00,barcode07,?,11923,0,0,383,391,?
462b67e5-6b68-4089-9f9e-1a9782da019e,537,2023-05-08T19:49:17.611556+01:00,barcode07,rabv_ea,11923,10164,10559,370,384,RABV_EA
f8dc908a-497a-4bad-af2a-80c5d381eded,1348,2023-05-08T19:49:14.611556+01:00,barcode07,?,11923,0,0,764,788,?
e1cb6569-6ad3-46d7-8be2-2749019e1056,468,2023-05-08T19:50:38.611556+01:00,barcode07,rabv_ea,11923,3398,3790,380,388,RABV_EA
15605bf3-1426-475c-a474-1c3aca1d7d6a,868,2023-05-08T19:49:13.611556+01:00,barcode07,?,11923,0,0,374,383,?
2251074e-f145-4255-af12-adfa338e6860,1032,2023-05-08T19:49:14.611556+01:00,barcode07,rabv_ea,11923,4626,5595,819,899,RABV_EA
87b4cb0b-bd54-4bbc-a2ac-50fd6515d1bd,1291,2023-05-08T19:49:14.611556+01:00,barcode07,?,11923,0,0,365,389,?
3b8ab0f7-2554-4f9f-9f21-e60f1b144ef0,796,2023-05-08T19:49:17.611556+01:00,barcode07,?,11923,0,0,331,350,?
f71229fb-1869-4c23-9fdc-fedb270cb7cc,857,2023-05-08T19:49:06.611556+01:00,barcode07,rabv_ea,11923,5196,5615,381,395,RABV_EA
da2c2170-e849-4797-b8ce-9b130e1c79f1,870,2023-05-08T19:49:07.611556+01:00,barcode07,?,11923,0,0,358,370,?
be05450a-4bd4-4085-a8b4-a746cf221174,500,2023-05-08T19:49:08.611556+01:00,barcode07,rabv_ea,11923,7696,8101,384,395,RABV_EA
0403505e-9702-48c5-9c3d-2cbd01c021cc,520,2023-05-08T19:49:14.611556+01:00,barcode07,rabv_ea,11923,1551,1958,391,398,RABV_EA
3c739ccf-a452-4f41-bc4f-b0b13adbd86b,460,2023-05-08T19:49:11.611556+01:00,barcode07,rabv_ea,11923,4894,5284,369,382,RABV_EA
145c8473-e22d-4bf4-8e03-9405ae68c53e,453,2023-05-08T19:49:16.611556+01:00,barcode07,rabv_ea,11923,5836,6220,353,371,RABV_EA
3901db53-0cc2-4afb-a549-63f43880959a,462,2023-05-08T19:50:43.611556+01:00,barcode07,rabv_ea,11923,11392,11779,346,370,RABV_EA
aef23d3e-bfc6-4837-b97f-b16b28261863,855,2023-05-08T19:49:15.611556+01:00,barcode07,?,11923,0,0,397,401,?
3f5d3060-c704-43ff-a53b-19be27435ebb,278,2023-05-08T19:49:14.611556+01:00,barcode07,?,11923,0,0,114,116,?
e5e40e37-7f20-462f-9f61-42b85e295fc3,439,2023-05-08T19:49:12.611556+01:00,barcode07,rabv_ea,11923,7705,8081,354,362,RABV_EA
00c11621-9b01-4273-b7fa-f742e0e6e687,489,2023-05-08T19:49:09.611556+01:00,barcode07,rabv_ea,11923,6139,6528,369,376,RABV_EA
5d608e69-a5a9-4e62-b4c5-f8846248ab3a,518,2023-05-08T19:49:11.611556+01:00,barcode07,rabv_ea,11923,6133,6528,376,383,RABV_EA
c5bae54b-cc08-4aee-9ef2-0c65214cd074,1630,2023-05-08T19:49:06.611556+01:00,barcode07,?,11923,0,0,390,396,?
82928106-e6db-4666-a2d8-f0b69130af38,527,2023-05-08T19:49:12.611556+01:00,barcode07,rabv_ea,11923,10164,10576,363,388,RABV_EA
c71a7427-7adb-49ca-86a5-355f601f6037,1245,2023-05-08T19:50:43.611556+01:00,barcode07,?,11923,0,0,375,392,?
3329d595-a611-47e4-903c-56571fde263b,439,2023-05-08T19:49:15.611556+01:00,barcode07,rabv_ea,11923,7705,8081,343,357,RABV_EA
427aca90-7b2f-40b1-9b30-8db58f76186a,912,2023-05-08T19:50:42.611556+01:00,barcode07,?,11923,0,0,373,383,?
d230f077-3438-4e3c-a794-59e767444b2c,538,2023-05-08T19:49:13.611556+01:00,barcode07,rabv_ea,11923,10206,10576,355,362,RABV_EA
79c19c63-6b15-4a69-82c6-8f3fb62c6147,1229,2023-05-08T19:50:36.611556+01:00,barcode07,?,11923,0,0,355,367,?
3d7c19c0-1fe4-4250-b210-58e214a88cb6,525,2023-05-08T19:50:42.611556+01:00,barcode07,rabv_ea,11923,1551,1958,371,397,RABV_EA
766fe180-3b71-4ba4-b9b9-94ad1540da5b,349,2023-05-08T19:50:41.611556+01:00,barcode07,rabv_ea,11923,9183,9325,127,131,RABV_EA
a66fe1ef-b237-4866-b735-602180d5e4f1,1029,2023-05-08T19:49:16.611556+01:00,barcode07,?,11923,0,0,366,380,?
66dac519-7509-4950-a758-cc4de0e34c7f,451,2023-05-08T19:50:40.611556+01:00,barcode07,rabv_ea,11923,7076,7465,369,378,RABV_EA
2d0aadfc-ef84-43b2-8a8a-c95d0fea2673,464,2023-05-08T19:49:17.611556+01:00,barcode07,rabv_ea,11923,3383,3774,369,379,RABV_EA
64bb46ce-48bb-48e4-8dba-ae16273be844,400,2023-05-08T19:49:15.611556+01:00,barcode07,rabv_ea,11923,6491,6828,320,330,RABV_EA
0deb43cc-c144-4b2f-96a9-c8685b6eb0ed,460,2023-05-08T19:49:05.611556+01:00,barcode07,rabv_ea,11923,6438,6827,354,376,RABV_EA
fd6036db-f40c-44be-aba2-8c168d6787cf,441,2023-05-08T19:49:06.611556+01:00,barcode07,rabv_ea,11923,7690,8063,365,368,RABV_EA
57856960-40b6-4916-9b58-fb999c877c20,423,2023-05-08T19:49:01.611556+01:00,barcode07,rabv_ea,11923,10164,10513,332,340,RABV_EA
43d5914e-951f-4929-8885-2776aaca7043,868,2023-05-08T19:49:02.611556+01:00,barcode07,?,11923,0,0,376,384,?
0034c0e1-92b4-43dc-be39-8803d267a64c,446,2023-05-08T19:49:05.611556+01:00,barcode07,rabv_ea,11923,7706,8081,364,369,RABV_EA
e197b6eb-3792-42ae-9629-317909897cfa,1299,2023-05-08T19:49:11.611556+01:00,barcode07,?,11923,0,0,378,400,?
1f6aac88-807a-4aa9-a2c8-60174a33e8ca,528,2023-05-08T19:49:05.611556+01:00,barcode07,rabv_ea,11923,10164,10576,385,395,RABV_EA
b8aec560-abf7-41b7-bc7e-a320d290c2a6,438,2023-05-08T19:49:14.611556+01:00,barcode07,rabv_ea,11923,955,1337,353,366,RABV_EA
e2e8c0ae-99f6-4b20-97f3-a49b841f0baf,473,2023-05-08T19:49:15.611556+01:00,barcode07,rabv_ea,11923,4626,5030,371,386,RABV_EA
74f9cff5-ee27-49d1-b347-f4fd4a9c47a1,1254,2023-05-08T19:49:15.611556+01:00,barcode07,?,11923,0,0,387,397,?
7d95cdc4-01e7-4cac-b4ea-293c6ab8c6f5,523,2023-05-08T19:49:15.611556+01:00,barcode07,rabv_ea,11923,7690,8081,371,384,RABV_EA
4413088b-afb0-40ce-9de5-0ad35d286b9e,457,2023-05-08T19:49:10.611556+01:00,barcode07,rabv_ea,11923,6438,6829,354,372,RABV_EA
e6df9eea-ccef-486a-b723-3a3de3ef28cf,1165,2023-05-08T19:50:37.611556+01:00,barcode07,?,11923,0,0,269,280,?
fe3f8ebd-4984-4d6d-a5fd-67a6eaf1f986,947,2023-05-08T19:48:51.611556+01:00,barcode07,?,11923,0,0,394,396,?
72c1c0aa-900c-43d3-8b6e-ef12218dcb43,857,2023-05-08T19:48:59.611556+01:00,barcode07,?,11923,0,0,368,375,?
de3f08bf-f67d-470b-8a6d-67cbd35a16a9,856,2023-05-08T19:48:57.611556+01:00,barcode07,?,11923,0,0,391,395,?
2116bf40-03df-43cd-a69c-3a349e9b3bfc,1264,2023-05-08T19:50:31.611556+01:00,barcode07,?,11923,0,0,388,396,?
54eaddd1-1c2f-47c0-8a8a-2db06dcee507,511,2023-05-08T19:49:03.611556+01:00,barcode07,rabv_ea,11923,7690,8081,376,382,RABV_EA
233d0c6b-8090-48c0-8228-fa09a741ef4e,1356,2023-05-08T19:48:55.611556+01:00,barcode07,?,11923,0,0,402,408,?
1ab932a9-9c03-4dd3-8688-fe917f180002,823,2023-05-08T19:49:01.611556+01:00,barcode07,?,11923,0,0,341,361,?
0bbe7c23-930c-4730-a7f5-ff0a7531ba73,476,2023-05-08T19:49:04.611556+01:00,barcode07,rabv_ea,11923,4639,5036,380,389,RABV_EA
84f804c4-83e9-4b76-bdd6-d382683e4428,850,2023-05-08T19:48:58.611556+01:00,barcode07,?,11923,0,0,381,385,?
73506b87-56bb-465c-ab5a-d4f80a53d568,444,2023-05-08T19:49:03.611556+01:00,barcode07,rabv_ea,11923,7690,8064,347,353,RABV_EA
8b06cb6a-30ab-43d6-afb6-f72f7c5d9a8b,830,2023-05-08T19:50:33.611556+01:00,barcode07,?,11923,0,0,344,371,?
0a886f97-33f3-42fd-b44a-02f6456adaa7,449,2023-05-08T19:49:05.611556+01:00,barcode07,rabv_ea,11923,11111,11494,337,366,RABV_EA
6d10283e-5c65-4b6b-9471-35cf77fa77fd,863,2023-05-08T19:48:59.611556+01:00,barcode07,?,11923,0,0,393,399,?
f342a31c-bcf4-4470-a956-38c0f8e98d29,1338,2023-05-08T19:48:56.611556+01:00,barcode07,?,11923,0,0,379,386,?
71dddf18-9389-4d7b-b65d-be34e6794adb,846,2023-05-08T19:48:57.611556+01:00,barcode07,?,11923,0,0,359,384,?
2ab2a2f9-b6c7-40b9-8f2b-74a933e19323,535,2023-05-08T19:48:57.611556+01:00,barcode07,rabv_ea,11923,8927,9325,386,393,RABV_EA
307eb486-e997-4472-8e4a-1c44ee1bd99d,464,2023-05-08T19:48:58.611556+01:00,barcode07,rabv_ea,11923,10173,10562,354,369,RABV_EA
cdc273ff-151a-40de-9632-4040ed7b8f62,466,2023-05-08T19:48:58.611556+01:00,barcode07,rabv_ea,11923,9864,10263,382,387,RABV_EA
80ea86bf-c55a-425a-988e-e6545af8abbb,1329,2023-05-08T19:48:58.611556+01:00,barcode07,?,11923,0,0,389,407,?
dec1316e-c89c-480a-857a-988016a5f5e0,2048,2023-05-08T19:48:56.611556+01:00,barcode07,?,11923,0,0,771,786,?
bdad8bf9-9c92-401e-b5bc-db921c4ecdd8,1336,2023-05-08T19:48:51.611556+01:00,barcode07,?,11923,0,0,733,764,?
959026bf-c3d1-4879-820e-369deef8db3d,513,2023-05-08T19:49:01.611556+01:00,barcode07,rabv_ea,11923,7690,8081,383,386,RABV_EA
ae432bd1-6036-41f2-b151-641dd44160f9,500,2023-05-08T19:48:53.611556+01:00,barcode07,rabv_ea,11923,7690,8077,352,369,RABV_EA
ec282f0e-7b3e-4aab-af18-95d9cc0923a8,875,2023-05-08T19:48:54.611556+01:00,barcode07,?,11923,0,0,362,374,?
c3870afd-28f6-4cc5-91b8-2b11ece323b7,304,2023-05-08T19:50:32.611556+01:00,barcode07,rabv_ea,11923,7840,8081,217,228,RABV_EA
f84304ee-c2e4-49e2-a076-3a4c24fb4001,458,2023-05-08T19:49:02.611556+01:00,barcode07,rabv_ea,11923,5196,5592,375,386,RABV_EA
17601bbe-fb76-4522-8b95-aa54d870d299,860,2023-05-08T19:49:01.611556+01:00,barcode07,?,11923,0,0,392,402,?
0cccfc65-7b47-47b8-8019-a308aebd52e1,829,2023-05-08T19:48:57.611556+01:00,barcode07,?,11923,0,0,345,357,?
a2e8b087-318e-4ca2-bfbb-9d32827a3dfa,460,2023-05-08T19:49:14.611556+01:00,barcode07,rabv_ea,11923,5212,5608,377,384,RABV_EA
6ff6a0ab-d5ef-4ff2-8ae3-1f8cb89158b6,514,2023-05-08T19:49:00.611556+01:00,barcode07,rabv_ea,11923,10164,10576,373,388,RABV_EA
9acf5d39-9f2e-48f4-819c-641cefd47d01,424,2023-05-08T19:48:58.611556+01:00,barcode07,rabv_ea,11923,7782,8077,267,276,RABV_EA
538e304f-fa94-4bea-b366-882064114ecf,440,2023-05-08T19:49:07.611556+01:00,barcode07,rabv_ea,11923,7709,8081,357,365,RABV_EA
1ef36cd6-00a0-40b5-ba51-3b7bd286823f,522,2023-05-08T19:49:04.611556+01:00,barcode07,rabv_ea,11923,10164,10576,385,393,RABV_EA
c2e82c43-58dd-42f6-832f-39bfa468eb87,490,2023-05-08T19:49:04.611556+01:00,barcode07,rabv_ea,11923,7690,8082,376,381,RABV_EA
62eea04f-5d15-437d-a365-600e5a052bf7,864,2023-05-08T19:49:00.611556+01:00,barcode07,?,11923,0,0,395,403,?
c2055259-6320-4318-bae9-5799646d8392,919,2023-05-08T19:50:32.611556+01:00,barcode07,?,11923,0,0,397,406,?
06bcbce6-7e78-47d2-b824-a519fd5aff66,447,2023-05-08T19:50:38.611556+01:00,barcode07,rabv_ea,11923,955,1324,355,364,RABV_EA
35b02738-0630-4354-8bab-79ceffefb999,604,2023-05-08T19:48:53.611556+01:00,barcode07,?,11923,0,0,354,377,?
3d708a46-ee73-4c7e-b51c-926c3f050a00,514,2023-05-08T19:49:01.611556+01:00,barcode07,rabv_ea,11923,10164,10576,375,390,RABV_EA
840cc840-f275-47dc-b89f-51daa0cf1282,456,2023-05-08T19:50:37.611556+01:00,barcode07,rabv_ea,11923,5841,6220,368,374,RABV_EA
eb723ff8-2408-4833-be35-91a3b6a2013b,521,2023-05-08T19:49:04.611556+01:00,barcode07,rabv_ea,11923,7690,8081,382,385,RABV_EA
2e5a6808-7b79-4b1c-bcb9-2a1e8943548e,528,2023-05-08T19:50:21.611556+01:00,barcode07,rabv_ea,11923,6424,6826,362,387,RABV_EA
0bf1265f-2d64-4301-8048-cd6dcabdcf36,859,2023-05-08T19:50:38.611556+01:00,barcode07,?,11923,0,0,380,384,?
9e245303-fe6a-4838-b46b-993a17fbe878,458,2023-05-08T19:49:03.611556+01:00,barcode07,rabv_ea,11923,9851,10246,376,384,RABV_EA
6d26cf94-8322-40a0-8e8e-ac88e1913fb8,905,2023-05-08T19:50:18.611556+01:00,barcode07,?,11923,0,0,379,390,?
d6bea71e-554e-44ae-8fe4-47a001eda265,496,2023-05-08T19:50:19.611556+01:00,barcode07,rabv_ea,11923,6144,6528,353,372,RABV_EA
4c0724f2-56d8-42c9-b83d-e01a224316cb,452,2023-05-08T19:50:35.611556+01:00,barcode07,rabv_ea,11923,1567,1958,375,381,RABV_EA
10a5f0aa-2e7e-43ea-8d0f-494fe33c0e2c,435,2023-05-08T19:48:55.611556+01:00,barcode07,rabv_ea,11923,7708,8081,365,366,RABV_EA
4eb2d8a6-231a-408b-af33-a1b112130584,1278,2023-05-08T19:48:53.611556+01:00,barcode07,rabv_ea,11923,4915,5300,372,378,RABV_EA
ab88e7ce-799d-4df6-b434-1e8232277cb1,477,2023-05-08T19:48:56.611556+01:00,barcode07,rabv_ea,11923,10178,10576,385,393,RABV_EA
2396e767-019f-4c90-a162-2fe7f0a0f314,460,2023-05-08T19:48:56.611556+01:00,barcode07,rabv_ea,11923,1553,1930,341,356,RABV_EA
af2f1bd6-2722-4c57-9147-cce29b16a374,480,2023-05-08T19:48:52.611556+01:00,barcode07,rabv_ea,11923,7690,8064,346,365,RABV_EA
005e7f93-bba3-4c6f-8849-1e42c071bade,510,2023-05-08T19:48:50.611556+01:00,barcode07,rabv_ea,11923,7690,8077,362,378,RABV_EA
e1003b2d-a5e7-4a76-89a4-8d1b48d9bb5e,447,2023-05-08T19:48:45.611556+01:00,barcode07,rabv_ea,11923,7705,8081,360,370,RABV_EA
d202c600-25e2-4cb7-85d5-6d3a544388d2,1194,2023-05-08T19:48:46.611556+01:00,barcode07,?,11923,0,0,361,378,?
42e59411-38db-4939-ad00-bf22dc1f908f,809,2023-05-08T19:48:46.611556+01:00,barcode07,?,11923,0,0,368,379,?
874c81a7-9d3f-4f69-ab59-7270dabb2006,863,2023-05-08T19:48:56.611556+01:00,barcode07,?,11923,0,0,374,383,?
6ea45cb0-afc6-4479-8649-bdd9ea095747,535,2023-05-08T19:50:05.611556+01:00,barcode07,rabv_ea,11923,10164,10576,371,393,RABV_EA
ff72aaca-3bbe-40a5-b4a8-0d92a511e73c,464,2023-05-08T19:50:07.611556+01:00,barcode07,rabv_ea,11923,5196,5592,380,388,RABV_EA
de50795e-0698-4ff9-b851-4505f0d3b129,850,2023-05-08T19:48:47.611556+01:00,barcode07,?,11923,0,0,377,382,?
b52173c7-ab37-4d23-aec0-60b9bde712b6,1640,2023-05-08T19:48:34.611556+01:00,barcode07,?,11923,0,0,374,382,?
38db7665-1408-4ece-9ebb-2982a1127107,530,2023-05-08T19:48:37.611556+01:00,barcode07,rabv_ea,11923,9851,10263,386,406,RABV_EA
43d5bdf0-080f-4c60-a18c-45254ee2f53b,1323,2023-05-08T19:50:05.611556+01:00,barcode07,?,11923,0,0,404,412,?
aac398d1-eeaf-496e-9617-6ca47b6eb887,916,2023-05-08T19:50:07.611556+01:00,barcode07,?,11923,0,0,378,381,?
ef8d03d7-4f30-4207-ac2b-da81f0c8ec61,448,2023-05-08T19:48:44.611556+01:00,barcode07,rabv_ea,11923,8929,9310,365,373,RABV_EA
22cd057c-5af9-4700-ba9d-385dcd3babc5,505,2023-05-08T19:48:56.611556+01:00,barcode07,rabv_ea,11923,10167,10574,374,383,RABV_EA
b10b06b7-56c7-46ea-a9e8-6a277ef54917,523,2023-05-08T19:48:52.611556+01:00,barcode07,rabv_ea,11923,10218,10575,342,345,RABV_EA
2d46f270-0eab-4954-aefc-2bc91e69e1e0,863,2023-05-08T19:48:55.611556+01:00,barcode07,?,11923,0,0,394,411,?
68296169-1ec1-460f-a060-ff790fff1cb7,464,2023-05-08T19:48:47.611556+01:00,barcode07,rabv_ea,11923,5842,6223,351,372,RABV_EA
2e780d25-3822-41b1-b04a-e904cb8e89db,287,2023-05-08T19:48:47.611556+01:00,barcode07,rabv_ea,11923,2130,2264,125,127,RABV_EA
6edb145d-cacc-48ae-9220-ae9fa2af4c34,2480,2023-05-08T19:48:40.611556+01:00,barcode07,?,11923,0,0,380,389,?
854ee01f-98c8-4436-a07a-84083265a97a,516,2023-05-08T19:48:54.611556+01:00,barcode07,rabv_ea,11923,8927,9325,392,394,RABV_EA
a9bd6926-0dcd-4460-ad50-9b45740f0ba7,405,2023-05-08T19:50:10.611556+01:00,barcode07,rabv_ea,11923,8391,8694,291,298,RABV_EA
45883e11-fd3f-472a-8aa3-d35a01b3e24d,1262,2023-05-08T19:48:51.611556+01:00,barcode07,?,11923,0,0,369,375,?
0b3c749e-d2ff-4834-8fdf-b1312b8b4e4a,325,2023-05-08T19:50:08.611556+01:00,barcode07,rabv_ea,11923,7235,7467,223,228,RABV_EA
cecfec9a-8330-4955-b5ee-2587c7f5121e,470,2023-05-08T19:48:53.611556+01:00,barcode07,rabv_ea,11923,5196,5592,368,385,RABV_EA
38f6fb32-4283-4f56-a1d9-e427d3a93d14,2047,2023-05-08T19:48:43.611556+01:00,barcode07,?,11923,0,0,379,391,?
8eb399fe-9d9e-4c95-9bf6-eef27ce07d27,431,2023-05-08T19:48:46.611556+01:00,barcode07,rabv_ea,11923,3433,3791,346,357,RABV_EA
99a58453-c109-48ae-a411-f741eb7f163a,436,2023-05-08T19:48:50.611556+01:00,barcode07,rabv_ea,11923,671,1034,342,349,RABV_EA
5c462895-2a76-4156-ae3f-60b287bf78d3,495,2023-05-08T19:48:39.611556+01:00,barcode07,rabv_ea,11923,7690,8081,365,376,RABV_EA
315a4b34-6a9f-491f-94c7-c98a0dd09374,457,2023-05-08T19:48:39.611556+01:00,barcode07,rabv_ea,11923,3386,3777,364,380,RABV_EA
552ddcf7-d860-40b2-9d65-3b8922c03ccc,465,2023-05-08T19:48:47.611556+01:00,barcode07,rabv_ea,11923,8943,9325,372,375,RABV_EA
50df0e17-4a73-4a1f-a425-06afc453c7ee,488,2023-05-08T19:50:01.611556+01:00,barcode07,rabv_ea,11923,7691,8063,337,353,RABV_EA
d1a4fbfa-5b9e-4f9e-ad1c-abb75c9c355e,1654,2023-05-08T19:48:42.611556+01:00,barcode07,?,11923,0,0,389,399,?
ff6d3c95-cb84-4003-b5e1-4e5a12e82ce9,448,2023-05-08T19:50:06.611556+01:00,barcode07,rabv_ea,11923,5196,5595,361,373,RABV_EA
10b911dd-33a7-40a8-b9de-8fd3179868d3,461,2023-05-08T19:50:03.611556+01:00,barcode07,rabv_ea,11923,5836,6220,368,374,RABV_EA
24b467c4-fdb8-4c3e-854c-7032706f2ff0,882,2023-05-08T19:50:02.611556+01:00,barcode07,?,11923,0,0,393,402,?
c6cc0efb-8045-47ae-8897-60fe70faefcc,525,2023-05-08T19:48:51.611556+01:00,barcode07,rabv_ea,11923,9850,10263,393,400,RABV_EA
9e74571a-7624-42a4-a3ae-93274fd195d4,451,2023-05-08T19:48:38.611556+01:00,barcode07,rabv_ea,11923,11405,11795,353,367,RABV_EA
65b5e447-00b6-4489-a3cf-903e4f3c8b53,328,2023-05-08T19:48:45.611556+01:00,barcode07,rabv_ea,11923,7829,8078,246,248,RABV_EA
a3270766-c682-47cc-a98d-cbbd7461f763,1336,2023-05-08T19:48:38.611556+01:00,barcode07,?,11923,0,0,397,407,?
f757cf35-2faf-44f3-b313-c4c1a45d42a7,455,2023-05-08T19:48:37.611556+01:00,barcode07,rabv_ea,11923,1551,1944,364,378,RABV_EA
15b902c3-9898-468c-93ae-e78279f9d6c2,468,2023-05-08T19:50:07.611556+01:00,barcode07,rabv_ea,11923,74,459,371,381,RABV_EA
03e0cdf6-bb6a-4486-b186-01ac7df21a96,528,2023-05-08T19:48:45.611556+01:00,barcode07,rabv_ea,11923,10164,10576,385,395,RABV_EA
94db3d31-a01c-4d4b-9e9f-03cc65597c37,448,2023-05-08T19:48:48.611556+01:00,barcode07,rabv_ea,11923,9851,10250,373,380,RABV_EA
c9bd2e9b-b675-48d8-8bdf-dc5ef6f57177,862,2023-05-08T19:48:35.611556+01:00,barcode07,?,11923,0,0,370,387,?
28661f68-7421-47a7-a21d-8e16dd5ceb7e,434,2023-05-08T19:48:50.611556+01:00,barcode07,rabv_ea,11923,11112,11494,348,362,RABV_EA
f1b003cd-36c5-4ec1-be88-cc0d9ad1dfc2,852,2023-05-08T19:48:52.611556+01:00,barcode07,?,11923,0,0,377,388,?
3d6617b2-9214-40a6-82bb-61035d8af7ca,842,2023-05-08T19:48:31.611556+01:00,barcode07,?,11923,0,0,364,378,?
b5545d9e-7ae0-4bc9-8e89-da89d5519b94,449,2023-05-08T19:48:51.611556+01:00,barcode07,rabv_ea,11923,7706,8070,338,354,RABV_EA
fde3ed1a-99cf-4e1b-9fca-9656079c1e42,2474,2023-05-08T19:48:29.611556+01:00,barcode07,?,11923,0,0,388,397,?
4cbdb7ce-807a-4cdb-9aa2-e85583e00347,451,2023-05-08T19:50:01.611556+01:00,barcode07,rabv_ea,11923,5822,6209,366,370,RABV_EA
7428b657-1921-4dc5-b9d1-300e859a1eb5,1250,2023-05-08T19:48:46.611556+01:00,barcode07,?,11923,0,0,370,380,?
61c3d350-963c-4d41-9e89-61a091c9afca,917,2023-05-08T19:48:36.611556+01:00,barcode07,?,11923,0,0,399,415,?
7f25a25e-075b-4572-b1a3-fce3e7f6de44,839,2023-05-08T19:48:37.611556+01:00,barcode07,?,11923,0,0,358,382,?
8ac369cc-65de-40f5-b027-2251ca493f30,1211,2023-05-08T19:48:35.611556+01:00,barcode07,?,11923,0,0,361,377,?
dacdce3b-20dd-428c-a851-a01fdf267c37,1522,2023-05-08T19:48:34.611556+01:00,barcode07,?,11923,0,0,380,389,?
3ca80ced-914a-4963-bb2f-3338331df38a,862,2023-05-08T19:48:38.611556+01:00,barcode07,?,11923,0,0,363,373,?
b3b78d46-1b95-4c39-8095-4a1daa1c6377,925,2023-05-08T19:50:02.611556+01:00,barcode07,?,11923,0,0,394,411,?
7358e660-4d4a-4572-87af-22fb0fb3e7f4,502,2023-05-08T19:50:04.611556+01:00,barcode07,rabv_ea,11923,7690,8081,365,375,RABV_EA
f3fb4d2c-741f-4532-9acf-f758295ba6e2,857,2023-05-08T19:48:42.611556+01:00,barcode07,?,11923,0,0,370,389,?
adff627c-1428-4c98-8f5c-063f5365549d,523,2023-05-08T19:48:35.611556+01:00,barcode07,rabv_ea,11923,8927,9325,378,388,RABV_EA
ec236b0c-c153-4e9f-8f59-b12b83b0da83,454,2023-05-08T19:49:58.611556+01:00,barcode07,rabv_ea,11923,1571,1958,372,379,RABV_EA
1f905ea7-4721-4a50-aa13-5fa810667190,906,2023-05-08T19:48:42.611556+01:00,barcode07,?,11923,0,0,383,389,?
d862edf4-51ff-4c9e-a3d1-ac9db28dba59,446,2023-05-08T19:48:44.611556+01:00,barcode07,rabv_ea,11923,9602,9940,309,319,RABV_EA
20707ab5-9091-4940-8c2f-296fb9164d13,239,2023-05-08T19:48:44.611556+01:00,barcode07,rabv_ea,11923,1784,1958,162,168,RABV_EA
cd0221c9-2ef4-46dd-b849-ce037c4a5928,429,2023-05-08T19:50:00.611556+01:00,barcode07,rabv_ea,11923,7703,8081,333,355,RABV_EA
5edc654c-6d0a-431c-a129-041f8da0bbec,468,2023-05-08T19:49:57.611556+01:00,barcode07,rabv_ea,11923,9851,10248,385,393,RABV_EA
c1c659a5-d6a2-42c9-b4d3-7bc965398b1e,507,2023-05-08T19:49:59.611556+01:00,barcode07,rabv_ea,11923,7682,8077,375,390,RABV_EA
cb1aa297-522a-4786-b411-0476b1ac8a1f,857,2023-05-08T19:48:42.611556+01:00,barcode07,?,11923,0,0,368,377,?
81dc66ff-61b0-4f78-8007-8793d260e1d5,1225,2023-05-08T19:48:19.611556+01:00,barcode07,?,11923,0,0,371,382,?
963d62fa-6372-4f94-abe6-01f2e3b97e22,479,2023-05-08T19:49:57.611556+01:00,barcode07,rabv_ea,11923,7690,8075,338,347,RABV_EA
7ce5ab85-ff4e-4311-92d4-f3ece1794717,848,2023-05-08T19:48:37.611556+01:00,barcode07,?,11923,0,0,364,378,?
beebb761-745f-465a-af62-006d948eada0,582,2023-05-08T19:49:58.611556+01:00,barcode07,?,11923,0,0,388,391,?
dcf39436-6f1d-4cdc-bca2-65e54838e2f7,1277,2023-05-08T19:48:38.611556+01:00,barcode07,?,11923,0,0,351,358,?
da1cdf7d-16b3-4e44-b040-00ff88e78b63,438,2023-05-08T19:48:38.611556+01:00,barcode07,rabv_ea,11923,7705,8081,352,363,RABV_EA
889297d9-6f37-46f3-a0e0-15d60465ef57,2904,2023-05-08T19:48:14.611556+01:00,barcode07,?,11923,0,0,383,394,?
21eb72d4-8a0b-4b1e-8e8f-31b9bcdb5a9a,882,2023-05-08T19:48:33.611556+01:00,barcode07,?,11923,0,0,388,396,?
b2fa6891-c373-460e-8aff-11cfdd6f54b4,389,2023-05-08T19:48:36.611556+01:00,barcode07,rabv_ea,11923,11097,11271,166,171,RABV_EA
61c3550d-5e2d-457e-b68a-f10d2f741315,619,2023-05-08T19:48:39.611556+01:00,barcode07,?,11923,0,0,348,372,?
5b0e1e38-f0cd-469e-9122-69aa0d1c6457,469,2023-05-08T19:48:44.611556+01:00,barcode07,rabv_ea,11923,3383,3773,378,386,RABV_EA
ce9b3e9b-4fd2-4b9b-b9bc-467cc07b5125,449,2023-05-08T19:49:55.611556+01:00,barcode07,rabv_ea,11923,6424,6802,353,363,RABV_EA
5c27143f-2654-46c1-b1b3-68f6619b9819,452,2023-05-08T19:48:26.611556+01:00,barcode07,rabv_ea,11923,6424,6816,353,373,RABV_EA
dd1ca8a1-a5c2-4936-8189-8c1b82b451a2,469,2023-05-08T19:48:26.611556+01:00,barcode07,rabv_ea,11923,7075,7467,360,380,RABV_EA
cd426b9a-4e65-4aaa-a2f8-a1e53d0d7b3b,448,2023-05-08T19:49:54.611556+01:00,barcode07,rabv_ea,11923,7707,8081,357,362,RABV_EA
4e8fb27a-f9b3-4d13-b33b-fc23109ff5ce,1262,2023-05-08T19:49:51.611556+01:00,barcode07,?,11923,0,0,383,389,?
d9bd7b8e-4741-4112-8849-2f8ce591f12c,853,2023-05-08T19:49:58.611556+01:00,barcode07,?,11923,0,0,342,358,?
d76b23e0-67e7-4cbb-8a28-c24942b78f3e,466,2023-05-08T19:48:44.611556+01:00,barcode07,rabv_ea,11923,11411,11794,340,368,RABV_EA
73d0c6ba-7178-488f-bb0a-360f8d6ba2d9,891,2023-05-08T19:48:30.611556+01:00,barcode07,?,11923,0,0,404,416,?
a6db4b79-a766-4d24-aacb-46c0078dcd62,943,2023-05-08T19:48:19.611556+01:00,barcode07,?,11923,0,0,392,400,?
9602e623-2879-4f7b-9d2b-1d43662f49d6,1097,2023-05-08T19:49:54.611556+01:00,barcode07,?,11923,0,0,364,390,?
9e6e4f0a-a855-49a2-822a-5cc9f361bd7c,1400,2023-05-08T19:48:39.611556+01:00,barcode07,rabv_ea,11923,955,1955,899,960,RABV_EA
72d92f76-1c86-43d3-9c29-bbdeccdb1036,527,2023-05-08T19:48:28.611556+01:00,barcode07,rabv_ea,11923,8927,9325,384,390,RABV_EA
95cea964-134c-47b9-b6c9-ff0e57b7bf6b,931,2023-05-08T19:49:52.611556+01:00,barcode07,?,11923,0,0,391,406,?
8755fce3-c4f0-4982-b43f-26eb6e1c2361,459,2023-05-08T19:48:42.611556+01:00,barcode07,rabv_ea,11923,8941,9325,370,378,RABV_EA
02589217-ce2e-4fd6-b138-14a83279bb3b,1318,2023-05-08T19:48:29.611556+01:00,barcode07,?,11923,0,0,369,379,?
699be696-a639-4f65-bf58-88105e3f8ed3,1260,2023-05-08T19:48:15.611556+01:00,barcode07,?,11923,0,0,371,383,?
3b61168c-e33c-4d3b-a8b3-0b0b5e7d13b6,1270,2023-05-08T19:49:53.611556+01:00,barcode07,?,11923,0,0,388,395,?
56d56bd0-9c72-498f-8a84-c0c01b79cd4f,449,2023-05-08T19:48:32.611556+01:00,barcode07,rabv_ea,11923,9851,10248,370,382,RABV_EA
6d96e0b5-b5c6-4d15-a344-c439c9a7d1c5,851,2023-05-08T19:48:29.611556+01:00,barcode07,?,11923,0,0,365,371,?
753d1fc9-5051-4be6-8057-925c34576a97,855,2023-05-08T19:49:58.611556+01:00,barcode07,?,11923,0,0,384,391,?
9dcdd2f5-ebd5-4836-86bd-a9311f943737,1664,2023-05-08T19:48:39.611556+01:00,barcode07,?,11923,0,0,395,401,?
0629fa85-9b45-4139-aa64-fc0d8c7f8752,1214,2023-05-08T19:49:55.611556+01:00,barcode07,?,11923,0,0,391,398,?
5658ed7d-a319-4620-8e29-4ed21f7601e2,798,2023-05-08T19:49:52.611556+01:00,barcode07,?,11923,0,0,383,389,?
2c2c54a2-42cb-4337-96aa-1409e098508a,856,2023-05-08T19:49:55.611556+01:00,barcode07,?,11923,0,0,365,377,?
947199cb-bf11-4046-af80-e7a50c4df083,451,2023-05-08T19:48:40.611556+01:00,barcode07,rabv_ea,11923,6154,6528,353,366,RABV_EA
d4e26ef0-e146-47db-82e7-3cf4eb9c440a,519,2023-05-08T19:48:16.611556+01:00,barcode07,rabv_ea,11923,7692,8081,372,381,RABV_EA
65806f45-398b-4c56-9eb8-f804045f770d,1278,2023-05-08T19:48:16.611556+01:00,barcode07,?,11923,0,0,382,394,?
2e9983a5-34ec-463f-990e-27dc997a5134,524,2023-05-08T19:48:16.611556+01:00,barcode07,rabv_ea,11923,10164,10576,389,395,RABV_EA
5747f2e7-8d28-4e05-8327-e5dfdf0c4b84,449,2023-05-08T19:49:49.611556+01:00,barcode07,rabv_ea,11923,5199,5586,348,366,RABV_EA
6162f71b-76d8-4a20-a1bb-9be8b2a22252,478,2023-05-08T19:49:53.611556+01:00,barcode07,rabv_ea,11923,4637,5036,376,390,RABV_EA
5e54742b-8fec-445a-854c-c475c26c6b8e,868,2023-05-08T19:48:16.611556+01:00,barcode07,?,11923,0,0,391,407,?
6c7226d9-ce29-47b6-bd8a-2fc2d887374f,908,2023-05-08T19:49:52.611556+01:00,barcode07,?,11923,0,0,355,367,?
879fbc6f-569c-412f-8993-0ea25d2311c1,696,2023-05-08T19:48:30.611556+01:00,barcode07,?,11923,0,0,370,380,?
24aa0107-9737-41eb-ad2a-cd762f924b99,437,2023-05-08T19:49:50.611556+01:00,barcode07,rabv_ea,11923,7703,8081,344,360,RABV_EA
2be8e354-7563-43ce-b958-8ea1c65b7e78,467,2023-05-08T19:48:41.611556+01:00,barcode07,rabv_ea,11923,8941,9325,364,375,RABV_EA
54e0094c-64e5-4083-b6f4-a9c4d4f37ed6,457,2023-05-08T19:48:32.611556+01:00,barcode07,rabv_ea,11923,6424,6804,350,364,RABV_EA
ba974884-fcc7-40be-a2a9-fbfedc9190d8,846,2023-05-08T19:48:27.611556+01:00,barcode07,?,11923,0,0,375,384,?
26a9d773-35c2-40c1-803a-bb1a7428d5b2,855,2023-05-08T19:48:17.611556+01:00,barcode07,?,11923,0,0,363,371,?
9b13f3ce-efa1-40d2-bd36-f673fb7ea244,409,2023-05-08T19:48:41.611556+01:00,barcode07,rabv_ea,11923,7713,8039,300,310,RABV_EA
242d75b9-bdfb-4f89-83f3-4825c6fa69a0,861,2023-05-08T19:48:15.611556+01:00,barcode07,?,11923,0,0,382,395,?
20f6525a-626d-4225-ad05-df76e066ee38,456,2023-05-08T19:49:52.611556+01:00,barcode07,rabv_ea,11923,5196,5595,381,388,RABV_EA
db854679-6888-4845-9d6c-6f389319ece7,530,2023-05-08T19:48:10.611556+01:00,barcode07,rabv_ea,11923,7690,8071,350,372,RABV_EA
755ac009-76fb-4e3a-a7e6-8e4f182fb6e9,763,2023-05-08T19:48:26.611556+01:00,barcode07,rabv_ea,11923,7690,8081,362,376,RABV_EA
2fbfa231-7b3d-4d11-a125-033d917c05b2,1904,2023-05-08T19:48:08.611556+01:00,barcode07,?,11923,0,0,385,392,?
f48d4dd0-e083-408c-9aa9-b967de30fcdf,447,2023-05-08T19:48:16.611556+01:00,barcode07,rabv_ea,11923,7690,8063,342,362,RABV_EA
4c54742d-8273-476f-84ac-b471761b072f,447,2023-05-08T19:48:24.611556+01:00,barcode07,rabv_ea,11923,7703,8081,361,373,RABV_EA
4f6a50ac-55f5-4b91-888c-72397f72bd13,448,2023-05-08T19:48:26.611556+01:00,barcode07,rabv_ea,11923,5852,6223,353,357,RABV_EA
97bc4d29-79b1-4cb9-8004-faff4ca551a8,1669,2023-05-08T19:48:32.611556+01:00,barcode07,?,11923,0,0,374,378,?
ac60b210-f4bf-4fd1-89c7-c3a8d7bbd6b4,463,2023-05-08T19:48:25.611556+01:00,barcode07,rabv_ea,11923,4626,5037,363,388,RABV_EA
5cc874a2-6a65-4fd1-80d5-fb0ec43c64bd,1263,2023-05-08T19:48:24.611556+01:00,barcode07,?,11923,0,0,392,399,?
7a2172c2-e9ad-4ffe-b68f-109c8bdfc727,458,2023-05-08T19:49:52.611556+01:00,barcode07,rabv_ea,11923,6133,6515,352,363,RABV_EA
03240af0-864d-48c7-98bc-46312799bb9b,1239,2023-05-08T19:49:50.611556+01:00,barcode07,rabv_ea,11923,5197,5479,265,274,RABV_EA
649d193d-bd37-411b-8746-db6c484619f3,895,2023-05-08T19:49:50.611556+01:00,barcode07,?,11923,0,0,338,365,?
1b266999-7c31-4a6b-b682-34ae2b752fc6,496,2023-05-08T19:48:12.611556+01:00,barcode07,rabv_ea,11923,7690,8077,339,368,RABV_EA
6c783c78-835c-45f1-8801-f6363aba050c,458,2023-05-08T19:48:12.611556+01:00,barcode07,rabv_ea,11923,11112,11488,364,368,RABV_EA
0232a6cc-e1d4-4085-bcc3-258eb8b885b6,866,2023-05-08T19:48:14.611556+01:00,barcode07,?,11923,0,0,364,381,?
7ce9cf32-1a61-437d-91e4-55a88617ba00,884,2023-05-08T19:48:25.611556+01:00,barcode07,?,11923,0,0,353,360,?
dab90b81-08cb-4c71-9c59-14c422ea1cef,492,2023-05-08T19:49:40.611556+01:00,barcode07,rabv_ea,11923,7689,8081,365,377,RABV_EA
cb7548fc-9c42-4975-87e6-fa7aa82c0767,461,2023-05-08T19:49:50.611556+01:00,barcode07,rabv_ea,11923,10178,10570,375,383,RABV_EA
ce6cc52c-1c3c-415b-9fd4-da0c4082eeee,275,2023-05-08T19:49:42.611556+01:00,barcode07,?,11923,0,0,131,136,?
6a136494-2523-47ac-8b7c-5c851af2e312,395,2023-05-08T19:49:42.611556+01:00,barcode07,rabv_ea,11923,4339,4730,264,271,RABV_EA
4c59c03a-a740-4294-a070-c7be6e0e909b,443,2023-05-08T19:48:13.611556+01:00,barcode07,*,0,0,0,0,0,*
05c9fd9a-f1cd-4ad5-b556-3d3932886373,447,2023-05-08T19:49:43.611556+01:00,barcode07,rabv_ea,11923,5849,6223,351,360,RABV_EA
f578b6ae-8ed2-4b77-b8b0-ce4e769a6bd5,865,2023-05-08T19:48:12.611556+01:00,barcode07,?,11923,0,0,391,397,?
fd8dc360-6343-42ce-b6b0-2cf3f73c4b95,447,2023-05-08T19:48:27.611556+01:00,barcode07,rabv_ea,11923,8954,9325,340,361,RABV_EA
91db3845-b326-41cb-8301-59f4c5c99f25,511,2023-05-08T19:48:26.611556+01:00,barcode07,rabv_ea,11923,7690,8081,372,383,RABV_EA
f2e59e84-4989-4049-91b3-e93408d5bee0,774,2023-05-08T19:48:11.611556+01:00,barcode07,rabv_ea,11923,10164,10526,352,357,RABV_EA
e83cb477-635e-48e0-b763-2ace9d6e19f4,1703,2023-05-08T19:49:40.611556+01:00,barcode07,?,11923,0,0,375,384,?
b9fc46b5-b527-4b54-a32f-f71ceba7b550,511,2023-05-08T19:48:08.611556+01:00,barcode07,rabv_ea,11923,6133,6528,386,391,RABV_EA
ca754bbd-0629-4b2e-a42c-08c6ddf30668,669,2023-05-08T19:48:09.611556+01:00,barcode07,?,11923,0,0,381,400,?
52c8922c-59e4-4ad5-b7cb-fa4da446ffc5,938,2023-05-08T19:48:09.611556+01:00,barcode07,?,11923,0,0,381,391,?
d4fc4c3e-717f-4233-b48c-70087bc3028e,450,2023-05-08T19:48:07.611556+01:00,barcode07,rabv_ea,11923,5210,5608,336,358,RABV_EA
07f9b4f1-4b0d-4cfb-9455-e7d3127c3051,890,2023-05-08T19:48:25.611556+01:00,barcode07,?,11923,0,0,342,360,?
006e5ea7-5ecc-46db-b32c-21a6e2374797,466,2023-05-08T19:49:48.611556+01:00,barcode07,rabv_ea,11923,5197,5596,366,383,RABV_EA
68cc5147-2fc7-400c-8b4f-8f5d16a7f631,869,2023-05-08T19:48:02.611556+01:00,barcode07,?,11923,0,0,379,390,?
c51e7cef-4ddd-4c30-ad78-f5e1c41926d2,498,2023-05-08T19:48:09.611556+01:00,barcode07,rabv_ea,11923,7689,8077,374,378,RABV_EA
9847a963-6b29-4f20-a2d3-91a9a54c9a0c,881,2023-05-08T19:49:48.611556+01:00,barcode07,?,11923,0,0,382,394,?
fa14e25b-86d2-4282-a5dd-90f6bd6efcd1,465,2023-05-08T19:49:43.611556+01:00,barcode07,rabv_ea,11923,10177,10570,357,372,RABV_EA
7721f1bb-8e3d-4e1a-bf66-ecdc5e589a8e,241,2023-05-08T19:48:06.611556+01:00,barcode07,rabv_ea,11923,7312,7467,141,143,RABV_EA
ed406ee9-823b-4270-9ebe-7f9bd5c98729,449,2023-05-08T19:48:17.611556+01:00,barcode07,rabv_ea,11923,7704,8072,349,358,RABV_EA
43648723-385a-4ebf-9533-375847f6b735,465,2023-05-08T19:48:14.611556+01:00,barcode07,rabv_ea,11923,10164,10562,369,379,RABV_EA
7062ad87-3c72-4d09-9c6f-a2e4059fd544,2150,2023-05-08T19:48:00.611556+01:00,barcode07,?,11923,0,0,406,410,?
c83a6192-abab-4af5-a874-3e1da4c33327,529,2023-05-08T19:49:33.611556+01:00,barcode07,rabv_ea,11923,7690,8081,374,376,RABV_EA
e0f52860-3972-4699-9466-8c959666f3de,518,2023-05-08T19:48:15.611556+01:00,barcode07,rabv_ea,11923,4635,5051,379,401,RABV_EA
f218df32-8396-47dd-bf95-e3c55df9a3f4,453,2023-05-08T19:48:27.611556+01:00,barcode07,rabv_ea,11923,1567,1958,374,378,RABV_EA
f7faa3b5-bee0-424f-ae12-6e36aa8cd29a,429,2023-05-08T19:48:26.611556+01:00,barcode07,rabv_ea,11923,1552,1849,284,290,RABV_EA
cb891a5b-3de0-458c-b153-026bda8b7870,510,2023-05-08T19:48:25.611556+01:00,barcode07,rabv_ea,11923,8927,9325,383,391,RABV_EA
cf24a247-5175-40ae-bb2e-c7b42f137378,1241,2023-05-08T19:48:01.611556+01:00,barcode07,?,11923,0,0,379,391,?
c217ca12-6d0f-4028-9525-8a45ee64682f,1250,2023-05-08T19:48:04.611556+01:00,barcode07,?,11923,0,0,367,380,?
ded88a25-5ca7-4467-8f0e-eaf7a7d1c71e,465,2023-05-08T19:48:04.611556+01:00,barcode07,rabv_ea,11923,1576,1955,367,373,RABV_EA
bf173f30-b9b8-44bd-8d16-4fd194d39160,1327,2023-05-08T19:49:37.611556+01:00,barcode07,?,11923,0,0,385,392,?
839d3552-9043-4dc9-8b81-9f755c5e7d5e,1250,2023-05-08T19:48:10.611556+01:00,barcode07,?,11923,0,0,373,379,?
7a7a7228-ab2f-4d17-89ca-05d546e3c672,450,2023-05-08T19:49:32.611556+01:00,barcode07,rabv_ea,11923,10164,10556,357,371,RABV_EA
44505831-c0b4-432f-bd17-80d30a116d66,918,2023-05-08T19:48:04.611556+01:00,barcode07,?,11923,0,0,374,386,?
3fe16007-a777-48d1-88d4-ac5099b5bf61,1254,2023-05-08T19:49:35.611556+01:00,barcode07,?,11923,0,0,379,392,?
07294bcb-9c0e-46c2-aff3-dd5d6aae3759,442,2023-05-08T19:47:59.611556+01:00,barcode07,rabv_ea,11923,7736,8081,321,339,RABV_EA
525502a4-d8a7-4c14-b257-1f59ce49a42a,478,2023-05-08T19:49:40.611556+01:00,barcode07,rabv_ea,11923,4626,5036,375,403,RABV_EA
59746f21-b5aa-4692-84a4-30d983cb0102,541,2023-05-08T19:49:41.611556+01:00,barcode07,rabv_ea,11923,4626,5046,397,413,RABV_EA
e51d19ef-7cdb-4350-8f97-52d98830f464,513,2023-05-08T19:49:40.611556+01:00,barcode07,rabv_ea,11923,7690,8081,371,386,RABV_EA
82723233-0660-4e21-adcc-d58ab91a5f23,467,2023-05-08T19:49:33.611556+01:00,barcode07,rabv_ea,11923,6757,7155,372,382,RABV_EA
cc61b1d2-dcff-481b-ab80-848df6404238,892,2023-05-08T19:48:14.611556+01:00,barcode07,?,11923,0,0,389,398,?
ec1436b6-2c98-4665-a776-20df25108e40,905,2023-05-08T19:48:10.611556+01:00,barcode07,rabv_ea,11923,4626,5596,792,814,RABV_EA
7b2e5e58-29d1-468f-98e2-11ae80e89573,1655,2023-05-08T19:49:29.611556+01:00,barcode07,?,11923,0,0,375,378,?
05f88940-410b-46cc-a481-38c534bd63ea,397,2023-05-08T19:48:04.611556+01:00,barcode07,rabv_ea,11923,7201,7467,226,246,RABV_EA
cdec9965-d235-4e65-8490-8fce28b2a8be,496,2023-05-08T19:48:03.611556+01:00,barcode07,rabv_ea,11923,7704,8081,358,365,RABV_EA
e247628a-56fe-4fba-a209-2ce9d9d1e22b,865,2023-05-08T19:48:01.611556+01:00,barcode07,?,11923,0,0,399,405,?
433a100d-6147-4abc-85a6-34c8f859504a,920,2023-05-08T19:47:59.611556+01:00,barcode07,?,11923,0,0,383,395,?
201c2adc-c9fe-47e4-a6c4-70f72ccccdda,1202,2023-05-08T19:48:11.611556+01:00,barcode07,?,11923,0,0,345,360,?
767e4814-657d-4bcc-8693-85f588a9c187,537,2023-05-08T19:48:04.611556+01:00,barcode07,rabv_ea,11923,9856,10263,382,400,RABV_EA
43250d70-ada8-4589-b7d3-486328f8ef2f,468,2023-05-08T19:48:13.611556+01:00,barcode07,rabv_ea,11923,4626,5036,381,396,RABV_EA
81669e12-e3d5-4a6e-b17b-80d40044117b,474,2023-05-08T19:48:11.611556+01:00,barcode07,rabv_ea,11923,1567,1958,377,382,RABV_EA
22fe831a-23ac-4300-bf68-a37c868393d9,457,2023-05-08T19:48:13.611556+01:00,barcode07,rabv_ea,11923,9851,10247,390,392,RABV_EA
e2a68969-c6a7-4589-b5bb-1edeceafc62c,884,2023-05-08T19:48:04.611556+01:00,barcode07,?,11923,0,0,386,393,?
74625122-397a-4ac7-8847-3ee7728261e3,521,2023-05-08T19:49:31.611556+01:00,barcode07,rabv_ea,11923,8927,9325,381,390,RABV_EA
68ccf9fd-1b18-422f-9a99-bace3e59c777,247,2023-05-08T19:49:34.611556+01:00,barcode07,*,0,0,0,0,0,*
69885162-6c49-496f-bea2-e02236875c9a,455,2023-05-08T19:49:34.611556+01:00,barcode07,rabv_ea,11923,1567,1950,365,376,RABV_EA
aa663378-085d-439f-89ef-7c753682e383,1745,2023-05-08T19:48:01.611556+01:00,barcode07,?,11923,0,0,392,409,?
ea5e3b78-0020-413e-b51d-1f80ab9ebf93,877,2023-05-08T19:49:32.611556+01:00,barcode07,?,11923,0,0,398,407,?
0ca81495-fecc-460f-902e-d2e7f0eda0c9,447,2023-05-08T19:49:33.611556+01:00,barcode07,rabv_ea,11923,7706,8081,359,367,RABV_EA
bfbd729c-72d6-4c20-8f03-97714d805e73,538,2023-05-08T19:49:33.611556+01:00,barcode07,rabv_ea,11923,10187,10573,353,371,RABV_EA
d6072d3c-c915-426d-9844-27132695a023,596,2023-05-08T19:49:32.611556+01:00,barcode07,rabv_ea,11923,6445,6687,228,235,RABV_EA
0a9ec32f-55df-4a0f-b1d2-b710998c4cd2,1733,2023-05-08T19:49:28.611556+01:00,barcode07,?,11923,0,0,385,396,?
487e5e72-91b3-4226-ba06-8645331d58db,521,2023-05-08T19:49:32.611556+01:00,barcode07,rabv_ea,11923,7693,8081,372,378,RABV_EA
fc0e904d-1140-413d-b5f8-28e1aee94e47,335,2023-05-08T19:49:33.611556+01:00,barcode07,rabv_ea,11923,4545,4718,161,166,RABV_EA
4fc0854f-0d34-4763-a724-6d51efc2ef43,525,2023-05-08T19:48:12.611556+01:00,barcode07,rabv_ea,11923,10212,10574,318,338,RABV_EA
64ee3362-daec-4c53-8757-f7eae7e6bb05,462,2023-05-08T19:48:01.611556+01:00,barcode07,rabv_ea,11923,1565,1951,367,376,RABV_EA
ed8383ca-4b5f-4c9f-bbac-add07462e720,523,2023-05-08T19:47:58.611556+01:00,barcode07,rabv_ea,11923,10165,10576,385,394,RABV_EA
152a8ffe-fde7-4ea7-816d-1f1e2ed5ba3b,458,2023-05-08T19:47:57.611556+01:00,barcode07,rabv_ea,11923,8941,9330,345,369,RABV_EA
8810e633-e7a1-4318-9e08-e9b7c253ed53,869,2023-05-08T19:48:15.611556+01:00,barcode07,?,11923,0,0,364,384,?
181e573c-d3e9-43ff-9c39-75a7377d5a3d,434,2023-05-08T19:48:12.611556+01:00,barcode07,rabv_ea,11923,7703,8081,351,364,RABV_EA
620f2030-512d-4b8d-8d7b-43a4c391ca37,855,2023-05-08T19:47:53.611556+01:00,barcode07,?,11923,0,0,388,396,?
facda58e-dfb5-4104-84b8-bb6e37fa2e90,514,2023-05-08T19:48:14.611556+01:00,barcode07,rabv_ea,11923,1551,1958,383,389,RABV_EA
e00fb590-e118-4b6a-81a6-a2811317c8b3,326,2023-05-08T19:47:57.611556+01:00,barcode07,rabv_ea,11923,7822,8081,235,250,RABV_EA
c796c28d-1fca-4cef-aca7-1e05e6964336,1298,2023-05-08T19:47:56.611556+01:00,barcode07,?,11923,0,0,377,386,?
b5a66f90-5933-4675-953d-9848ad27e7c3,457,2023-05-08T19:47:56.611556+01:00,barcode07,rabv_ea,11923,10170,10559,356,366,RABV_EA
3ee89cc5-58e2-4635-b9e3-eda2104958c0,378,2023-05-08T19:48:11.611556+01:00,barcode07,rabv_ea,11923,11509,11743,200,221,RABV_EA
f98df1b5-fe5a-4c8a-a52a-7f86ff9fb694,472,2023-05-08T19:47:57.611556+01:00,barcode07,rabv_ea,11923,4626,5038,386,399,RABV_EA
6e44101a-6898-4e52-b1bf-5409eef888fd,518,2023-05-08T19:47:51.611556+01:00,barcode07,rabv_ea,11923,10164,10570,377,389,RABV_EA
d3a4dcd6-6adc-4a2c-9ddf-58f260185ba0,939,2023-05-08T19:47:56.611556+01:00,barcode07,?,11923,0,0,386,399,?
905c997f-8c31-4368-87d9-bd9339bff00b,939,2023-05-08T19:47:53.611556+01:00,barcode07,?,11923,0,0,403,408,?
feb2024a-68a8-48a2-b099-92ccfd899da9,935,2023-05-08T19:47:56.611556+01:00,barcode07,?,11923,0,0,362,370,?
49ab3e56-209b-4e9b-bc5b-f348f4ee4346,424,2023-05-08T19:47:46.611556+01:00,barcode07,?,11923,0,0,201,207,?
190952f6-4ea2-4884-96ca-28d034da664d,740,2023-05-08T19:49:27.611556+01:00,barcode07,?,11923,0,0,303,318,?
4d1e98dd-aed2-4c5e-88d2-5aec2f40d739,444,2023-05-08T19:47:49.611556+01:00,barcode07,rabv_ea,11923,7706,8072,354,359,RABV_EA
41ef55d0-10b7-4ec5-8a62-497e739a02aa,526,2023-05-08T19:47:47.611556+01:00,barcode07,rabv_ea,11923,10170,10576,383,393,RABV_EA
4a022235-7617-4594-b5aa-be8fb8706e0d,880,2023-05-08T19:47:46.611556+01:00,barcode07,?,11923,0,0,410,419,?
a0982222-27bf-4690-a83f-1855fae81354,262,2023-05-08T19:47:48.611556+01:00,barcode07,*,0,0,0,0,0,*
50ac08cf-546a-434c-8257-0497e8e31ff6,930,2023-05-08T19:47:44.611556+01:00,barcode07,?,11923,0,0,380,397,?
b7c98873-002e-4a94-b40d-3602d86e36ab,1286,2023-05-08T19:47:43.611556+01:00,barcode07,?,11923,0,0,379,387,?
27ba0b98-de19-4e63-b11e-22e73c7f6020,526,2023-05-08T19:47:57.611556+01:00,barcode07,rabv_ea,11923,7060,7467,394,398,RABV_EA
bfed5ad6-445f-46be-bef6-78918b6818ef,518,2023-05-08T19:48:10.611556+01:00,barcode07,rabv_ea,11923,9851,10244,377,381,RABV_EA
e1a0641f-2738-4702-8a9b-6b3529ce0b06,529,2023-05-08T19:47:49.611556+01:00,barcode07,rabv_ea,11923,10164,10570,379,389,RABV_EA
1a761c5d-716c-4cbb-8f22-127fed8b01c2,464,2023-05-08T19:47:55.611556+01:00,barcode07,rabv_ea,11923,10164,10559,360,379,RABV_EA
43f6978e-cd70-4a6f-a719-72d7b13ea015,506,2023-05-08T19:49:30.611556+01:00,barcode07,rabv_ea,11923,6135,6519,353,369,RABV_EA
1140f5cc-de7e-4417-b6d1-1c7e7b130026,940,2023-05-08T19:49:29.611556+01:00,barcode07,?,11923,0,0,403,408,?
2a283e76-78bc-4225-9df8-ad8c7ad427b8,1734,2023-05-08T19:47:44.611556+01:00,barcode07,?,11923,0,0,376,383,?
7360daa1-39ff-4a67-b07b-e69018cd3737,469,2023-05-08T19:47:52.611556+01:00,barcode07,rabv_ea,11923,1565,1958,376,390,RABV_EA
fa7a1b8b-6d49-46ce-8dbd-cf3c1470e935,868,2023-05-08T19:47:57.611556+01:00,barcode07,?,11923,0,0,377,385,?
666d4497-0042-4818-bf26-2a13608c5453,456,2023-05-08T19:47:56.611556+01:00,barcode07,rabv_ea,11923,1569,1925,334,346,RABV_EA
81816cfb-0c59-4658-b9ab-60276a75ce35,457,2023-05-08T19:48:11.611556+01:00,barcode07,rabv_ea,11923,1577,1958,359,368,RABV_EA
1e5d0a22-046f-4f7a-8458-e4a27a0cefb5,852,2023-05-08T19:47:44.611556+01:00,barcode07,?,11923,0,0,383,390,?
4c61b330-b7a0-4d83-9c05-c596d86b961b,1143,2023-05-08T19:49:30.611556+01:00,barcode07,?,11923,0,0,396,402,?
7380dc09-0840-49e2-80e8-2e8a815ab938,1286,2023-05-08T19:47:40.611556+01:00,barcode07,?,11923,0,0,612,642,?
3fcec133-1067-45a6-a8c0-55b21277772e,460,2023-05-08T19:47:49.611556+01:00,barcode07,rabv_ea,11923,10178,10533,318,336,RABV_EA
c053cd16-2bab-4efc-a634-fe9f5bf2a109,451,2023-05-08T19:49:31.611556+01:00,barcode07,rabv_ea,11923,6424,6819,354,369,RABV_EA
41ec2a73-87da-4bf1-ae76-3ec23ed6b5a1,517,2023-05-08T19:47:49.611556+01:00,barcode07,rabv_ea,11923,1551,1955,385,393,RABV_EA
ebae08e4-9d62-4f49-8462-24017cbbaba0,500,2023-05-08T19:47:47.611556+01:00,barcode07,rabv_ea,11923,7690,8081,362,374,RABV_EA
84e634cb-4f4d-475e-84aa-8ca35b4fd445,2055,2023-05-08T19:48:05.611556+01:00,barcode07,?,11923,0,0,380,393,?
8f71dc6e-58ac-49fa-a539-e3dba9b08229,462,2023-05-08T19:47:46.611556+01:00,barcode07,rabv_ea,11923,1567,1958,359,375,RABV_EA
3e1ea3b3-6548-4252-bf40-f0bd3b78833f,924,2023-05-08T19:47:54.611556+01:00,barcode07,?,11923,0,0,389,400,?
f17f9389-d3c2-4241-8806-1b5ce5a1161a,934,2023-05-08T19:48:08.611556+01:00,barcode07,?,11923,0,0,359,374,?
78f11f69-f756-4e02-bcfe-b0bb5f6a7097,459,2023-05-08T19:47:48.611556+01:00,barcode07,rabv_ea,11923,10188,10577,360,370,RABV_EA
efcf217a-f485-4111-843a-3ba9f41acb87,531,2023-05-08T19:49:30.611556+01:00,barcode07,rabv_ea,11923,10164,10576,382,399,RABV_EA
9b2b2f92-0c2f-4775-97be-3d4030418173,464,2023-05-08T19:48:10.611556+01:00,barcode07,rabv_ea,11923,4626,5036,375,387,RABV_EA
c9057501-c155-4902-aa65-6f13e87e587e,451,2023-05-08T19:47:46.611556+01:00,barcode07,rabv_ea,11923,8946,9325,344,365,RABV_EA
45e83ae8-718d-4385-a89d-3162de3cd06f,430,2023-05-08T19:47:49.611556+01:00,barcode07,rabv_ea,11923,8949,9248,286,293,RABV_EA
e141af32-cf7b-4c71-8555-39a08c2b6051,528,2023-05-08T19:49:30.611556+01:00,barcode07,rabv_ea,11923,9851,10263,390,404,RABV_EA
e770294a-cbac-4cf0-85fd-969a468f587e,450,2023-05-08T19:49:28.611556+01:00,barcode07,rabv_ea,11923,956,1324,344,356,RABV_EA
4e2c2f79-0e85-47bd-9eb7-38529b85329b,477,2023-05-08T19:49:27.611556+01:00,barcode07,rabv_ea,11923,7690,8081,349,354,RABV_EA
1268491d-5dfb-458b-ac67-b3a8b9551dfa,762,2023-05-08T19:47:44.611556+01:00,barcode07,rabv_ea,11923,8363,8690,303,317,RABV_EA
41c3dba7-ac42-48cf-8305-39d8ace2efcf,455,2023-05-08T19:49:27.611556+01:00,barcode07,rabv_ea,11923,5852,6223,359,364,RABV_EA
7bb3c0fd-6318-4a95-a829-c61354e4292b,545,2023-05-08T19:47:43.611556+01:00,barcode07,rabv_ea,11923,10164,10576,378,399,RABV_EA
2f1d1a5e-e4da-444d-8eb5-1f1f5965e88c,2480,2023-05-08T19:47:52.611556+01:00,barcode07,?,11923,0,0,360,373,?
e11b87b4-1e10-483b-b17e-318b73c7f402,547,2023-05-08T19:47:43.611556+01:00,barcode07,rabv_ea,11923,10164,10576,379,399,RABV_EA
4468237f-a0ed-4dfb-afec-92c96b000210,451,2023-05-08T19:49:27.611556+01:00,barcode07,rabv_ea,11923,7712,8081,359,364,RABV_EA
817f5247-986f-4073-84b9-7ff1d74c26e0,431,2023-05-08T19:49:30.611556+01:00,barcode07,rabv_ea,11923,7691,8063,345,354,RABV_EA
6d8def19-3d62-4e9f-9d44-064f7a2ce62d,509,2023-05-08T19:47:42.611556+01:00,barcode07,rabv_ea,11923,11098,11494,367,379,RABV_EA
3a47c376-f50c-4d37-a874-d11449d5330b,444,2023-05-08T19:47:44.611556+01:00,barcode07,rabv_ea,11923,5835,6223,352,367,RABV_EA
da735315-a7da-4891-9a7e-a7080926fe13,439,2023-05-08T19:47:43.611556+01:00,barcode07,rabv_ea,11923,2445,2830,354,368,RABV_EA
cdf050eb-ffba-42a6-985d-4335c6be5aaa,386,2023-05-08T19:47:42.611556+01:00,barcode07,rabv_ea,11923,10164,10477,290,308,RABV_EA
2c92430d-0ef5-4d5b-bc80-f6b131b90588,504,2023-05-08T19:47:43.611556+01:00,barcode07,rabv_ea,11923,7693,8081,350,372,RABV_EA
61110678-7ec9-4ad7-91ee-b8c0ba162d6e,468,2023-05-08T19:47:43.611556+01:00,barcode07,rabv_ea,11923,1569,1958,373,381,RABV_EA
b5f3207e-3c55-46d2-a784-6bcfb4faf186,865,2023-05-08T19:47:44.611556+01:00,barcode07,?,11923,0,0,376,394,?
239564b5-e39c-4fad-9e06-49fd35f0d4a1,856,2023-05-08T19:47:36.611556+01:00,barcode07,rabv_ea,11923,9550,10259,668,685,RABV_EA
0fac1760-fe6c-4ff6-82ef-b3ecbc7f0265,456,2023-05-08T19:47:45.611556+01:00,barcode07,rabv_ea,11923,11392,11782,356,375,RABV_EA
26f810a8-4c9f-4bc3-ac3c-67aa8a964e31,504,2023-05-08T19:47:41.611556+01:00,barcode07,rabv_ea,11923,7692,8075,366,377,RABV_EA
e7fcbd4f-ffbc-447f-93fa-811883900a43,910,2023-05-08T19:47:40.611556+01:00,barcode07,?,11923,0,0,385,395,?
edcbcf35-2ba4-4324-b1e1-4f2de95df03a,534,2023-05-08T19:47:44.611556+01:00,barcode07,rabv_ea,11923,10164,10576,382,395,RABV_EA
c882a7da-18b9-490e-a3cf-82ce35e0ac58,877,2023-05-08T19:47:53.611556+01:00,barcode07,?,11923,0,0,370,375,?
4a4a164e-14ee-4c83-b41b-0850de1efe86,615,2023-05-08T19:49:26.611556+01:00,barcode07,?,11923,0,0,356,374,?
bcac0181-f35c-4828-884e-5c7e31472334,477,2023-05-08T19:49:25.611556+01:00,barcode07,rabv_ea,11923,7690,8082,361,371,RABV_EA
1f45e907-b5bf-444b-8b4d-5443b8aafd98,462,2023-05-08T19:47:42.611556+01:00,barcode07,rabv_ea,11923,5835,6223,371,377,RABV_EA
cc3f16e4-aeed-4eb1-b82b-ee2a59096c28,1316,2023-05-08T19:47:36.611556+01:00,barcode07,?,11923,0,0,392,401,?
f853a5ee-619c-4be9-a507-d6fbbc276bac,441,2023-05-08T19:47:40.611556+01:00,barcode07,rabv_ea,11923,7699,8068,345,351,RABV_EA
32e9aead-5577-47b3-8fbd-85ba6a32eed1,858,2023-05-08T19:47:46.611556+01:00,barcode07,?,11923,0,0,356,370,?
43b45355-fd25-44f6-8d81-4bd1821c6401,456,2023-05-08T19:47:47.611556+01:00,barcode07,rabv_ea,11923,1567,1958,374,379,RABV_EA
19df9fcf-6ca4-46a8-9a60-533241bd6803,878,2023-05-08T19:47:46.611556+01:00,barcode07,?,11923,0,0,381,389,?
27e3faca-a13a-41de-ae33-126ce9402305,461,2023-05-08T19:49:26.611556+01:00,barcode07,rabv_ea,11923,8944,9329,364,375,RABV_EA
58781038-739c-4545-9983-cc399c48f846,453,2023-05-08T19:47:27.611556+01:00,barcode07,rabv_ea,11923,8008,8389,363,371,RABV_EA
a0d78a5d-c518-42ee-98de-ab33ab9cd870,540,2023-05-08T19:47:40.611556+01:00,barcode07,rabv_ea,11923,10164,10576,393,404,RABV_EA
2912de96-955c-4237-88f2-a6633e1eb4b3,469,2023-05-08T19:47:39.611556+01:00,barcode07,rabv_ea,11923,4645,5051,378,388,RABV_EA
23e5b5ab-11ee-45ea-8182-6dac76869dc7,460,2023-05-08T19:47:38.611556+01:00,barcode07,rabv_ea,11923,10164,10562,374,381,RABV_EA
6b4244d2-fec1-43fd-bc6c-c3496799f927,848,2023-05-08T19:47:40.611556+01:00,barcode07,?,11923,0,0,362,371,?
6d05120e-0ae0-4422-87c2-3b56ec769448,860,2023-05-08T19:47:49.611556+01:00,barcode07,?,11923,0,0,360,373,?
dfb54655-785e-49a3-bbbd-86e9abb92b73,519,2023-05-08T19:47:51.611556+01:00,barcode07,rabv_ea,11923,7689,8071,370,377,RABV_EA
ac74118b-55f2-4c86-8a11-5be833e71239,527,2023-05-08T19:47:53.611556+01:00,barcode07,rabv_ea,11923,9851,10263,402,408,RABV_EA
0d7ae5a6-e3f9-4971-8da2-17da6141598f,512,2023-05-08T19:49:26.611556+01:00,barcode07,rabv_ea,11923,1551,1958,378,389,RABV_EA
58197a18-dc8b-4d4d-aea9-d3cab481b900,646,2023-05-08T19:47:40.611556+01:00,barcode07,rabv_ea,11923,7690,8015,316,317,RABV_EA
7504a55c-86ac-405e-9787-277aab5c6fe1,931,2023-05-08T19:47:53.611556+01:00,barcode07,?,11923,0,0,360,384,?
797ced13-c35c-440a-92aa-b9f7ad6f9273,541,2023-05-08T19:49:26.611556+01:00,barcode07,rabv_ea,11923,10165,10576,391,399,RABV_EA
5ee6acaa-4eef-4c2b-8f3e-e2724beb00ea,855,2023-05-08T19:47:25.611556+01:00,barcode07,?,11923,0,0,383,394,?
21150eba-5936-4653-9147-4115b5cbe8b2,1289,2023-05-08T19:47:51.611556+01:00,barcode07,?,11923,0,0,373,389,?
68a4adcb-6c1f-4e56-bb6c-a74b71b139ef,473,2023-05-08T19:47:37.611556+01:00,barcode07,rabv_ea,11923,5196,5596,379,392,RABV_EA
a1d989b0-82ff-4df1-8ebd-38306a0f04bf,880,2023-05-08T19:49:21.611556+01:00,barcode07,?,11923,0,0,388,395,?
304722f9-476b-44bd-8a1e-68b4cf903b81,1270,2023-05-08T19:47:38.611556+01:00,barcode07,?,11923,0,0,380,386,?
890dd39e-fad0-40a8-8e4c-7d312aeb67d7,911,2023-05-08T19:47:39.611556+01:00,barcode07,?,11923,0,0,373,387,?
d71b4eb7-6d77-47e9-aebb-911ac9549a2b,1267,2023-05-08T19:47:24.611556+01:00,barcode07,?,11923,0,0,373,394,?
79bbe789-685f-4e74-840d-f992ec4bf76c,469,2023-05-08T19:49:24.611556+01:00,barcode07,rabv_ea,11923,6424,6807,358,369,RABV_EA
18b11764-76e8-403e-91f0-f1e1e3d34d4f,872,2023-05-08T19:47:35.611556+01:00,barcode07,?,11923,0,0,369,377,?
ff84dca3-282d-45e9-82a8-c71e95407e8c,2084,2023-05-08T19:47:34.611556+01:00,barcode07,?,11923,0,0,396,400,?
2e5e38f4-4ff9-443d-895d-53846fcd10f2,512,2023-05-08T19:47:48.611556+01:00,barcode07,rabv_ea,11923,4626,5038,386,400,RABV_EA
df58845e-0e80-4de2-9467-cd12c51c6930,839,2023-05-08T19:47:33.611556+01:00,barcode07,?,11923,0,0,376,378,?
ec376e06-6c2d-44b7-b6f0-16902e3a2743,922,2023-05-08T19:47:49.611556+01:00,barcode07,?,11923,0,0,385,392,?
27630dc5-f326-4fd5-a2f7-d664587fd1d8,194,2023-05-08T19:47:27.611556+01:00,barcode07,rabv_ea,11923,11379,11488,102,109,RABV_EA
b263001d-ccc0-42a1-ba79-341af7872bdd,853,2023-05-08T19:47:49.611556+01:00,barcode07,?,11923,0,0,385,398,?
e5553d96-f3ea-444a-97c3-c316f2244823,501,2023-05-08T19:47:50.611556+01:00,barcode07,rabv_ea,11923,7692,8074,360,366,RABV_EA
dec5effa-5fc8-4343-aad6-9650ce64e6fa,405,2023-05-08T19:47:46.611556+01:00,barcode07,rabv_ea,11923,995,1331,308,324,RABV_EA
18c8521b-29aa-4956-b902-6768906e442e,453,2023-05-08T19:47:37.611556+01:00,barcode07,rabv_ea,11923,942,1322,367,375,RABV_EA
df67c346-d9ca-4030-9bfe-90eae41292c9,418,2023-05-08T19:47:20.611556+01:00,barcode07,rabv_ea,11923,8380,8674,288,293,RABV_EA
a5c3c019-a8e4-423f-8a93-e4cbdcb753f4,1636,2023-05-08T19:47:24.611556+01:00,barcode07,?,11923,0,0,388,394,?
ec9087b6-43b6-43c8-8680-04ba1dae9dd9,540,2023-05-08T19:47:26.611556+01:00,barcode07,rabv_ea,11923,5196,5607,387,400,RABV_EA
d1a4c20d-e7c2-46ba-a415-8b25c8e63330,849,2023-05-08T19:47:48.611556+01:00,barcode07,?,11923,0,0,370,378,?
c6e0c9c4-d886-4537-bf7b-b7a1bc6cb656,454,2023-05-08T19:47:49.611556+01:00,barcode07,rabv_ea,11923,9851,10246,376,382,RABV_EA
796ece4e-63db-4feb-84b4-d503fb85cc14,894,2023-05-08T19:47:37.611556+01:00,barcode07,rabv_ea,11923,4651,5279,551,599,RABV_EA
f7809623-1eca-4922-bbb7-02eb3eaaebd8,370,2023-05-08T19:49:26.611556+01:00,barcode07,rabv_ea,11923,8942,9325,284,294,RABV_EA
e0a4dbd6-87c8-4bdd-b958-54b15647d0fd,505,2023-05-08T19:47:41.611556+01:00,barcode07,rabv_ea,11923,6133,6528,365,374,RABV_EA
93d5ca30-2be0-4dd4-89bd-00c8382672e6,1388,2023-05-08T19:47:38.611556+01:00,barcode07,?,11923,0,0,372,383,?
f9ce347b-c9e8-42b7-96c0-fbc63be97ad8,637,2023-05-08T19:47:38.611556+01:00,barcode07,rabv_ea,11923,1619,1943,306,315,RABV_EA
6a18c19c-e72d-422a-b75b-4bf7532e7284,533,2023-05-08T19:47:19.611556+01:00,barcode07,rabv_ea,11923,10172,10576,379,393,RABV_EA
454b67c3-476a-47b4-9265-b57a41884483,850,2023-05-08T19:48:50.611556+01:00,barcode07,?,11923,0,0,368,373,?
a3dd364e-0983-467c-8985-871ea4f85147,459,2023-05-08T19:47:23.611556+01:00,barcode07,rabv_ea,11923,8927,9330,340,356,RABV_EA
48acc7fe-7ef8-4f70-9337-8edf63ae0560,868,2023-05-08T19:47:21.611556+01:00,barcode07,?,11923,0,0,371,383,?
d29ac42d-579e-4069-8f29-4c9f3daa825a,468,2023-05-08T19:49:03.611556+01:00,barcode07,rabv_ea,11923,5196,5593,377,388,RABV_EA
1e76e02c-bd6a-4953-82a2-bb20f196a6a2,471,2023-05-08T19:47:19.611556+01:00,barcode07,rabv_ea,11923,10164,10561,385,393,RABV_EA
7852c8f3-134b-4fcb-93d0-f9646c3c51e0,458,2023-05-08T19:47:28.611556+01:00,barcode07,rabv_ea,11923,10164,10562,371,381,RABV_EA
017d5a58-68f4-4c05-a62c-c799f3891492,919,2023-05-08T19:47:16.611556+01:00,barcode07,?,11923,0,0,384,385,?
b3ae36d3-4a41-41f4-bf29-dc35f29c4f8d,884,2023-05-08T19:49:11.611556+01:00,barcode07,?,11923,0,0,392,397,?
79dea052-61b1-4d56-ad9a-02a2e7a83839,480,2023-05-08T19:47:21.611556+01:00,barcode07,rabv_ea,11923,4626,5036,391,402,RABV_EA
944c7ecf-3caa-4780-8fa1-d1e4ca8b2e21,464,2023-05-08T19:47:46.611556+01:00,barcode07,rabv_ea,11923,5203,5593,359,376,RABV_EA
26e6b6dc-44d5-466c-bab3-e9dbc77bbeff,452,2023-05-08T19:47:48.611556+01:00,barcode07,rabv_ea,11923,4946,5292,337,344,RABV_EA
f9b664f1-0ea5-4753-8537-b5cd34f16994,518,2023-05-08T19:47:24.611556+01:00,barcode07,rabv_ea,11923,9851,10257,383,391,RABV_EA
d688b373-6080-4441-b1a2-46c8c63c6b7a,530,2023-05-08T19:47:18.611556+01:00,barcode07,rabv_ea,11923,10164,10572,382,393,RABV_EA
de737c04-3e8f-40b3-8f95-41952b6c1fce,889,2023-05-08T19:47:31.611556+01:00,barcode07,?,11923,0,0,388,400,?
1282cfe9-5f45-4633-9cb7-aa136df450ff,1345,2023-05-08T19:47:30.611556+01:00,barcode07,?,11923,0,0,372,388,?
87fe5427-3650-4dc7-b7fb-8af701f08a37,510,2023-05-08T19:49:10.611556+01:00,barcode07,rabv_ea,11923,6135,6519,370,376,RABV_EA
74231a3d-bdc6-4dae-bb9f-c5f67bbc5a5c,541,2023-05-08T19:49:09.611556+01:00,barcode07,rabv_ea,11923,10172,10576,383,396,RABV_EA
f4f5daa4-b6b7-4087-bbd7-99886a5c7f82,509,2023-05-08T19:47:33.611556+01:00,barcode07,rabv_ea,11923,7690,8081,372,379,RABV_EA
0e03d3e9-f2e2-4274-89bc-0e781c1d288f,892,2023-05-08T19:48:59.611556+01:00,barcode07,?,11923,0,0,385,395,?
7d984463-c1c2-479e-ba55-1eb509f9e1e7,442,2023-05-08T19:47:23.611556+01:00,barcode07,rabv_ea,11923,1565,1958,353,371,RABV_EA
95870052-20dd-4cba-8fd6-dffb59af81f1,454,2023-05-08T19:47:25.611556+01:00,barcode07,rabv_ea,11923,7706,8071,362,362,RABV_EA
fc6fec37-39cc-4676-9b6a-ccc363ba1148,514,2023-05-08T19:47:15.611556+01:00,barcode07,rabv_ea,11923,10164,10576,370,382,RABV_EA
8e99e86b-ca30-4229-8146-6fd5f3d22ac9,608,2023-05-08T19:48:51.611556+01:00,barcode07,rabv_ea,11923,1649,1958,295,303,RABV_EA
26d822f6-36be-4aee-b1ae-a36e0f9caf33,517,2023-05-08T19:47:27.611556+01:00,barcode07,rabv_ea,11923,10168,10570,360,376,RABV_EA
a52ce985-f00b-4930-a37c-4c6efd778e02,523,2023-05-08T19:48:49.611556+01:00,barcode07,rabv_ea,11923,10164,10576,369,398,RABV_EA
f7825212-46d1-4a1e-a446-32439c45e158,264,2023-05-08T19:47:15.611556+01:00,barcode07,rabv_ea,11923,9153,9322,161,163,RABV_EA
69a7cdad-f0be-4567-99cf-bde0e4e75b13,449,2023-05-08T19:47:14.611556+01:00,barcode07,rabv_ea,11923,4626,5036,358,378,RABV_EA
be9af235-af2b-4e11-91a4-bf6c7b0e2c44,835,2023-05-08T19:47:19.611556+01:00,barcode07,?,11923,0,0,354,367,?
eaf1b631-ffef-48c4-9cb1-27b94c3c45f3,445,2023-05-08T19:47:17.611556+01:00,barcode07,rabv_ea,11923,10164,10556,341,368,RABV_EA
3b5975ef-2371-4e1d-b7fb-dce8e3307735,840,2023-05-08T19:48:57.611556+01:00,barcode07,?,11923,0,0,401,421,?
0a61dde6-71e5-4514-9075-ef675b26b215,899,2023-05-08T19:47:24.611556+01:00,barcode07,?,11923,0,0,359,370,?
0df0399d-c2c1-4445-b6e4-33d4622fb8de,917,2023-05-08T19:48:56.611556+01:00,barcode07,?,11923,0,0,397,404,?
1b819783-8857-4af4-b37a-ca8789484d2a,530,2023-05-08T19:47:23.611556+01:00,barcode07,rabv_ea,11923,10164,10576,387,404,RABV_EA
21f05677-ed74-4979-9186-825c7e17c503,1268,2023-05-08T19:48:41.611556+01:00,barcode07,?,11923,0,0,366,373,?
8c4e85e2-20a4-4a07-8529-31f0f4493078,457,2023-05-08T19:47:16.611556+01:00,barcode07,rabv_ea,11923,8940,9325,365,375,RABV_EA
725ce67d-7ea3-4862-9b44-a7bfebf3c940,528,2023-05-08T19:47:16.611556+01:00,barcode07,rabv_ea,11923,10165,10570,372,384,RABV_EA
fa8446bb-d494-4342-8a28-9075366ddea5,455,2023-05-08T19:47:10.611556+01:00,barcode07,rabv_ea,11923,10179,10576,365,378,RABV_EA
17a5b910-d173-4183-a197-3d019e53c3b5,447,2023-05-08T19:48:51.611556+01:00,barcode07,rabv_ea,11923,7681,8063,356,373,RABV_EA
b4577291-1f40-4a33-98d7-2ffb87473640,466,2023-05-08T19:48:49.611556+01:00,barcode07,rabv_ea,11923,1567,1955,383,384,RABV_EA
7f1786b7-422c-466c-8752-505ec45c8cef,425,2023-05-08T19:47:17.611556+01:00,barcode07,rabv_ea,11923,6510,6821,283,300,RABV_EA
d2dc0014-f62f-4171-922f-9fa71ecc54b5,892,2023-05-08T19:47:23.611556+01:00,barcode07,?,11923,0,0,357,363,?
f4ec2c10-91ff-489c-837a-84fb51ccfe70,537,2023-05-08T19:47:14.611556+01:00,barcode07,rabv_ea,11923,10169,10568,385,395,RABV_EA
3f05bf33-755c-4cd5-9566-28d02edf25c8,745,2023-05-08T19:47:13.611556+01:00,barcode07,rabv_ea,11923,8928,9325,380,389,RABV_EA
5b90191c-2ca8-43fb-9efb-91a169c60b59,1256,2023-05-08T19:48:46.611556+01:00,barcode07,?,11923,0,0,402,416,?
36151b54-b9d3-40f6-a9de-c91aef08ba40,490,2023-05-08T19:48:32.611556+01:00,barcode07,rabv_ea,11923,7695,8081,357,368,RABV_EA
e44834b1-6446-4406-a1a4-456144eb9566,1308,2023-05-08T19:48:30.611556+01:00,barcode07,?,11923,0,0,358,373,?
acf23e2a-6c7e-4a75-8678-ae0b7a283502,525,2023-05-08T19:47:10.611556+01:00,barcode07,rabv_ea,11923,7689,8081,360,377,RABV_EA
e01e613b-b31c-4e2b-828d-cdb4c052ff93,511,2023-05-08T19:47:05.611556+01:00,barcode07,rabv_ea,11923,7690,8081,380,384,RABV_EA
621423b4-ea0c-4c25-8565-0b225710a78e,462,2023-05-08T19:48:33.611556+01:00,barcode07,rabv_ea,11923,68,440,363,368,RABV_EA
328fca31-232b-4a26-b560-3d450f685629,364,2023-05-08T19:47:10.611556+01:00,barcode07,rabv_ea,11923,9054,9325,248,263,RABV_EA
6a832ab8-7444-4839-ad20-205760222bd1,1692,2023-05-08T19:47:03.611556+01:00,barcode07,?,11923,0,0,390,396,?
59d07f9e-b07d-4d2d-849d-8daaa6df7bcb,447,2023-05-08T19:47:03.611556+01:00,barcode07,rabv_ea,11923,7704,8081,362,370,RABV_EA
5cdf9c80-c7be-4521-baa0-4d8c8be97f4b,459,2023-05-08T19:48:36.611556+01:00,barcode07,rabv_ea,11923,5217,5608,361,382,RABV_EA
622c67dd-f762-477a-b045-69ac2e18e258,441,2023-05-08T19:47:11.611556+01:00,barcode07,rabv_ea,11923,4894,5221,303,319,RABV_EA
542a443d-ba5b-4d06-a85c-e2d94589a731,864,2023-05-08T19:47:01.611556+01:00,barcode07,?,11923,0,0,396,404,?
9b81f891-8e3b-4302-be2e-b69938fb521e,578,2023-05-08T19:47:05.611556+01:00,barcode07,rabv_ea,11923,1624,1944,286,297,RABV_EA
a56d0157-dc79-4507-94f5-556b3700afda,371,2023-05-08T19:47:09.611556+01:00,barcode07,rabv_ea,11923,10167,10471,283,296,RABV_EA
7f69b3c1-6718-4d2e-9464-b157f8aca857,912,2023-05-08T19:46:59.611556+01:00,barcode07,?,11923,0,0,366,375,?
43e6539f-a6a6-4a8a-8dbb-f031eede7796,1127,2023-05-08T19:47:00.611556+01:00,barcode07,?,11923,0,0,370,378,?
9a2dd9ae-b6d0-4f6a-87ff-40723a0d739f,459,2023-05-08T19:47:12.611556+01:00,barcode07,rabv_ea,11923,10164,10562,376,389,RABV_EA
6d7b5fa0-c321-4209-b037-18d7c018d02a,927,2023-05-08T19:47:06.611556+01:00,barcode07,?,11923,0,0,372,387,?
100f9d51-0247-4e60-a300-b7331ad00798,651,2023-05-08T19:47:11.611556+01:00,barcode07,?,11923,0,0,361,372,?
93c69faa-7a1e-4cea-92f2-bc59f953f189,523,2023-05-08T19:47:02.611556+01:00,barcode07,rabv_ea,11923,10164,10575,356,381,RABV_EA
145dc036-9c0d-416b-a8e4-889a74f3e640,274,2023-05-08T19:48:39.611556+01:00,barcode07,rabv_ea,11923,4296,4422,118,123,RABV_EA
c45ee8f5-e8e6-435d-9da7-c259571650b5,1318,2023-05-08T19:48:47.611556+01:00,barcode07,?,11923,0,0,396,398,?
8449dabf-270b-4c66-8d63-5a70c78c2931,464,2023-05-08T19:48:35.611556+01:00,barcode07,rabv_ea,11923,1567,1958,368,376,RABV_EA
908b484a-b394-4550-8c46-e68327000073,515,2023-05-08T19:48:33.611556+01:00,barcode07,rabv_ea,11923,7689,8065,367,373,RABV_EA
5604f322-7e72-43bb-a461-6328e66d2665,408,2023-05-08T19:48:29.611556+01:00,barcode07,rabv_ea,11923,5870,6223,304,318,RABV_EA
dc2b0a00-5c65-4246-98c5-b85a1c31f96d,456,2023-05-08T19:48:29.611556+01:00,barcode07,rabv_ea,11923,10164,10561,355,377,RABV_EA
980b94a7-ec4b-4aa3-9395-4e86845e9507,509,2023-05-08T19:48:30.611556+01:00,barcode07,rabv_ea,11923,7690,8081,380,385,RABV_EA
ac64a570-815d-4a60-a1a5-20ef8f1d97d1,852,2023-05-08T19:48:30.611556+01:00,barcode07,?,11923,0,0,382,400,?
9fd7935e-9fba-490a-8b47-f46e6650009c,931,2023-05-08T19:48:23.611556+01:00,barcode07,?,11923,0,0,391,403,?
64224f43-3462-42f3-a031-acec5c89092f,480,2023-05-08T19:48:31.611556+01:00,barcode07,rabv_ea,11923,4626,5030,383,397,RABV_EA
7b0f1ea4-6aaa-44f0-b082-2a8a2c4c4503,1342,2023-05-08T19:48:27.611556+01:00,barcode07,?,11923,0,0,380,397,?
e3f9e179-2532-4e37-968c-5fd8022c2c11,445,2023-05-08T19:48:31.611556+01:00,barcode07,rabv_ea,11923,7712,8081,334,353,RABV_EA
288fb8ee-567e-438d-bf9f-661079688bf0,863,2023-05-08T19:48:26.611556+01:00,barcode07,?,11923,0,0,377,394,?
055ebe89-4e4c-4d78-a90c-cd54f48e004b,2509,2023-05-08T19:48:21.611556+01:00,barcode07,?,11923,0,0,900,948,?
549aec35-6780-4c5d-9376-5e65fba4c64a,442,2023-05-08T19:48:25.611556+01:00,barcode07,rabv_ea,11923,944,1322,356,371,RABV_EA
84c72b21-9559-49a8-a6ef-f7954c979c09,452,2023-05-08T19:48:27.611556+01:00,barcode07,rabv_ea,11923,5836,6211,343,359,RABV_EA
67b58c2c-e03f-4006-a135-0ca8b30a7eeb,460,2023-05-08T19:46:53.611556+01:00,barcode07,rabv_ea,11923,1567,1958,367,379,RABV_EA
6592456d-f199-4851-8813-bd63539f69c5,481,2023-05-08T19:48:35.611556+01:00,barcode07,rabv_ea,11923,5196,5592,369,385,RABV_EA
75f83b90-bc11-42a1-90aa-4eeb2bea2583,834,2023-05-08T19:46:53.611556+01:00,barcode07,?,11923,0,0,379,382,?
26f64f4a-793b-47c9-866a-da658fd76b77,442,2023-05-08T19:47:12.611556+01:00,barcode07,rabv_ea,11923,7690,8063,357,363,RABV_EA
f2406153-c812-40df-aa59-10474968ac33,423,2023-05-08T19:47:06.611556+01:00,barcode07,rabv_ea,11923,7717,8081,331,341,RABV_EA
d41d4051-6a29-4246-ac6b-01fe1d5a86de,698,2023-05-08T19:48:33.611556+01:00,barcode07,?,11923,0,0,365,374,?
17bb21c3-99d8-42c0-aa85-0c667cc20fa2,1265,2023-05-08T19:48:31.611556+01:00,barcode07,?,11923,0,0,393,405,?
b1e2bf03-14fa-4b94-b6de-54a76550a3c6,592,2023-05-08T19:48:31.611556+01:00,barcode07,rabv_ea,11923,1651,1958,301,303,RABV_EA
1c87fd27-2b33-4244-89ae-b9706eed0d7d,857,2023-05-08T19:47:01.611556+01:00,barcode07,?,11923,0,0,368,374,?
08c558f8-e2a1-41cb-9a52-3b75bb8d7b54,449,2023-05-08T19:47:00.611556+01:00,barcode07,rabv_ea,11923,7706,8081,363,368,RABV_EA
b331e87e-2ec6-4ea8-8d14-da474ec74e2e,436,2023-05-08T19:48:32.611556+01:00,barcode07,rabv_ea,11923,7706,8064,348,355,RABV_EA
2a8be5f4-9f4f-4357-953b-bf7f821bd5e0,447,2023-05-08T19:47:00.611556+01:00,barcode07,rabv_ea,11923,7712,8081,355,361,RABV_EA
50bc5ebf-7971-435f-a4f8-6d564d9443d5,449,2023-05-08T19:46:55.611556+01:00,barcode07,rabv_ea,11923,10176,10576,371,378,RABV_EA
83f4fa96-64f0-41eb-9659-9bd8d90beabb,843,2023-05-08T19:46:59.611556+01:00,barcode07,?,11923,0,0,380,383,?
bd547604-d205-447c-aa63-5fb9a76ac705,2096,2023-05-08T19:48:18.611556+01:00,barcode07,?,11923,0,0,688,708,?
8f86b808-70e9-458c-bd05-fc3a71b75259,554,2023-05-08T19:48:21.611556+01:00,barcode07,rabv_ea,11923,10170,10573,381,398,RABV_EA
baa21ddd-9559-45dd-94b6-bf0b9a563ba0,396,2023-05-08T19:48:20.611556+01:00,barcode07,rabv_ea,11923,11392,11719,295,317,RABV_EA
5fad6e15-6417-4a83-84d3-9588f0c491c8,485,2023-05-08T19:48:24.611556+01:00,barcode07,?,11923,0,0,244,249,?
12a5128e-8f92-4247-a02a-1add8d81c589,1318,2023-05-08T19:48:22.611556+01:00,barcode07,?,11923,0,0,384,396,?
a517e8ae-2b08-4885-b2d3-fe95d61cd5b5,1300,2023-05-08T19:46:54.611556+01:00,barcode07,?,11923,0,0,383,388,?
7bf56ce6-98ed-4931-ae16-1007aab4cbe7,828,2023-05-08T19:47:10.611556+01:00,barcode07,?,11923,0,0,362,376,?
26fc3f26-355c-4217-8e9a-e6b6dd0f1ac1,855,2023-05-08T19:48:31.611556+01:00,barcode07,?,11923,0,0,381,390,?
221b6df5-4846-4447-8b5f-1ad2ee821de3,1258,2023-05-08T19:48:19.611556+01:00,barcode07,?,11923,0,0,368,377,?
2826f447-f453-437e-a64f-6caaa4368584,877,2023-05-08T19:48:20.611556+01:00,barcode07,?,11923,0,0,396,399,?
577342e8-8dbf-4d14-aff3-6b014fb0653a,464,2023-05-08T19:46:52.611556+01:00,barcode07,rabv_ea,11923,1567,1943,368,371,RABV_EA
68d87f28-75f8-484f-b400-afb11224b2d2,1608,2023-05-08T19:46:51.611556+01:00,barcode07,?,11923,0,0,770,809,?
ec49b5b5-71f0-47cc-99d7-2ce0aed95a1b,472,2023-05-08T19:46:44.611556+01:00,barcode07,rabv_ea,11923,1576,1958,364,368,RABV_EA
fc450b60-4a72-4b8d-b0dd-dbdb3c94ef44,509,2023-05-08T19:48:26.611556+01:00,barcode07,rabv_ea,11923,7690,8081,354,372,RABV_EA
3d8838e5-9016-41ca-9d5b-64f8288b04a6,782,2023-05-08T19:46:52.611556+01:00,barcode07,?,11923,0,0,334,362,?
5618dec5-6dda-4b86-ab52-acd3f01a9d37,461,2023-05-08T19:48:24.611556+01:00,barcode07,rabv_ea,11923,3393,3774,362,370,RABV_EA
c1a741a1-d5fe-41eb-9039-5dada599c45d,1084,2023-05-08T19:46:47.611556+01:00,barcode07,?,11923,0,0,371,375,?
9e1971c8-dd3b-4011-a0ba-6f6741049201,501,2023-05-08T19:46:48.611556+01:00,barcode07,rabv_ea,11923,7690,8081,358,373,RABV_EA
79ce9abf-2e7a-4a7e-bad7-bee4f08f4a93,511,2023-05-08T19:46:53.611556+01:00,barcode07,rabv_ea,11923,7690,8081,383,386,RABV_EA
8d50be21-9735-4c2d-8e6d-14ebc6d0aade,977,2023-05-08T19:46:56.611556+01:00,barcode07,?,11923,0,0,374,395,?
8c7cd3bb-baf8-40d3-848d-7a8043c961c3,448,2023-05-08T19:48:21.611556+01:00,barcode07,rabv_ea,11923,7698,7950,228,232,RABV_EA
9eae5619-8d1a-4d93-9b39-cfdbda08acf3,506,2023-05-08T19:48:22.611556+01:00,barcode07,rabv_ea,11923,7690,8081,360,376,RABV_EA
b1520ca9-7a9d-456e-9361-9e0c2ffdb9f1,837,2023-05-08T19:48:22.611556+01:00,barcode07,?,11923,0,0,380,395,?
c43939f6-8678-4c1d-96d1-25c1f6c75f56,435,2023-05-08T19:46:50.611556+01:00,barcode07,rabv_ea,11923,7702,8081,356,364,RABV_EA
9aa7174a-b057-40f9-a90a-d1da472a79ec,546,2023-05-08T19:48:18.611556+01:00,barcode07,rabv_ea,11923,10164,10576,391,405,RABV_EA
77078d80-9707-4453-8926-e07a99d63235,475,2023-05-08T19:48:03.611556+01:00,barcode07,rabv_ea,11923,8942,9325,359,371,RABV_EA
8644887d-5f07-4cf9-8155-fcf7607e9b33,890,2023-05-08T19:46:57.611556+01:00,barcode07,?,11923,0,0,353,363,?
69a4ab93-efcb-4eb7-b243-545e27e194e2,1431,2023-05-08T19:46:46.611556+01:00,barcode07,?,11923,0,0,392,398,?
8b5edfdf-c1ce-4ce4-a1fa-a4aa88bc809a,835,2023-05-08T19:46:47.611556+01:00,barcode07,?,11923,0,0,367,372,?
86f9476d-38b2-4658-9efd-cce8d82f4337,1663,2023-05-08T19:48:20.611556+01:00,barcode07,?,11923,0,0,350,369,?
1aa9e0da-287b-4062-984d-28784e0179c2,470,2023-05-08T19:46:55.611556+01:00,barcode07,rabv_ea,11923,11407,11796,369,381,RABV_EA
e994b921-b229-426c-87a0-43f2d61ca374,454,2023-05-08T19:46:55.611556+01:00,barcode07,rabv_ea,11923,7702,8068,345,359,RABV_EA
a0054da4-55cc-4012-8a17-fdb3ce5263c2,868,2023-05-08T19:46:49.611556+01:00,barcode07,rabv_ea,11923,10164,11477,731,768,RABV_EA
81b7e4e7-180d-4290-90ac-933b42d17248,498,2023-05-08T19:46:51.611556+01:00,barcode07,rabv_ea,11923,7690,8081,374,382,RABV_EA
64c0665c-611e-4375-925b-b2eb06b413f0,861,2023-05-08T19:46:54.611556+01:00,barcode07,?,11923,0,0,354,368,?
83c40488-5634-433e-8c24-9c15d61d9d11,501,2023-05-08T19:46:57.611556+01:00,barcode07,rabv_ea,11923,7690,8081,373,379,RABV_EA
ebfce5d2-6c7b-40e6-91c4-da888c039cf9,526,2023-05-08T19:46:56.611556+01:00,barcode07,rabv_ea,11923,5199,5608,392,403,RABV_EA
df3ec180-c835-4960-b169-a9cc4371483a,723,2023-05-08T19:46:51.611556+01:00,barcode07,rabv_ea,11923,4894,5291,376,387,RABV_EA
2b9e4190-a9fb-4ea4-a378-a69fe0d9670a,458,2023-05-08T19:48:22.611556+01:00,barcode07,rabv_ea,11923,7711,8015,287,294,RABV_EA
fd8cd6a0-9db6-4a4c-a263-b0eb1fbd6fd2,460,2023-05-08T19:48:20.611556+01:00,barcode07,rabv_ea,11923,1576,1943,356,362,RABV_EA
3e3762c4-4beb-4b54-96d5-6b97e84c472e,453,2023-05-08T19:46:53.611556+01:00,barcode07,rabv_ea,11923,1567,1956,377,381,RABV_EA
deb967dd-5f55-4bee-8f42-f0a59661d48d,1347,2023-05-08T19:48:22.611556+01:00,barcode07,?,11923,0,0,400,407,?
748ba11b-e483-4b32-93fe-f62eb63e12db,667,2023-05-08T19:46:43.611556+01:00,barcode07,rabv_ea,11923,1579,1958,361,375,RABV_EA
950dc787-bcd7-45fe-a3c7-6a01c2aed10b,443,2023-05-08T19:48:03.611556+01:00,barcode07,rabv_ea,11923,9851,10240,348,363,RABV_EA
7a739c9d-86b3-415b-b3aa-055a969628db,1275,2023-05-08T19:46:47.611556+01:00,barcode07,?,11923,0,0,380,384,?
f653347e-1067-45c5-abf3-1e0a2aeb0eaf,859,2023-05-08T19:46:48.611556+01:00,barcode07,?,11923,0,0,367,387,?
ae6274f1-95c4-4ebd-aff2-532a0ec01f24,541,2023-05-08T19:46:51.611556+01:00,barcode07,rabv_ea,11923,10170,10576,387,399,RABV_EA
f2a8023a-0731-42e8-a57f-614d7654199b,864,2023-05-08T19:48:00.611556+01:00,barcode07,?,11923,0,0,394,406,?
5b92c16b-f510-43c2-8ea4-5d45524c0af5,559,2023-05-08T19:48:23.611556+01:00,barcode07,rabv_ea,11923,10164,10576,373,394,RABV_EA
d23f8a52-50d2-4cb4-a233-4c37e1aac9b1,450,2023-05-08T19:46:48.611556+01:00,barcode07,rabv_ea,11923,6133,6514,334,359,RABV_EA
ac1b18ce-c96f-4d38-86d3-4851c64e2849,1321,2023-05-08T19:48:22.611556+01:00,barcode07,?,11923,0,0,405,419,?
d26aba2f-c627-49c6-9a49-be7b12ff5a87,457,2023-05-08T19:48:20.611556+01:00,barcode07,rabv_ea,11923,1564,1958,376,382,RABV_EA
0b410609-c7d9-4dc7-b92d-34355345c947,459,2023-05-08T19:46:45.611556+01:00,barcode07,rabv_ea,11923,5196,5596,363,386,RABV_EA
46cf735b-1936-4117-a424-fbbfb3f18727,453,2023-05-08T19:46:51.611556+01:00,barcode07,rabv_ea,11923,7074,7467,347,367,RABV_EA
f8729523-3d75-4c0e-989c-f0dd2bdf152f,455,2023-05-08T19:46:51.611556+01:00,barcode07,rabv_ea,11923,1567,1954,362,375,RABV_EA
32dd0b79-c781-4368-bb7b-56548d8366be,479,2023-05-08T19:46:49.611556+01:00,barcode07,rabv_ea,11923,10164,10561,384,394,RABV_EA
ad237206-cc3d-42ee-8beb-8c975f6b1c60,524,2023-05-08T19:48:02.611556+01:00,barcode07,rabv_ea,11923,10194,10576,345,369,RABV_EA
1d8553ed-b5f0-4c48-b654-012f8deccb89,457,2023-05-08T19:46:38.611556+01:00,barcode07,rabv_ea,11923,7706,8081,365,369,RABV_EA
482fba6a-ad75-46ed-983b-b8f6cf0a96a1,1243,2023-05-08T19:47:58.611556+01:00,barcode07,?,11923,0,0,373,391,?
08468fc7-8b2d-4105-a3c4-c6820d264da8,867,2023-05-08T19:48:01.611556+01:00,barcode07,?,11923,0,0,351,366,?
524c5904-d1f9-42da-959c-4f314a44a92a,492,2023-05-08T19:46:47.611556+01:00,barcode07,rabv_ea,11923,7690,8081,376,387,RABV_EA
ccc6c650-9f5c-4625-a431-1531f18c5b2e,465,2023-05-08T19:46:44.611556+01:00,barcode07,rabv_ea,11923,11406,11796,367,378,RABV_EA
842eb878-10b7-4cc9-89e8-a573822a4e99,425,2023-05-08T19:46:46.611556+01:00,barcode07,rabv_ea,11923,7702,8077,335,345,RABV_EA
c286f721-c2c6-41eb-8a37-42d57e3317e7,500,2023-05-08T19:46:38.611556+01:00,barcode07,rabv_ea,11923,7693,8081,358,364,RABV_EA
cb60b4e7-2221-4358-b2d2-905bd556df42,514,2023-05-08T19:46:36.611556+01:00,barcode07,rabv_ea,11923,7701,8081,373,377,RABV_EA
de265397-0e0f-43a8-8e42-32399dc849b2,473,2023-05-08T19:46:51.611556+01:00,barcode07,rabv_ea,11923,4626,5037,390,403,RABV_EA
170a34e1-78ba-46d4-9e03-20f209c9fab8,509,2023-05-08T19:46:50.611556+01:00,barcode07,rabv_ea,11923,6133,6520,376,379,RABV_EA
8dcd9f73-3534-4a75-bfd4-1e1d81d309e4,854,2023-05-08T19:46:47.611556+01:00,barcode07,?,11923,0,0,382,388,?
a883c2f2-acd3-4e32-b442-eac7f141a77a,443,2023-05-08T19:48:00.611556+01:00,barcode07,rabv_ea,11923,8949,9325,345,359,RABV_EA
cd1c4921-2acf-45d3-b942-6e0fddea5eee,467,2023-05-08T19:48:02.611556+01:00,barcode07,rabv_ea,11923,6424,6821,374,387,RABV_EA
ecd79d93-462b-48ea-a59f-fe4c1563ca35,467,2023-05-08T19:46:47.611556+01:00,barcode07,rabv_ea,11923,10164,10559,378,389,RABV_EA
e9d91fb5-d9f7-4010-a83b-fe110d4f04d5,849,2023-05-08T19:46:48.611556+01:00,barcode07,?,11923,0,0,382,386,?
0e14b0df-7d07-4dd8-a18a-6c3ac40bf20d,1657,2023-05-08T19:46:42.611556+01:00,barcode07,?,11923,0,0,389,402,?
84df239f-ac99-42c5-a02c-13500e364adb,864,2023-05-08T19:46:41.611556+01:00,barcode07,?,11923,0,0,376,393,?
5ad50ef7-d2b2-4c14-ae24-b2e416a364eb,550,2023-05-08T19:46:49.611556+01:00,barcode07,rabv_ea,11923,10164,10576,383,392,RABV_EA
a5f6f20e-e352-4717-a299-b92360424117,432,2023-05-08T19:46:43.611556+01:00,barcode07,rabv_ea,11923,7699,8028,303,313,RABV_EA
e415d00a-c413-4a90-b096-dbe695f71c3a,707,2023-05-08T19:46:42.611556+01:00,barcode07,rabv_ea,11923,10164,10548,364,378,RABV_EA
0c4ef160-d508-467a-a6f0-6a2f934a94d9,1281,2023-05-08T19:46:46.611556+01:00,barcode07,?,11923,0,0,364,385,?
aa856820-786c-430b-a5a9-1a6b48c5c4ee,462,2023-05-08T19:46:46.611556+01:00,barcode07,rabv_ea,11923,5212,5608,383,391,RABV_EA
1d770c47-6b51-49ea-9b4e-f1e2655c3918,1681,2023-05-08T19:46:34.611556+01:00,barcode07,?,11923,0,0,776,809,?
697ac76d-591b-4291-8baa-5b811a13b4ca,1258,2023-05-08T19:46:40.611556+01:00,barcode07,?,11923,0,0,377,382,?
ddb0eda9-7839-4f3d-b1ed-fc4937dfcd71,400,2023-05-08T19:46:36.611556+01:00,barcode07,rabv_ea,11923,10195,10576,310,325,RABV_EA
24ac5e19-3817-4b99-ab88-0ad3247b1b09,523,2023-05-08T19:46:36.611556+01:00,barcode07,rabv_ea,11923,10164,10576,378,392,RABV_EA
9491048f-bb49-433a-b0be-8ba371dddca2,451,2023-05-08T19:46:37.611556+01:00,barcode07,rabv_ea,11923,6147,6528,368,376,RABV_EA
16187265-6ce2-47a1-8c9f-37cc98ab4586,444,2023-05-08T19:48:00.611556+01:00,barcode07,rabv_ea,11923,11112,11494,361,364,RABV_EA
5a995aaf-8fba-4481-8066-3ca91487477c,454,2023-05-08T19:46:42.611556+01:00,barcode07,rabv_ea,11923,7706,8070,351,356,RABV_EA
31552f98-6177-4c58-9270-cf2f388f27ec,1622,2023-05-08T19:46:40.611556+01:00,barcode07,?,11923,0,0,884,962,?
5cd88373-f053-4ad3-b664-32eebd04b2de,848,2023-05-08T19:46:38.611556+01:00,barcode07,?,11923,0,0,364,380,?
c0ca8599-9b22-47c4-9388-b1582b2da767,856,2023-05-08T19:46:45.611556+01:00,barcode07,?,11923,0,0,361,383,?
605d0649-c743-4851-a5d4-c03d65a501c7,503,2023-05-08T19:46:36.611556+01:00,barcode07,rabv_ea,11923,9853,10259,362,385,RABV_EA
b7e812ac-aa19-4eb7-95ae-79a8c42d8697,452,2023-05-08T19:46:45.611556+01:00,barcode07,rabv_ea,11923,6424,6813,363,373,RABV_EA
b649847c-9d77-4fa4-a91e-76410bd5b8cb,486,2023-05-08T19:46:43.611556+01:00,barcode07,rabv_ea,11923,10168,10562,367,383,RABV_EA
39c17490-5ed5-46ea-84c0-0ef80e8e344c,443,2023-05-08T19:47:38.611556+01:00,barcode07,rabv_ea,11923,7703,8081,373,375,RABV_EA
0e96c7a2-09d5-446b-9bca-f24f3461f57a,521,2023-05-08T19:47:41.611556+01:00,barcode07,rabv_ea,11923,1551,1958,366,382,RABV_EA
5dea5732-be5b-4477-b286-1577715684e8,537,2023-05-08T19:46:48.611556+01:00,barcode07,rabv_ea,11923,10166,10576,382,402,RABV_EA
7f82c182-7f61-4c43-914e-ca0f01db38e1,536,2023-05-08T19:46:36.611556+01:00,barcode07,rabv_ea,11923,5196,5608,399,405,RABV_EA
dbc87a9c-8898-4e64-b1f9-d4dd4d27b830,518,2023-05-08T19:46:36.611556+01:00,barcode07,rabv_ea,11923,7690,8081,388,390,RABV_EA
95d9a291-3a96-4751-a793-a69565a5dce9,944,2023-05-08T19:46:43.611556+01:00,barcode07,rabv_ea,11923,9851,10576,682,703,RABV_EA
9885156e-e3e2-4610-8dcf-cc10f1e91d40,522,2023-05-08T19:46:38.611556+01:00,barcode07,rabv_ea,11923,7690,8081,382,389,RABV_EA
28ec86ce-4739-451c-b219-05d9cb690522,508,2023-05-08T19:47:59.611556+01:00,barcode07,rabv_ea,11923,7699,8081,365,370,RABV_EA
8f1ada83-b39b-40fa-8900-503dbaa04918,527,2023-05-08T19:46:45.611556+01:00,barcode07,rabv_ea,11923,10164,10576,397,404,RABV_EA
a825a26b-c5b9-4304-9b9d-304979eeb301,447,2023-05-08T19:46:39.611556+01:00,barcode07,rabv_ea,11923,6147,6528,361,372,RABV_EA
b186d4b1-0f42-4ed9-b2f0-ec3f3c89f533,531,2023-05-08T19:46:47.611556+01:00,barcode07,rabv_ea,11923,10164,10576,373,395,RABV_EA
04ecbdd1-4a59-475a-9d68-7f1abc6e7032,451,2023-05-08T19:47:44.611556+01:00,barcode07,rabv_ea,11923,1571,1958,357,374,RABV_EA
d2ea0bb8-3f88-440f-af5f-d9668f4d94c8,857,2023-05-08T19:47:42.611556+01:00,barcode07,?,11923,0,0,379,388,?
854993f5-b532-4f24-ab0d-cde7b174c45d,536,2023-05-08T19:47:59.611556+01:00,barcode07,rabv_ea,11923,10164,10576,392,403,RABV_EA
9138b2f9-11d1-4cda-8642-11591ffbdb5f,453,2023-05-08T19:46:37.611556+01:00,barcode07,rabv_ea,11923,1569,1958,377,381,RABV_EA
4a54e147-f316-4530-852c-6a112cedb26d,1281,2023-05-08T19:46:45.611556+01:00,barcode07,?,11923,0,0,385,392,?
f444143c-9fe6-4510-86da-dd7f592147c4,469,2023-05-08T19:46:41.611556+01:00,barcode07,rabv_ea,11923,10164,10562,361,384,RABV_EA
491586fa-5310-42be-9dc2-07b0f4939061,510,2023-05-08T19:46:40.611556+01:00,barcode07,rabv_ea,11923,7690,8081,377,384,RABV_EA
c5bc0a5d-79d8-4447-a2e0-6343ab135312,895,2023-05-08T19:46:38.611556+01:00,barcode07,?,11923,0,0,395,402,?
5bc5923f-f924-44e3-8131-8f1787811533,448,2023-05-08T19:46:41.611556+01:00,barcode07,rabv_ea,11923,9002,9325,320,321,RABV_EA
3cc07cf5-b40a-43be-bd42-764f42002abd,458,2023-05-08T19:46:45.611556+01:00,barcode07,rabv_ea,11923,1575,1958,360,365,RABV_EA
58ec1a98-1259-47bc-8c45-91268cb135f7,438,2023-05-08T19:46:34.611556+01:00,barcode07,rabv_ea,11923,7704,8081,357,368,RABV_EA
e2ef0a0a-22ac-47f1-be37-1bb4a76489a0,510,2023-05-08T19:46:34.611556+01:00,barcode07,rabv_ea,11923,6135,6523,351,368,RABV_EA
d9b57908-2329-4667-aea3-5d77c5c5b4b1,1306,2023-05-08T19:47:35.611556+01:00,barcode07,?,11923,0,0,384,395,?
cf1c47d8-2b78-48ed-b743-50cc1a0d9d2f,1272,2023-05-08T19:47:36.611556+01:00,barcode07,?,11923,0,0,367,387,?
246913fa-392b-46e0-826d-52a0f55e97ab,497,2023-05-08T19:46:32.611556+01:00,barcode07,rabv_ea,11923,7690,8081,363,373,RABV_EA
aef7f86f-783f-4d09-9548-f2b36d223c72,387,2023-05-08T19:46:32.611556+01:00,barcode07,rabv_ea,11923,9149,9314,155,160,RABV_EA
a5747088-59da-40be-ab41-597b4b80becb,854,2023-05-08T19:46:32.611556+01:00,barcode07,?,11923,0,0,381,391,?
b30fa6bc-ce06-453d-aa68-ab82c9365f7b,855,2023-05-08T19:46:31.611556+01:00,barcode07,?,11923,0,0,357,367,?
e8e58e41-a006-456b-960e-7db2f82b7760,482,2023-05-08T19:46:30.611556+01:00,barcode07,rabv_ea,11923,7690,8081,379,384,RABV_EA
41867f94-9846-4aae-a59d-e9afdf4ba2b5,459,2023-05-08T19:46:28.611556+01:00,barcode07,rabv_ea,11923,11407,11796,364,377,RABV_EA
1b1dd3ab-5853-468f-89bb-b176ada1df5d,1716,2023-05-08T19:46:25.611556+01:00,barcode07,?,11923,0,0,368,370,?
db3ec98f-8646-4454-bce9-9fb4d7019962,500,2023-05-08T19:46:26.611556+01:00,barcode07,rabv_ea,11923,7690,8081,358,377,RABV_EA
7b74b79b-64fe-46ac-9e75-1d8cad020631,523,2023-05-08T19:46:24.611556+01:00,barcode07,rabv_ea,11923,7693,8081,381,387,RABV_EA
cfd099fc-0c54-43ab-a244-6db6547680a6,466,2023-05-08T19:46:35.611556+01:00,barcode07,rabv_ea,11923,5199,5590,374,383,RABV_EA
e0b01f4b-003d-4ecd-91ea-2d3378d00a73,529,2023-05-08T19:46:40.611556+01:00,barcode07,rabv_ea,11923,1551,1958,386,400,RABV_EA
2c80da21-798a-4170-a50b-31b3c8d5fddd,469,2023-05-08T19:46:37.611556+01:00,barcode07,rabv_ea,11923,1569,1948,364,370,RABV_EA
5d457134-0a6f-4ed3-8e1e-36140bfbd0ab,450,2023-05-08T19:46:44.611556+01:00,barcode07,rabv_ea,11923,8927,9312,365,378,RABV_EA
e207d907-ea85-426c-8e9e-de2df3fc3cff,527,2023-05-08T19:46:41.611556+01:00,barcode07,rabv_ea,11923,10164,10576,394,403,RABV_EA
d83ce36c-8bf9-4bee-87c2-86aa34df1088,442,2023-05-08T19:46:37.611556+01:00,barcode07,rabv_ea,11923,5836,6223,356,368,RABV_EA
5e3535b9-b37a-4802-ab99-96a968e5feeb,460,2023-05-08T19:47:39.611556+01:00,barcode07,rabv_ea,11923,1563,1958,343,375,RABV_EA
2d445abb-1b33-4ae2-b453-4f6f3a0497d6,516,2023-05-08T19:46:35.611556+01:00,barcode07,rabv_ea,11923,7692,8081,356,379,RABV_EA
6b3dcc3a-5489-41ae-af69-1c84c6ad2114,438,2023-05-08T19:46:39.611556+01:00,barcode07,rabv_ea,11923,7703,8073,359,365,RABV_EA
7cd24343-c484-47fa-8b53-ec992d85c78c,1149,2023-05-08T19:46:30.611556+01:00,barcode07,?,11923,0,0,392,399,?
439dba18-ff7b-42b5-86ab-4535a4252e30,860,2023-05-08T19:46:32.611556+01:00,barcode07,?,11923,0,0,376,382,?
8377d66c-cd96-4188-a1b6-2bea5b926631,473,2023-05-08T19:46:32.611556+01:00,barcode07,rabv_ea,11923,4626,5036,396,405,RABV_EA
f6af3d44-1f00-4a0d-a3f6-7d2ae91acb03,568,2023-05-08T19:46:32.611556+01:00,barcode07,rabv_ea,11923,1621,1958,311,324,RABV_EA
9352dae8-9e9b-4744-bd6b-e62195b381a1,503,2023-05-08T19:47:35.611556+01:00,barcode07,rabv_ea,11923,7702,8077,358,367,RABV_EA
cf977fd0-4932-41c1-b9b8-4d9bb6c86b72,1731,2023-05-08T19:46:21.611556+01:00,barcode07,?,11923,0,0,396,406,?
cc369c8c-520f-4b80-9628-4d1a69475f04,446,2023-05-08T19:46:35.611556+01:00,barcode07,rabv_ea,11923,5836,6220,363,372,RABV_EA
cf98123e-6110-4386-ac47-254d00f46526,1626,2023-05-08T19:46:21.611556+01:00,barcode07,?,11923,0,0,341,355,?
8f0f1ff8-3b4b-481a-9177-974427ed27c7,477,2023-05-08T19:46:32.611556+01:00,barcode07,rabv_ea,11923,4626,5037,367,388,RABV_EA
d4a19c9e-e8c7-417a-a6a4-ae006babe18a,1242,2023-05-08T19:46:23.611556+01:00,barcode07,?,11923,0,0,374,385,?
8be0bdf9-8ca1-41ec-95eb-2086921c1fe7,443,2023-05-08T19:46:32.611556+01:00,barcode07,rabv_ea,11923,7714,8081,361,363,RABV_EA
607dd5c4-0e64-4a49-a2f6-b7b082186125,911,2023-05-08T19:46:35.611556+01:00,barcode07,?,11923,0,0,369,385,?
23b0dd45-4abf-46b1-bfb6-e6326970a1a7,462,2023-05-08T19:47:39.611556+01:00,barcode07,rabv_ea,11923,8941,9326,371,378,RABV_EA
9fdf575f-d96a-43c4-9ee4-3b06acec01b4,450,2023-05-08T19:47:41.611556+01:00,barcode07,rabv_ea,11923,1565,1958,365,376,RABV_EA
d7edae3e-de22-427f-b1a0-e927820bef5b,492,2023-05-08T19:46:38.611556+01:00,barcode07,rabv_ea,11923,7718,8081,354,359,RABV_EA
8c2126e5-fb51-427e-a012-6c991583c983,455,2023-05-08T19:46:32.611556+01:00,barcode07,rabv_ea,11923,5844,6220,358,366,RABV_EA
8afe6459-8e38-462f-9dbb-e6041e376e5b,876,2023-05-08T19:47:36.611556+01:00,barcode07,?,11923,0,0,384,398,?
14906620-c149-422a-913f-7d282be904f0,488,2023-05-08T19:46:34.611556+01:00,barcode07,rabv_ea,11923,10172,10559,345,375,RABV_EA
5e776a1c-6d8d-474b-b634-b35c3bf84a5e,535,2023-05-08T19:46:28.611556+01:00,barcode07,rabv_ea,11923,10164,10570,383,397,RABV_EA
1ad0a941-8530-49f4-9c68-eafdeaf84337,1264,2023-05-08T19:46:24.611556+01:00,barcode07,?,11923,0,0,385,395,?
3ad81be5-c2c4-4ac3-8c96-7048f30bd85e,464,2023-05-08T19:46:34.611556+01:00,barcode07,rabv_ea,11923,10170,10558,361,381,RABV_EA
607b69c2-e7b0-4815-a1b1-29126e5f96d4,579,2023-05-08T19:46:29.611556+01:00,barcode07,rabv_ea,11923,5822,6223,376,386,RABV_EA
5ddd9099-9492-48dd-b9ef-41d2025d6048,447,2023-05-08T19:46:17.611556+01:00,barcode07,rabv_ea,11923,10167,10554,340,359,RABV_EA
4c3367e1-a839-451f-bf22-100b11275703,464,2023-05-08T19:46:17.611556+01:00,barcode07,rabv_ea,11923,9851,10244,370,382,RABV_EA
4c3151aa-d633-4449-81f0-acac4a458e72,864,2023-05-08T19:46:07.611556+01:00,barcode07,?,11923,0,0,364,367,?
43aced63-f998-44b2-9e48-a8ef100d9bc5,443,2023-05-08T19:46:22.611556+01:00,barcode07,rabv_ea,11923,8940,9325,351,364,RABV_EA
4e4cce9f-c26c-4f17-9f64-aba33475c9f0,509,2023-05-08T19:46:20.611556+01:00,barcode07,rabv_ea,11923,7690,8081,378,384,RABV_EA
275af1c6-4951-45b3-a2b2-f92c6de35667,993,2023-05-08T19:47:27.611556+01:00,barcode07,?,11923,0,0,402,405,?
841239da-1b3c-4f0f-b560-702c90b83db8,914,2023-05-08T19:46:08.611556+01:00,barcode07,?,11923,0,0,349,361,?
f456ab43-d124-496e-83d8-31a5e1e94ade,496,2023-05-08T19:47:36.611556+01:00,barcode07,rabv_ea,11923,6133,6529,378,389,RABV_EA
d8f6edd0-395d-479d-9a7f-3366c1832611,462,2023-05-08T19:46:07.611556+01:00,barcode07,rabv_ea,11923,9857,10246,362,371,RABV_EA
a13d6965-1817-4d9e-8a0e-8ce7f26a4014,1257,2023-05-08T19:46:08.611556+01:00,barcode07,?,11923,0,0,371,389,?
490964eb-68bb-45e5-b101-2b07cc78a603,504,2023-05-08T19:46:26.611556+01:00,barcode07,rabv_ea,11923,7690,8081,372,378,RABV_EA
7e22d2ef-1f2f-49a8-b3ab-95be80eca95c,442,2023-05-08T19:46:23.611556+01:00,barcode07,rabv_ea,11923,7704,8081,364,367,RABV_EA
50558419-e664-49bf-87bf-08d94ad55033,513,2023-05-08T19:46:23.611556+01:00,barcode07,rabv_ea,11923,5845,6223,351,363,RABV_EA
7aa84caa-31ac-41e1-a3d8-abdf26bc62b3,458,2023-05-08T19:47:36.611556+01:00,barcode07,rabv_ea,11923,10187,10561,341,359,RABV_EA
a0d3839c-aaf3-4bc6-a791-c5aa63fa1708,1269,2023-05-08T19:47:35.611556+01:00,barcode07,?,11923,0,0,381,392,?
cfc9d944-66fd-4b56-92cd-f72e80810642,465,2023-05-08T19:46:16.611556+01:00,barcode07,rabv_ea,11923,1569,1958,378,381,RABV_EA
c67572b6-ba60-40f8-b7b7-322f2e186368,463,2023-05-08T19:46:07.611556+01:00,barcode07,rabv_ea,11923,5819,6207,359,377,RABV_EA
a53aeab6-c740-45ba-90ea-16f34feda2e6,905,2023-05-08T19:46:14.611556+01:00,barcode07,?,11923,0,0,393,399,?
d774917e-d667-43f6-b246-b16fbcba36b6,533,2023-05-08T19:46:18.611556+01:00,barcode07,rabv_ea,11923,10164,10576,379,390,RABV_EA
70321d4b-5533-40fc-b6b4-ac74b3a737c9,460,2023-05-08T19:46:30.611556+01:00,barcode07,rabv_ea,11923,10164,10561,385,388,RABV_EA
3037c90a-2dfe-4bbf-97c0-ac7bcfe1bcce,1086,2023-05-08T19:47:32.611556+01:00,barcode07,?,11923,0,0,366,377,?
130ab8c5-cfb0-41ae-8ee8-5003680a529e,459,2023-05-08T19:47:30.611556+01:00,barcode07,rabv_ea,11923,5211,5598,359,371,RABV_EA
d9376a9b-50bc-4e70-97b9-8c9444711366,1333,2023-05-08T19:46:08.611556+01:00,barcode07,?,11923,0,0,385,393,?
adc4240e-80ca-4526-b8ac-21758f7f78e5,460,2023-05-08T19:46:07.611556+01:00,barcode07,rabv_ea,11923,6424,6820,356,380,RABV_EA
60e0532f-2ea7-46ae-a0a2-9b15366ccd82,432,2023-05-08T19:47:29.611556+01:00,barcode07,rabv_ea,11923,7717,8077,353,356,RABV_EA
2389cef5-9503-4e19-940d-34e537933fee,519,2023-05-08T19:46:19.611556+01:00,barcode07,rabv_ea,11923,11096,11494,371,387,RABV_EA
e631e262-7881-4b70-9700-8d20bbd48439,518,2023-05-08T19:47:37.611556+01:00,barcode07,rabv_ea,11923,9855,10260,352,376,RABV_EA
e61eb464-fa13-4d6d-bcf5-e213d2a120ac,476,2023-05-08T19:46:21.611556+01:00,barcode07,rabv_ea,11923,6737,7143,393,403,RABV_EA
d82c37b4-f5b9-4b12-8a19-f5271f76bd80,1645,2023-05-08T19:46:19.611556+01:00,barcode07,?,11923,0,0,377,382,?
6db6ebd0-1455-42aa-81e0-1ed45c1aabd9,558,2023-05-08T19:46:16.611556+01:00,barcode07,rabv_ea,11923,7690,8072,351,370,RABV_EA
c3755a0b-cf74-4e0c-9869-3c1be511637d,447,2023-05-08T19:46:26.611556+01:00,barcode07,rabv_ea,11923,11110,11494,355,367,RABV_EA
71391446-fd59-46e0-9faa-c2eb330b94f0,1346,2023-05-08T19:46:32.611556+01:00,barcode07,?,11923,0,0,381,399,?
366e549f-746b-4afc-b311-8bce5eef1665,454,2023-05-08T19:46:19.611556+01:00,barcode07,rabv_ea,11923,3405,3756,327,343,RABV_EA
1fe63a22-be28-4206-b2b6-202ed0458f2d,459,2023-05-08T19:46:31.611556+01:00,barcode07,rabv_ea,11923,11424,11796,340,360,RABV_EA
2304d90b-5a2e-4df3-ad3f-0c6473de5b84,465,2023-05-08T19:47:30.611556+01:00,barcode07,rabv_ea,11923,9851,10230,348,361,RABV_EA
8ac7dede-6983-45af-8e54-d1122ce67aaf,517,2023-05-08T19:46:26.611556+01:00,barcode07,rabv_ea,11923,8927,9325,384,389,RABV_EA
9fb45f5b-c25e-444b-82b2-ef2949472714,868,2023-05-08T19:47:31.611556+01:00,barcode07,?,11923,0,0,390,404,?
6b55d2da-8726-41f6-bf07-a0096ba311d2,535,2023-05-08T19:46:34.611556+01:00,barcode07,rabv_ea,11923,10172,10575,380,388,RABV_EA
5973f03e-bf6d-4aee-9157-a0b3f0d1213b,1021,2023-05-08T19:46:17.611556+01:00,barcode07,?,11923,0,0,390,395,?
bb5f68f0-0de6-413f-bc7a-2b9ea7218496,251,2023-05-08T19:46:20.611556+01:00,barcode07,rabv_ea,11923,7311,7467,151,155,RABV_EA
3114ae1d-93b7-42c8-bab8-e5a18534d0e6,2483,2023-05-08T19:46:10.611556+01:00,barcode07,?,11923,0,0,391,401,?
2f5c98e7-2e15-4ea2-aeb4-529b5868a679,916,2023-05-08T19:46:28.611556+01:00,barcode07,?,11923,0,0,391,401,?
ef5bac5e-2242-47da-bebf-969a997f1ade,854,2023-05-08T19:46:28.611556+01:00,barcode07,?,11923,0,0,376,395,?
4e5b3ddd-bf59-4c65-b097-f432e48b44d6,1277,2023-05-08T19:46:11.611556+01:00,barcode07,?,11923,0,0,388,399,?
d1685e94-8cc5-406a-b84d-5cba6e108e4d,471,2023-05-08T19:46:14.611556+01:00,barcode07,rabv_ea,11923,4626,5032,382,398,RABV_EA
b51276b0-7207-49e6-884c-960be953ac53,453,2023-05-08T19:46:20.611556+01:00,barcode07,rabv_ea,11923,6424,6820,378,384,RABV_EA
91e569d4-cea9-48d8-aa91-d0c61aa91499,824,2023-05-08T19:46:20.611556+01:00,barcode07,?,11923,0,0,376,396,?
c510f0a3-f584-4051-80e1-11437075987f,200,2023-05-08T19:46:13.611556+01:00,barcode07,rabv_ea,11923,10164,10305,129,130,RABV_EA
505595f2-bdc0-430a-bc40-068f852c1b33,1657,2023-05-08T19:46:09.611556+01:00,barcode07,?,11923,0,0,376,381,?
98ebbe8f-2414-4527-b062-1c923738aa82,455,2023-05-08T19:46:30.611556+01:00,barcode07,rabv_ea,11923,10494,10879,358,371,RABV_EA
0c108866-3e6d-413d-a9bb-5d6704cdc0cd,879,2023-05-08T19:46:26.611556+01:00,barcode07,?,11923,0,0,399,407,?
12a445a2-981c-49e6-9d45-29623000ecda,513,2023-05-08T19:46:30.611556+01:00,barcode07,rabv_ea,11923,10164,10576,371,387,RABV_EA
10d57ee1-57f9-41bb-a2cd-135e6af60dfd,529,2023-05-08T19:46:09.611556+01:00,barcode07,rabv_ea,11923,10164,10570,395,402,RABV_EA
eb07df27-6060-40bb-8667-d7ba2aa314ce,843,2023-05-08T19:46:06.611556+01:00,barcode07,?,11923,0,0,377,389,?
5c1037c7-2020-4c21-b025-3c09ea64a4d4,866,2023-05-08T19:47:32.611556+01:00,barcode07,?,11923,0,0,402,406,?
6fa0f082-9e98-44b0-8bd7-c80d94b5c5a8,862,2023-05-08T19:47:28.611556+01:00,barcode07,?,11923,0,0,392,404,?
8705b4ee-b2a5-40f6-9fb2-9061b69533f8,858,2023-05-08T19:45:58.611556+01:00,barcode07,?,11923,0,0,374,385,?
f1e99208-d728-4e5a-a6da-db4cfe895652,457,2023-05-08T19:47:31.611556+01:00,barcode07,rabv_ea,11923,953,1337,355,378,RABV_EA
69f8accb-86bf-415e-b1d3-8d995f2c4b38,462,2023-05-08T19:46:07.611556+01:00,barcode07,rabv_ea,11923,1567,1958,366,379,RABV_EA
27fe65c3-dcd1-4e22-a765-1d8bdbc5da82,451,2023-05-08T19:46:29.611556+01:00,barcode07,rabv_ea,11923,7702,8068,339,354,RABV_EA
8f49d709-0ada-473e-93c0-ca5988689366,501,2023-05-08T19:46:13.611556+01:00,barcode07,rabv_ea,11923,7690,8081,372,379,RABV_EA
d6619feb-e6f0-4f19-9ca8-031a854e10b4,443,2023-05-08T19:46:10.611556+01:00,barcode07,rabv_ea,11923,5846,6223,341,359,RABV_EA
b7238d29-ccb7-4673-a875-d0a5e987cf24,493,2023-05-08T19:46:27.611556+01:00,barcode07,rabv_ea,11923,7690,8081,365,374,RABV_EA
67c1907c-20d6-45f6-ae71-c5af1976b507,443,2023-05-08T19:47:21.611556+01:00,barcode07,rabv_ea,11923,10164,10549,350,367,RABV_EA
f2c30583-b205-43f9-bc9a-ba5ae0573111,451,2023-05-08T19:47:21.611556+01:00,barcode07,rabv_ea,11923,1551,1936,361,369,RABV_EA
4e0dc38d-77e7-4359-a8a5-f869c8e9c7a0,322,2023-05-08T19:46:07.611556+01:00,barcode07,rabv_ea,11923,7690,7955,244,259,RABV_EA
f7e81e75-8124-4f63-b263-a2b3aff7c735,1284,2023-05-08T19:47:30.611556+01:00,barcode07,?,11923,0,0,390,397,?
81d1825b-2655-437c-bbdf-0afb31e2350a,476,2023-05-08T19:47:30.611556+01:00,barcode07,rabv_ea,11923,10164,10559,363,384,RABV_EA
46ffd20f-209e-493e-b32d-185e99a5775f,1319,2023-05-08T19:46:02.611556+01:00,barcode07,?,11923,0,0,339,351,?
4a643c66-ead1-4d24-afb7-5ebc16c08d56,859,2023-05-08T19:46:03.611556+01:00,barcode07,?,11923,0,0,365,384,?
3928e033-e3c0-4474-8fd0-4e3d62928ef0,443,2023-05-08T19:47:33.611556+01:00,barcode07,rabv_ea,11923,7703,8081,367,371,RABV_EA
9ed54b65-c0f6-49b8-b088-d0438491da50,538,2023-05-08T19:47:21.611556+01:00,barcode07,rabv_ea,11923,9857,10263,391,400,RABV_EA
0fa2110d-b812-47f0-8b08-7142017f9635,485,2023-05-08T19:46:06.611556+01:00,barcode07,rabv_ea,11923,7693,8081,357,379,RABV_EA
57ccc7a9-4874-4283-a4ca-0d1130e1455e,472,2023-05-08T19:46:09.611556+01:00,barcode07,rabv_ea,11923,10164,10562,377,388,RABV_EA
dd79d8d1-5e39-40dd-8325-96f6ebaa6bca,977,2023-05-08T19:47:17.611556+01:00,barcode07,?,11923,0,0,388,404,?
d4f095b2-b0a5-404c-aeb4-0d30f5af9e45,321,2023-05-08T19:47:22.611556+01:00,barcode07,rabv_ea,11923,7831,8081,238,244,RABV_EA
80807ab3-0e08-4e41-80a7-2111474bc852,443,2023-05-08T19:46:04.611556+01:00,barcode07,rabv_ea,11923,8940,9325,349,363,RABV_EA
ed6858f6-3b48-4b75-9e81-d98d16b6c7bc,330,2023-05-08T19:47:31.611556+01:00,barcode07,rabv_ea,11923,9159,9325,155,161,RABV_EA
74f691ed-aa3d-43b6-ae9b-8de3bd637207,1264,2023-05-08T19:47:21.611556+01:00,barcode07,?,11923,0,0,368,377,?
aff62859-3aa5-45d5-9a25-54aecd330163,548,2023-05-08T19:46:08.611556+01:00,barcode07,rabv_ea,11923,11239,11492,248,253,RABV_EA
311e92fe-ec7e-46a9-b605-cf28c45f805b,1261,2023-05-08T19:47:19.611556+01:00,barcode07,?,11923,0,0,392,400,?
98b6a97f-2a40-4d63-b8da-d58b3f9261de,469,2023-05-08T19:46:01.611556+01:00,barcode07,rabv_ea,11923,10164,10564,373,395,RABV_EA
8550cab0-bda4-4101-a16b-6736945bf6cf,459,2023-05-08T19:45:59.611556+01:00,barcode07,rabv_ea,11923,9869,10263,389,391,RABV_EA
0a91d947-a1ca-4cb9-acf0-3ed43c8ffd66,532,2023-05-08T19:45:55.611556+01:00,barcode07,rabv_ea,11923,10164,10576,391,400,RABV_EA
329dda44-e459-41e5-9c19-4d2aa6d3f351,1498,2023-05-08T19:45:49.611556+01:00,barcode07,?,11923,0,0,385,393,?
3933bb4a-14b5-4656-bf82-cd2df8079f9d,450,2023-05-08T19:46:12.611556+01:00,barcode07,rabv_ea,11923,5847,6222,340,356,RABV_EA
698e8ee2-2d85-4f7b-925f-ddf961cc841d,1648,2023-05-08T19:45:56.611556+01:00,barcode07,?,11923,0,0,386,389,?
a1e13480-3596-434b-a80a-ac0757f1eb20,465,2023-05-08T19:47:20.611556+01:00,barcode07,rabv_ea,11923,10164,10562,374,391,RABV_EA
7e279797-52c0-4963-a5bb-ae71c80081f3,1246,2023-05-08T19:45:59.611556+01:00,barcode07,?,11923,0,0,386,395,?
f0fd9cee-6968-40b3-8793-b1bc79fe5dd1,529,2023-05-08T19:45:58.611556+01:00,barcode07,rabv_ea,11923,6424,6829,388,397,RABV_EA
cf4390e9-4a23-4546-be89-27b59a49bd8f,834,2023-05-08T19:47:19.611556+01:00,barcode07,?,11923,0,0,377,387,?
1bf7f979-94e3-47d6-9247-726dfe90f5c4,466,2023-05-08T19:46:10.611556+01:00,barcode07,rabv_ea,11923,10164,10558,355,379,RABV_EA
f7534424-8958-4c80-b56f-db32634c5d08,1006,2023-05-08T19:46:10.611556+01:00,barcode07,?,11923,0,0,386,398,?
5792470b-7b8c-4bfd-9cc2-9d234b7879b7,887,2023-05-08T19:46:12.611556+01:00,barcode07,?,11923,0,0,376,382,?
875c1dc0-a2ad-4f69-b6f8-dfce5eabb662,864,2023-05-08T19:45:58.611556+01:00,barcode07,?,11923,0,0,363,379,?
d0a4d380-f38f-4051-9420-1ada1bb0b8f8,527,2023-05-08T19:46:01.611556+01:00,barcode07,rabv_ea,11923,10164,10576,379,397,RABV_EA
71dac62d-797d-4882-acd8-d77be8cfaee7,463,2023-05-08T19:46:15.611556+01:00,barcode07,rabv_ea,11923,1567,1958,379,387,RABV_EA
c496ae99-e282-44c8-be42-d4ec19e6e746,853,2023-05-08T19:45:57.611556+01:00,barcode07,?,11923,0,0,381,389,?
58a3936c-39ea-40b2-95d4-ee6163913eb4,454,2023-05-08T19:45:56.611556+01:00,barcode07,rabv_ea,11923,5212,5608,364,377,RABV_EA
0b0df45b-1c29-4306-8f32-6e1b37c1bf48,526,2023-05-08T19:45:55.611556+01:00,barcode07,rabv_ea,11923,10164,10575,402,405,RABV_EA
7587911f-4a18-4074-a72e-1971d6ba9906,445,2023-05-08T19:45:57.611556+01:00,barcode07,rabv_ea,11923,7703,8081,360,369,RABV_EA
9b3a52c8-342a-400a-b3eb-2019b6d7ca43,2091,2023-05-08T19:45:50.611556+01:00,barcode07,?,11923,0,0,393,395,?
12247ed7-e80f-4b66-807b-1d6953edc1f0,844,2023-05-08T19:45:57.611556+01:00,barcode07,rabv_ea,11923,4341,4730,336,360,RABV_EA
b0f12403-8f9a-47c7-a2c4-1039c00fdbf9,1254,2023-05-08T19:45:56.611556+01:00,barcode07,?,11923,0,0,393,400,?
2ad1577f-b5ef-4c1d-919b-59799340a405,458,2023-05-08T19:46:08.611556+01:00,barcode07,rabv_ea,11923,3399,3791,373,380,RABV_EA
dd057f08-bd1e-4f8e-a323-410056e39d43,448,2023-05-08T19:45:54.611556+01:00,barcode07,rabv_ea,11923,7721,8081,351,353,RABV_EA
4a668336-8188-4bda-b621-6d507cbb9a75,2105,2023-05-08T19:46:09.611556+01:00,barcode07,?,11923,0,0,372,386,?
312ee944-5118-488b-bd06-035245a354d0,3788,2023-05-08T19:45:50.611556+01:00,barcode07,?,11923,0,0,395,406,?
70332055-b77c-41d1-98e2-fe07052997cd,836,2023-05-08T19:47:14.611556+01:00,barcode07,?,11923,0,0,378,390,?
326efede-7180-4497-b0f1-d7c49ebf557d,499,2023-05-08T19:45:55.611556+01:00,barcode07,rabv_ea,11923,10164,10576,371,387,RABV_EA
92727c81-51e5-43d3-8cf6-70f19004513f,443,2023-05-08T19:46:14.611556+01:00,barcode07,rabv_ea,11923,9552,9931,350,362,RABV_EA
f09a84f5-ca12-4ab5-93e5-936828fc8ba1,535,2023-05-08T19:45:55.611556+01:00,barcode07,rabv_ea,11923,10164,10576,375,397,RABV_EA
b6c0359b-1818-4912-9435-657852134564,442,2023-05-08T19:47:13.611556+01:00,barcode07,rabv_ea,11923,7717,8080,341,350,RABV_EA
dee4ca6f-8c4c-4554-83ec-bd4e8131bca2,450,2023-05-08T19:46:14.611556+01:00,barcode07,rabv_ea,11923,5846,6223,336,357,RABV_EA
2b0eee2f-d8d8-44ff-a6e5-914d862c525d,809,2023-05-08T19:47:15.611556+01:00,barcode07,?,11923,0,0,376,385,?
f85e4bb9-228f-4898-873d-512e5a67be6f,440,2023-05-08T19:47:13.611556+01:00,barcode07,rabv_ea,11923,8941,9330,372,375,RABV_EA
2f1bf133-d8e7-416c-9b23-13c5a555c9cc,1268,2023-05-08T19:46:09.611556+01:00,barcode07,?,11923,0,0,388,398,?
0bb2b2f4-2131-4a1a-a75f-be9bc8dd5655,453,2023-05-08T19:45:51.611556+01:00,barcode07,rabv_ea,11923,5196,5595,375,384,RABV_EA
17b67bfe-6cc8-40e2-886b-f5883d057731,933,2023-05-08T19:45:48.611556+01:00,barcode07,?,11923,0,0,389,396,?
c94f0f70-0e09-4a5f-abe2-6b1e08e16aed,467,2023-05-08T19:45:48.611556+01:00,barcode07,rabv_ea,11923,10164,10562,360,375,RABV_EA
b0143e6e-b008-4005-b205-1732e064525b,859,2023-05-08T19:45:48.611556+01:00,barcode07,?,11923,0,0,387,398,?
9cd42163-21ea-4907-8a89-e3e53dca656d,378,2023-05-08T19:45:42.611556+01:00,barcode07,rabv_ea,11923,6520,6828,277,298,RABV_EA
e421ec4d-abfa-46a2-8a8c-fde749c7357e,508,2023-05-08T19:47:06.611556+01:00,barcode07,rabv_ea,11923,4339,4730,362,376,RABV_EA
ac3d8ab2-8b72-483d-891a-b99d5f30fd8c,486,2023-05-08T19:45:53.611556+01:00,barcode07,rabv_ea,11923,6490,6827,317,332,RABV_EA
9e909655-8c4b-45e5-bd29-dc85e708c7fb,453,2023-05-08T19:45:50.611556+01:00,barcode07,rabv_ea,11923,8941,9325,378,383,RABV_EA
768af2b4-1fe5-4628-a05c-6c26d6a27fd5,450,2023-05-08T19:47:15.611556+01:00,barcode07,rabv_ea,11923,319,696,363,372,RABV_EA
05655537-203c-426e-96bc-b42a9c1d5d7c,453,2023-05-08T19:45:43.611556+01:00,barcode07,rabv_ea,11923,1567,1958,372,382,RABV_EA
442ee8b7-8df1-4c21-86d9-6ea65ad61379,497,2023-05-08T19:45:52.611556+01:00,barcode07,rabv_ea,11923,10164,10571,353,371,RABV_EA
67085e73-b429-4ab8-b05d-e7f9b590691b,862,2023-05-08T19:47:03.611556+01:00,barcode07,?,11923,0,0,356,367,?
aaf51484-5840-402c-85eb-ce111a8c2406,851,2023-05-08T19:47:07.611556+01:00,barcode07,?,11923,0,0,377,383,?
e3ae0485-e2ab-44aa-96f8-cde10e8a3687,1242,2023-05-08T19:45:37.611556+01:00,barcode07,?,11923,0,0,387,389,?
73dabbcb-3aa9-49e1-9069-d8212cec0c6e,883,2023-05-08T19:47:06.611556+01:00,barcode07,?,11923,0,0,367,380,?
dadb9048-d03d-4776-92f4-2498bb70af40,459,2023-05-08T19:47:13.611556+01:00,barcode07,rabv_ea,11923,1566,1958,377,382,RABV_EA
e09a476b-6b27-4902-b1cf-dca0022f0d07,454,2023-05-08T19:45:52.611556+01:00,barcode07,rabv_ea,11923,7690,8080,379,383,RABV_EA
a660d50d-a354-4210-9ca2-a17dd9f69f69,867,2023-05-08T19:46:02.611556+01:00,barcode07,?,11923,0,0,387,398,?
424a1fe4-afd6-4b81-99e4-0dfc7dabeb86,529,2023-05-08T19:45:42.611556+01:00,barcode07,rabv_ea,11923,11392,11795,385,397,RABV_EA
c28a35cd-0524-4296-b65c-93fa42871ada,515,2023-05-08T19:45:48.611556+01:00,barcode07,rabv_ea,11923,7690,8081,387,391,RABV_EA
4e9892f9-09ba-4154-9f4e-dac5e81716ac,832,2023-05-08T19:47:13.611556+01:00,barcode07,?,11923,0,0,363,374,?
7c68d443-9450-4483-bfc6-5247e03d7c67,1823,2023-05-08T19:45:52.611556+01:00,barcode07,?,11923,0,0,378,392,?
74c193b5-5c38-4dee-aa0e-fe05fc82c11c,438,2023-05-08T19:45:53.611556+01:00,barcode07,rabv_ea,11923,7704,8072,359,363,RABV_EA
57eeaf40-fd77-426f-8bad-25f8c4944eda,879,2023-05-08T19:47:04.611556+01:00,barcode07,?,11923,0,0,383,393,?
3939cf5c-a216-42d4-b21b-1eaf6cf87681,457,2023-05-08T19:47:14.611556+01:00,barcode07,rabv_ea,11923,7704,8081,357,372,RABV_EA
5ac8104b-d069-4d70-882d-02d7ff7a6a59,468,2023-05-08T19:47:16.611556+01:00,barcode07,rabv_ea,11923,6751,7155,373,385,RABV_EA
91962b39-5a2e-4eda-8d8e-95899bcdd03a,1288,2023-05-08T19:46:04.611556+01:00,barcode07,?,11923,0,0,736,775,?
9c724ea9-b49a-4062-8de1-4ea5c3bac7cc,500,2023-05-08T19:46:03.611556+01:00,barcode07,rabv_ea,11923,7702,8107,387,392,RABV_EA
37e1ed9a-5e69-438b-b002-80bf23a5bf0b,878,2023-05-08T19:47:13.611556+01:00,barcode07,?,11923,0,0,398,418,?
451ed6a9-ff04-4603-875a-33100ef0af3f,450,2023-05-08T19:45:40.611556+01:00,barcode07,rabv_ea,11923,6442,6824,362,371,RABV_EA
6875a196-fceb-47ed-b7ef-4d5ca300ee9f,545,2023-05-08T19:45:35.611556+01:00,barcode07,rabv_ea,11923,10172,10576,392,398,RABV_EA
add0345e-fc8a-4bdf-90b3-9d99d1c1025c,874,2023-05-08T19:45:44.611556+01:00,barcode07,?,11923,0,0,407,417,?
05f4bf2e-a6b6-401c-88cf-77916b95b9e2,267,2023-05-08T19:45:44.611556+01:00,barcode07,rabv_ea,11923,9124,9325,189,192,RABV_EA
7173987d-e203-4cdf-af8e-ff76d1fc9abb,494,2023-05-08T19:45:50.611556+01:00,barcode07,rabv_ea,11923,10164,10581,355,379,RABV_EA
1dc13dc9-03e6-44f0-8543-cc805f733181,1268,2023-05-08T19:47:14.611556+01:00,barcode07,?,11923,0,0,403,410,?
f16cf139-ca9f-4511-a3a1-91818327df89,507,2023-05-08T19:45:51.611556+01:00,barcode07,rabv_ea,11923,6130,6523,361,380,RABV_EA
3d880e3d-6a98-4af2-bdca-a06c2738b37e,481,2023-05-08T19:45:41.611556+01:00,barcode07,rabv_ea,11923,4647,5051,366,387,RABV_EA
dbc02e74-e0d8-41cf-a6b7-a430e52b3ee1,2048,2023-05-08T19:47:02.611556+01:00,barcode07,?,11923,0,0,373,379,?
85805fa3-9698-467c-bd7e-bd9ef975232e,857,2023-05-08T19:47:05.611556+01:00,barcode07,?,11923,0,0,372,380,?
0138caee-dc7a-452a-8dae-4f186882a539,455,2023-05-08T19:45:41.611556+01:00,barcode07,rabv_ea,11923,8941,9325,364,376,RABV_EA
7420503f-a269-43f2-b40e-09762159a68e,457,2023-05-08T19:45:38.611556+01:00,barcode07,rabv_ea,11923,6424,6819,366,382,RABV_EA
98eba2f4-a94e-4293-b33d-0b7d5512a6e9,2096,2023-05-08T19:45:44.611556+01:00,barcode07,?,11923,0,0,393,403,?
8d0ca9e1-ee32-48f5-a93b-e85ddd9dab7a,478,2023-05-08T19:45:36.611556+01:00,barcode07,rabv_ea,11923,8946,9325,357,367,RABV_EA
7227876a-ce96-4f6c-99dc-5aed5160d54f,451,2023-05-08T19:45:40.611556+01:00,barcode07,rabv_ea,11923,1571,1958,369,379,RABV_EA
44cdc39d-b393-40a3-b39b-44012123905f,259,2023-05-08T19:45:49.611556+01:00,barcode07,rabv_ea,11923,7060,7244,170,176,RABV_EA
31ae2f6c-a164-46b9-8277-1ae40efb3c63,510,2023-05-08T19:45:35.611556+01:00,barcode07,rabv_ea,11923,7690,8081,368,377,RABV_EA
4e46c2d3-cf34-4c6e-bcbd-69a570d711b0,519,2023-05-08T19:47:04.611556+01:00,barcode07,rabv_ea,11923,7690,8003,304,307,RABV_EA
0b755006-b1ef-41c4-95e5-173cb4e821ae,455,2023-05-08T19:45:46.611556+01:00,barcode07,rabv_ea,11923,7705,8081,356,365,RABV_EA
541d453b-4544-4721-9300-00554cce7a70,535,2023-05-08T19:45:33.611556+01:00,barcode07,rabv_ea,11923,10170,10576,390,395,RABV_EA
9d687437-74ee-42c8-902f-2df25733b5c2,451,2023-05-08T19:47:00.611556+01:00,barcode07,rabv_ea,11923,6133,6512,352,368,RABV_EA
ffbccced-b779-46da-8ecc-ae5b56076685,1175,2023-05-08T19:47:06.611556+01:00,barcode07,?,11923,0,0,364,379,?
cff4dd9f-613f-4a65-bd1f-e96f62928250,447,2023-05-08T19:45:42.611556+01:00,barcode07,rabv_ea,11923,8941,9325,370,379,RABV_EA
70b83005-3185-4013-94d6-23d5598bd3a3,496,2023-05-08T19:47:06.611556+01:00,barcode07,rabv_ea,11923,8927,9313,351,374,RABV_EA
dacc96ba-7981-46e3-8043-40d1bcfed0ab,462,2023-05-08T19:45:47.611556+01:00,barcode07,rabv_ea,11923,10164,10562,374,386,RABV_EA
f82f0783-1284-43cf-a698-c31db39ac265,822,2023-05-08T19:45:46.611556+01:00,barcode07,?,11923,0,0,341,351,?
acf75064-1e86-4622-aeb9-de2b73efd46d,478,2023-05-08T19:45:47.611556+01:00,barcode07,rabv_ea,11923,3421,3791,355,367,RABV_EA
3f779c0c-6f01-40b0-839e-85b0ebe0985b,816,2023-05-08T19:45:48.611556+01:00,barcode07,?,11923,0,0,355,367,?
610e3c89-15bc-4ec3-bfd9-64c2a05445bf,496,2023-05-08T19:47:08.611556+01:00,barcode07,rabv_ea,11923,10164,10564,380,392,RABV_EA
cc46a9cc-a123-4378-9002-be1ff04f6341,404,2023-05-08T19:45:47.611556+01:00,barcode07,rabv_ea,11923,7753,8081,299,316,RABV_EA
95ebf72c-9f92-4dfb-8596-5aa2d5d3a433,471,2023-05-08T19:45:48.611556+01:00,barcode07,rabv_ea,11923,11392,11782,367,382,RABV_EA
4abbf897-5300-4262-bb10-ee09304f0777,1608,2023-05-08T19:45:29.611556+01:00,barcode07,?,11923,0,0,689,706,?
c542cc41-b66a-426b-8e51-09d3490b392f,1671,2023-05-08T19:45:42.611556+01:00,barcode07,?,11923,0,0,1038,1146,?
09686384-1b9b-47b7-9f02-34a711878b00,826,2023-05-08T19:45:31.611556+01:00,barcode07,rabv_ea,11923,4742,5596,618,646,RABV_EA
375a22b0-08fb-4b96-b7e0-eab10f97a627,833,2023-05-08T19:45:48.611556+01:00,barcode07,?,11923,0,0,359,368,?
4fe8a814-d820-40d2-bc8d-401191f4ccef,478,2023-05-08T19:45:35.611556+01:00,barcode07,rabv_ea,11923,4626,5043,368,397,RABV_EA
0b142575-605a-4471-8360-f3e0ce794ba5,464,2023-05-08T19:45:47.611556+01:00,barcode07,rabv_ea,11923,10164,10561,369,385,RABV_EA
ebe6f2fe-5f10-469e-a4ae-ac6bc3ab521a,523,2023-05-08T19:45:49.611556+01:00,barcode07,rabv_ea,11923,8929,9325,359,387,RABV_EA
6d809934-a8c4-4b2f-bf98-d404a6151eec,1337,2023-05-08T19:45:30.611556+01:00,barcode07,?,11923,0,0,399,406,?
6620fc5c-2987-47f1-b986-e6b8e676c79d,844,2023-05-08T19:45:32.611556+01:00,barcode07,?,11923,0,0,380,382,?
3ae8f9d3-dcd7-4c2b-84d0-8f336678ac38,1251,2023-05-08T19:45:36.611556+01:00,barcode07,?,11923,0,0,390,393,?
ddc4c76d-5069-4a8a-9124-bae3aaee340e,517,2023-05-08T19:45:29.611556+01:00,barcode07,rabv_ea,11923,7690,8080,356,367,RABV_EA
36dff1e3-9f96-4305-b619-406638cc7043,1270,2023-05-08T19:46:55.611556+01:00,barcode07,?,11923,0,0,388,395,?
c4053c14-df62-4571-a21b-8e8a990290d5,715,2023-05-08T19:45:33.611556+01:00,barcode07,?,11923,0,0,311,327,?
e13b990c-8757-4c17-8408-64afc221323e,451,2023-05-08T19:45:30.611556+01:00,barcode07,rabv_ea,11923,7690,8081,365,374,RABV_EA
eb6a1863-24bf-4b44-a1ee-3424db2aad80,452,2023-05-08T19:45:32.611556+01:00,barcode07,rabv_ea,11923,1565,1958,364,376,RABV_EA
02be8a28-257b-4a0b-b797-feeef91eb83b,497,2023-05-08T19:45:27.611556+01:00,barcode07,rabv_ea,11923,6133,6515,346,363,RABV_EA
a18659f6-7370-40b8-bef8-6e0ab12e45be,474,2023-05-08T19:45:27.611556+01:00,barcode07,rabv_ea,11923,1565,1958,373,383,RABV_EA
38d8bbe2-7826-421a-a611-96ea9600deff,419,2023-05-08T19:45:25.611556+01:00,barcode07,rabv_ea,11923,7690,8061,331,346,RABV_EA
4e0bb572-b17e-4945-beb5-f3d4cc4f5055,1737,2023-05-08T19:45:22.611556+01:00,barcode07,?,11923,0,0,389,396,?
8f123227-c64d-4d16-99ab-8398a56ec769,455,2023-05-08T19:45:27.611556+01:00,barcode07,rabv_ea,11923,8941,9326,360,370,RABV_EA
17e474fc-6a4b-4cc9-8c77-78748473b51a,868,2023-05-08T19:45:26.611556+01:00,barcode07,?,11923,0,0,374,391,?
7eeb101e-9bcb-4f41-95b3-420b748d6e5c,529,2023-05-08T19:45:27.611556+01:00,barcode07,rabv_ea,11923,10164,10574,393,401,RABV_EA
26927034-4ef8-4bc5-b1fc-8120eb3620fe,455,2023-05-08T19:45:27.611556+01:00,barcode07,rabv_ea,11923,5198,5592,358,379,RABV_EA
f914ba83-f91b-4708-987a-2d65c66341e3,434,2023-05-08T19:45:25.611556+01:00,barcode07,rabv_ea,11923,7706,8079,348,360,RABV_EA
011a895a-4439-433b-bdd5-badbf4932d6a,597,2023-05-08T19:45:12.611556+01:00,barcode07,rabv_ea,11923,10164,10576,368,381,RABV_EA
95334c09-5ba1-4e0d-9d58-8842ef7e63c1,455,2023-05-08T19:45:22.611556+01:00,barcode07,rabv_ea,11923,8940,9324,366,375,RABV_EA
e52de5f9-3e16-4198-a62b-91add7bdd2a0,436,2023-05-08T19:45:32.611556+01:00,barcode07,*,0,0,0,0,0,*
590d540e-79b0-41df-a2d2-961b100bffe2,453,2023-05-08T19:45:30.611556+01:00,barcode07,rabv_ea,11923,1564,1958,360,376,RABV_EA
b1106dc9-6f89-482e-be0b-2fab3cbdcbd9,523,2023-05-08T19:45:17.611556+01:00,barcode07,rabv_ea,11923,10164,10571,354,382,RABV_EA
b46c5340-7f72-44cf-89fb-8159955f164d,398,2023-05-08T19:45:30.611556+01:00,barcode07,rabv_ea,11923,4525,4730,193,198,RABV_EA
5a8b9add-5012-4804-b9da-e7d128d71dce,1099,2023-05-08T19:45:28.611556+01:00,barcode07,?,11923,0,0,399,405,?
4c364e39-9102-4a39-804a-25dae4b2c23b,1241,2023-05-08T19:46:55.611556+01:00,barcode07,?,11923,0,0,367,377,?
8d35855d-5a00-4a50-8e71-c0c287cc8e03,448,2023-05-08T19:45:30.611556+01:00,barcode07,rabv_ea,11923,7721,8082,349,356,RABV_EA
906f803c-8113-4a66-9b0f-34800e49c943,506,2023-05-08T19:46:56.611556+01:00,barcode07,rabv_ea,11923,7694,8081,352,365,RABV_EA
1326b9c8-39e9-4e71-82a6-f33cea292e4a,1253,2023-05-08T19:45:30.611556+01:00,barcode07,?,11923,0,0,363,368,?
8b1aeb6c-ea08-46c7-a8c6-1739a1dfcf26,517,2023-05-08T19:45:31.611556+01:00,barcode07,rabv_ea,11923,7690,8081,378,383,RABV_EA
291b1014-8d5f-4a48-b9b0-ca0bfa4ce0c1,445,2023-05-08T19:45:20.611556+01:00,barcode07,rabv_ea,11923,1576,1958,339,359,RABV_EA
ef0cdebc-e301-4f72-8ce2-75a80316c322,2199,2023-05-08T19:45:06.611556+01:00,barcode07,?,11923,0,0,384,393,?
3d10a718-48c5-43bd-9f40-ca2bb3a272d5,912,2023-05-08T19:47:01.611556+01:00,barcode07,?,11923,0,0,392,401,?
3cfc9289-cdb4-4fcb-8279-aea7ad99a9c4,461,2023-05-08T19:45:32.611556+01:00,barcode07,rabv_ea,11923,1569,1958,363,377,RABV_EA
244bb949-ce7b-465f-a3cc-69eedc747cb4,516,2023-05-08T19:45:35.611556+01:00,barcode07,rabv_ea,11923,7690,8081,386,388,RABV_EA
27074cf7-069a-450d-b962-854dce2971db,457,2023-05-08T19:45:35.611556+01:00,barcode07,rabv_ea,11923,1565,1958,385,391,RABV_EA
bc952c44-77be-451c-8a9b-64bf1b107404,1571,2023-05-08T19:45:25.611556+01:00,barcode07,?,11923,0,0,615,650,?
6ee1ac4c-564d-4c3d-be60-1de069959508,1680,2023-05-08T19:45:24.611556+01:00,barcode07,?,11923,0,0,378,399,?
282d4ff9-5b4f-4793-b78d-8f2e1af65b17,944,2023-05-08T19:45:31.611556+01:00,barcode07,?,11923,0,0,378,397,?
e47cc9c0-46f7-4fc8-9fe3-22ff7f06d98a,1359,2023-05-08T19:46:54.611556+01:00,barcode07,?,11923,0,0,379,401,?
d949107c-cf67-424c-9feb-7fed19338b99,677,2023-05-08T19:45:47.611556+01:00,barcode07,rabv_ea,11923,1618,1958,310,329,RABV_EA
41f389f5-9572-4518-a21e-335a4b80400c,855,2023-05-08T19:45:46.611556+01:00,barcode07,?,11923,0,0,366,382,?
aeda9d60-205c-4b35-9385-bc7790ccecf9,440,2023-05-08T19:45:27.611556+01:00,barcode07,rabv_ea,11923,1567,1958,364,375,RABV_EA
13b7b39f-61ac-4897-8587-0d749c770746,895,2023-05-08T19:45:23.611556+01:00,barcode07,?,11923,0,0,386,402,?
a7017603-1461-483d-9728-7623c94b2429,444,2023-05-08T19:46:58.611556+01:00,barcode07,rabv_ea,11923,76,459,361,371,RABV_EA
066f3e47-a0c9-45b8-809b-6ca904a1bd4a,474,2023-05-08T19:45:28.611556+01:00,barcode07,rabv_ea,11923,4631,5036,383,397,RABV_EA
54e32a8f-2204-4e80-a879-17ede7f639ee,854,2023-05-08T19:45:10.611556+01:00,barcode07,?,11923,0,0,369,379,?
18c0f240-554d-46cf-889d-dc8cfc9e4de3,890,2023-05-08T19:45:07.611556+01:00,barcode07,?,11923,0,0,379,388,?
42fe1463-e58a-464a-8f67-f8b6bdedc75b,416,2023-05-08T19:45:05.611556+01:00,barcode07,rabv_ea,11923,7753,8081,321,327,RABV_EA
a5aeaba0-8e0c-4700-b759-d90508432d68,465,2023-05-08T19:45:10.611556+01:00,barcode07,rabv_ea,11923,9851,10243,386,388,RABV_EA
ee86167b-2ef3-4f67-bcf6-64d5ad485065,855,2023-05-08T19:45:21.611556+01:00,barcode07,?,11923,0,0,363,367,?
8f37ccf7-c8c9-466c-bef8-b3e08ff16aa2,887,2023-05-08T19:45:22.611556+01:00,barcode07,?,11923,0,0,362,366,?
e37c34ce-be99-4f70-9bcb-6205e03c1749,450,2023-05-08T19:45:20.611556+01:00,barcode07,rabv_ea,11923,10182,10564,333,351,RABV_EA
9c3bee3a-2240-4f14-ad49-31cd0ce01a74,461,2023-05-08T19:45:22.611556+01:00,barcode07,rabv_ea,11923,10164,10562,363,379,RABV_EA
43becd9d-20e4-46fc-8c4f-88dd27d1c852,474,2023-05-08T19:45:22.611556+01:00,barcode07,rabv_ea,11923,10164,10562,381,391,RABV_EA
d4904c3a-3af3-49bf-a0ee-658685e467f2,540,2023-05-08T19:45:21.611556+01:00,barcode07,rabv_ea,11923,9851,10263,403,409,RABV_EA
4d5243c0-5fcb-4091-8f22-30ee244347e8,466,2023-05-08T19:45:21.611556+01:00,barcode07,rabv_ea,11923,5212,5608,384,387,RABV_EA
88fd0981-fa9c-4fb7-bc11-e75ff350b312,429,2023-05-08T19:45:20.611556+01:00,barcode07,rabv_ea,11923,7713,8081,343,356,RABV_EA
f9b87965-eddf-41f2-bbe9-bf03af8e3407,531,2023-05-08T19:45:22.611556+01:00,barcode07,rabv_ea,11923,10172,10572,375,386,RABV_EA
f78ffbda-0099-4f29-8cc9-79e0ac7b8b86,851,2023-05-08T19:45:23.611556+01:00,barcode07,?,11923,0,0,367,383,?
bebb3139-2afe-424d-9b36-fea4334b60c9,1577,2023-05-08T19:45:07.611556+01:00,barcode07,?,11923,0,0,380,393,?
b9064cd2-980f-4556-8ae5-7abf97332546,1709,2023-05-08T19:45:08.611556+01:00,barcode07,?,11923,0,0,389,396,?
80d263cf-bdae-436d-84cf-a4cfc0e08802,839,2023-05-08T19:45:16.611556+01:00,barcode07,?,11923,0,0,363,369,?
05f39f8f-1794-401a-8852-cd1546909f43,512,2023-05-08T19:45:09.611556+01:00,barcode07,rabv_ea,11923,7690,8079,370,382,RABV_EA
26184206-2f4a-4bab-b879-26e1269ab3fe,457,2023-05-08T19:45:10.611556+01:00,barcode07,rabv_ea,11923,6437,6828,371,381,RABV_EA
8fec9ffc-55c8-43ce-a768-ffb34b7e08b6,440,2023-05-08T19:46:41.611556+01:00,barcode07,rabv_ea,11923,7705,8081,370,371,RABV_EA
4d47fc10-1d99-4de9-bcd9-2c6d5f8280a2,448,2023-05-08T19:45:01.611556+01:00,barcode07,rabv_ea,11923,11096,11480,352,368,RABV_EA
4adc28e3-5535-41c6-a6f9-730bb6ffcec2,868,2023-05-08T19:45:20.611556+01:00,barcode07,?,11923,0,0,400,404,?
3ffc9724-bca0-49fe-9e31-68945773a073,539,2023-05-08T19:46:24.611556+01:00,barcode07,rabv_ea,11923,9851,10264,386,401,RABV_EA
da4e2f19-77c5-47a4-b9bc-95a27b95cb07,530,2023-05-08T19:46:24.611556+01:00,barcode07,rabv_ea,11923,10164,10576,371,395,RABV_EA
a4d523c2-565c-4ad9-80ae-205c5b3a25e0,1329,2023-05-08T19:45:02.611556+01:00,barcode07,?,11923,0,0,396,404,?
83b89fa5-eaae-451b-b317-5128f6e494ce,442,2023-05-08T19:45:26.611556+01:00,barcode07,rabv_ea,11923,7706,8081,361,365,RABV_EA
28e42dde-f765-491f-a714-ccddcce078d9,502,2023-05-08T19:46:27.611556+01:00,barcode07,rabv_ea,11923,7689,8081,370,381,RABV_EA
7cde771a-37f2-4f03-a9ef-140d2d867d57,445,2023-05-08T19:45:24.611556+01:00,barcode07,rabv_ea,11923,7715,8081,362,364,RABV_EA
ef38ebde-1acd-456a-b320-a7d29c965dd4,519,2023-05-08T19:45:21.611556+01:00,barcode07,rabv_ea,11923,10164,10576,372,396,RABV_EA
d281bb3a-2c79-4e73-ab9b-ecd48c4270d8,853,2023-05-08T19:45:03.611556+01:00,barcode07,?,11923,0,0,373,395,?
c78b3e6b-220f-4264-bb2f-904afaa4e0c1,516,2023-05-08T19:45:23.611556+01:00,barcode07,rabv_ea,11923,6425,6833,373,386,RABV_EA
3b31f78b-43a0-4c9a-9a21-53b7934d34c3,437,2023-05-08T19:45:21.611556+01:00,barcode07,rabv_ea,11923,7704,8081,359,365,RABV_EA
8e1a1e51-1286-40a9-8431-31fae9872c3c,831,2023-05-08T19:45:01.611556+01:00,barcode07,?,11923,0,0,354,371,?
975eab87-2689-42a9-b8ff-318e82f5aa8b,907,2023-05-08T19:46:19.611556+01:00,barcode07,?,11923,0,0,366,374,?
4a367e77-71d0-4b22-a0cf-79f8e1a6a792,550,2023-05-08T19:45:04.611556+01:00,barcode07,rabv_ea,11923,10164,10578,365,383,RABV_EA
998628c7-6e62-460c-972d-dcfe942a420d,522,2023-05-08T19:46:19.611556+01:00,barcode07,rabv_ea,11923,11096,11494,378,392,RABV_EA
93258883-40e9-413a-884f-87b4cd35287d,899,2023-05-08T19:46:22.611556+01:00,barcode07,?,11923,0,0,394,400,?
5971acc5-63f5-4003-96f7-8abecfedd527,468,2023-05-08T19:45:02.611556+01:00,barcode07,rabv_ea,11923,8949,9325,353,364,RABV_EA
481c435f-26b4-4386-93b7-aaca5e547900,1159,2023-05-08T19:46:15.611556+01:00,barcode07,?,11923,0,0,394,405,?
92b832e7-293a-4487-9dd1-6344a0b5eddb,528,2023-05-08T19:45:02.611556+01:00,barcode07,rabv_ea,11923,1556,1958,383,393,RABV_EA
a62dc934-e978-4cd9-8bd7-890cb7f8b7ba,525,2023-05-08T19:45:15.611556+01:00,barcode07,rabv_ea,11923,10164,10576,370,389,RABV_EA
c35eec5d-32cb-4dbd-b3f8-6f052b21fd59,247,2023-05-08T19:46:19.611556+01:00,barcode07,rabv_ea,11923,3614,3791,166,171,RABV_EA
5c2fa0df-d35e-4233-bd71-75716996c941,451,2023-05-08T19:45:13.611556+01:00,barcode07,rabv_ea,11923,8941,9325,350,363,RABV_EA
ffe22510-5fd7-4ce9-9bf5-323cf8348770,851,2023-05-08T19:46:18.611556+01:00,barcode07,rabv_ea,11923,4344,4730,363,379,RABV_EA
a56d7be2-d013-483d-9507-df4b5f4b9f49,470,2023-05-08T19:45:06.611556+01:00,barcode07,rabv_ea,11923,9851,10240,367,376,RABV_EA
d84a1c9f-05b2-4409-8509-12451a5740ad,522,2023-05-08T19:46:21.611556+01:00,barcode07,rabv_ea,11923,10164,10576,389,397,RABV_EA
2c9f527c-94f8-410f-aa09-28a48fdf3e7a,461,2023-05-08T19:45:15.611556+01:00,barcode07,rabv_ea,11923,1569,1958,356,375,RABV_EA
64e5d52b-6d2c-45fa-b88e-a1efe30d7141,879,2023-05-08T19:45:21.611556+01:00,barcode07,rabv_ea,11923,4904,5597,652,670,RABV_EA
0955a3be-0301-4a79-a900-21c1631671e2,454,2023-05-08T19:45:03.611556+01:00,barcode07,rabv_ea,11923,1566,1958,371,384,RABV_EA
8cd96a7c-dc74-40d6-b7fb-cd36c7ce4ece,510,2023-05-08T19:45:21.611556+01:00,barcode07,rabv_ea,11923,7690,8081,362,380,RABV_EA
7389d96e-efba-42f2-84e6-33aac9e4b3f7,1265,2023-05-08T19:45:12.611556+01:00,barcode07,?,11923,0,0,375,400,?
49012bf4-2975-463c-9655-c25f98e2f182,434,2023-05-08T19:45:05.611556+01:00,barcode07,rabv_ea,11923,11114,11494,361,369,RABV_EA
14080292-9e1a-4317-ad78-624803680dba,498,2023-05-08T19:46:22.611556+01:00,barcode07,rabv_ea,11923,7690,8080,357,379,RABV_EA
22b23f0c-9842-4556-95b7-048556bab728,408,2023-05-08T19:46:18.611556+01:00,barcode07,rabv_ea,11923,6490,6829,321,327,RABV_EA
8e59fa47-8477-4bf6-ac7b-d4879fa80997,523,2023-05-08T19:45:05.611556+01:00,barcode07,rabv_ea,11923,6424,6830,378,390,RABV_EA
65fbc002-0a2a-48b8-af7d-4652bc5821bd,865,2023-05-08T19:44:59.611556+01:00,barcode07,?,11923,0,0,393,403,?
206fe813-f8b8-49e4-aa84-993f0505ab76,1271,2023-05-08T19:46:13.611556+01:00,barcode07,?,11923,0,0,384,395,?
4f7ccc00-652b-4566-88dd-dce1fa2a798e,1629,2023-05-08T19:45:12.611556+01:00,barcode07,?,11923,0,0,359,369,?
a2e21473-f027-4fc7-b4c2-004efa0adc3c,448,2023-05-08T19:45:15.611556+01:00,barcode07,rabv_ea,11923,11405,11793,361,378,RABV_EA
9649f3be-eb06-477c-a5c4-f10adc856e5f,1269,2023-05-08T19:44:56.611556+01:00,barcode07,?,11923,0,0,371,403,?
14e4fb5b-4655-4046-848e-822883cda71a,454,2023-05-08T19:45:05.611556+01:00,barcode07,rabv_ea,11923,4908,5298,372,382,RABV_EA
e7fa911b-f9d3-4d09-bf29-5aeec204e424,1234,2023-05-08T19:44:53.611556+01:00,barcode07,?,11923,0,0,370,379,?
665656e6-52d6-4924-b22e-feec3b90a042,465,2023-05-08T19:45:03.611556+01:00,barcode07,rabv_ea,11923,5196,5592,373,382,RABV_EA
f7f3b5e2-fd57-4baa-ae85-2e2391cd2a02,474,2023-05-08T19:44:53.611556+01:00,barcode07,rabv_ea,11923,4646,5029,346,367,RABV_EA
976e7c60-0201-4b54-8d4a-760f0a7e3d49,451,2023-05-08T19:45:00.611556+01:00,barcode07,rabv_ea,11923,1569,1958,352,364,RABV_EA
fb893549-5453-4327-9f8a-d98b6bdadbf9,529,2023-05-08T19:44:55.611556+01:00,barcode07,rabv_ea,11923,7690,8073,341,365,RABV_EA
37340172-72de-4eca-b87f-4b3b4c1b0504,483,2023-05-08T19:46:22.611556+01:00,barcode07,rabv_ea,11923,7690,8081,380,388,RABV_EA
ee8c4892-b141-4a66-ab61-f67ed4f0627b,836,2023-05-08T19:45:12.611556+01:00,barcode07,?,11923,0,0,370,379,?
36c9d407-4ded-4a15-a416-122ebedcf729,430,2023-05-08T19:44:58.611556+01:00,barcode07,rabv_ea,11923,6149,6528,333,357,RABV_EA
ce672c93-22ae-4d5e-9a61-9422d25e2b79,415,2023-05-08T19:45:14.611556+01:00,barcode07,rabv_ea,11923,7203,7467,249,254,RABV_EA
7dd58c2c-3a1e-496e-8448-e7f76e9173bc,498,2023-05-08T19:45:16.611556+01:00,barcode07,rabv_ea,11923,7690,8077,366,372,RABV_EA
1e771832-3d2d-4b8d-9ea5-3cb83596142f,502,2023-05-08T19:45:00.611556+01:00,barcode07,rabv_ea,11923,10165,10573,384,396,RABV_EA
f7f94cf2-2eaa-4fc0-97bc-6694af7387f9,466,2023-05-08T19:45:02.611556+01:00,barcode07,rabv_ea,11923,7690,8077,367,373,RABV_EA
a8bdedc0-f9d0-410b-930f-3dbce5e29e4c,445,2023-05-08T19:45:03.611556+01:00,barcode07,rabv_ea,11923,7703,8081,364,371,RABV_EA
ba3c763e-e062-4afc-8fbf-42ed5b30f538,437,2023-05-08T19:45:14.611556+01:00,barcode07,rabv_ea,11923,7714,8081,338,349,RABV_EA
1478e060-f1d2-4831-b024-329caebf93f5,384,2023-05-08T19:46:19.611556+01:00,barcode07,rabv_ea,11923,9183,9325,133,139,RABV_EA
a81a4412-a4b4-4825-a742-e7ddb7b99c7f,517,2023-05-08T19:45:02.611556+01:00,barcode07,rabv_ea,11923,4347,4731,364,375,RABV_EA
190e48ad-18e3-4105-b5e1-dbb34a1e913a,1996,2023-05-08T19:46:14.611556+01:00,barcode07,?,11923,0,0,396,402,?
c459cd59-425d-4a1d-b02d-b2e72009b175,1359,2023-05-08T19:45:11.611556+01:00,barcode07,?,11923,0,0,388,401,?
871fda78-c211-42f8-a416-6bc4f52136d0,2833,2023-05-08T19:45:59.611556+01:00,barcode07,?,11923,0,0,381,393,?
a77a1b13-339a-405a-bf88-92505ffd516a,228,2023-05-08T19:44:57.611556+01:00,barcode07,rabv_ea,11923,7930,8081,145,150,RABV_EA
1e777221-1a96-41b3-8f81-781587c8ed63,469,2023-05-08T19:46:14.611556+01:00,barcode07,rabv_ea,11923,10164,10562,366,388,RABV_EA
8dfce51d-7642-4615-acda-0d8a54b35d65,498,2023-05-08T19:45:03.611556+01:00,barcode07,rabv_ea,11923,6133,6446,281,295,RABV_EA
de79e729-d488-43a3-a4f2-b75383c3bdad,465,2023-05-08T19:44:40.611556+01:00,barcode07,rabv_ea,11923,10176,10575,378,387,RABV_EA
d20ec4c0-1512-4e3d-b114-830515c1636d,294,2023-05-08T19:45:01.611556+01:00,barcode07,rabv_ea,11923,9198,9325,119,126,RABV_EA
f6ec55c3-7629-42db-bf5d-0312e7f960e7,1065,2023-05-08T19:44:51.611556+01:00,barcode07,?,11923,0,0,348,376,?
1fb64302-f371-403f-9cc1-50932d44eb6c,851,2023-05-08T19:44:46.611556+01:00,barcode07,?,11923,0,0,381,397,?
cdc9184b-d80e-415e-9d4e-1689ea0650e5,534,2023-05-08T19:46:06.611556+01:00,barcode07,rabv_ea,11923,10164,10558,347,370,RABV_EA
405d8dd0-f005-458c-a28e-625040052af6,1722,2023-05-08T19:44:55.611556+01:00,barcode07,?,11923,0,0,389,401,?
212ab5f0-9b39-47a0-a144-e0798af7ab34,471,2023-05-08T19:46:05.611556+01:00,barcode07,rabv_ea,11923,1567,1958,374,383,RABV_EA
f756552c-006b-43b7-94db-c5b858e154e8,914,2023-05-08T19:44:52.611556+01:00,barcode07,?,11923,0,0,341,358,?
d1444ce9-5e64-4294-a607-943ede58ea01,446,2023-05-08T19:44:45.611556+01:00,barcode07,rabv_ea,11923,7701,8064,340,352,RABV_EA
5c6907d8-c232-4c8c-8aea-3ea6d95ba104,849,2023-05-08T19:44:58.611556+01:00,barcode07,?,11923,0,0,359,367,?
3ab9dcc2-a6f0-4b00-94b7-6493f684721b,461,2023-05-08T19:44:53.611556+01:00,barcode07,rabv_ea,11923,5838,6223,365,375,RABV_EA
a935fff9-46fc-42aa-becc-208e53d66469,442,2023-05-08T19:44:41.611556+01:00,barcode07,rabv_ea,11923,1561,1942,346,362,RABV_EA
0a57ed86-cf72-4d05-8acf-f263ec80f901,462,2023-05-08T19:44:40.611556+01:00,barcode07,rabv_ea,11923,4626,5035,383,394,RABV_EA
69744d48-591b-4121-ae5c-aad463a67098,449,2023-05-08T19:46:05.611556+01:00,barcode07,rabv_ea,11923,5196,5593,339,366,RABV_EA
e303e8d4-6ab2-48fd-9b6b-009827218395,1321,2023-05-08T19:45:00.611556+01:00,barcode07,?,11923,0,0,391,394,?
f264c73f-17d2-4e13-9eae-4e5e0709efff,2296,2023-05-08T19:44:38.611556+01:00,barcode07,?,11923,0,0,364,385,?
127469cf-b913-4995-9154-de58b423708c,513,2023-05-08T19:44:39.611556+01:00,barcode07,rabv_ea,11923,7690,8081,370,378,RABV_EA
266bf6ff-f072-49c4-8010-34961286c0eb,885,2023-05-08T19:44:59.611556+01:00,barcode07,?,11923,0,0,334,349,?
cca7783d-22cd-4ea2-b161-ae02c77e1ec8,1098,2023-05-08T19:46:03.611556+01:00,barcode07,?,11923,0,0,582,611,?
20f2efbb-df0e-40f5-8e76-0aa60d9f96dc,454,2023-05-08T19:44:56.611556+01:00,barcode07,rabv_ea,11923,7706,8068,337,353,RABV_EA
bdac5bfc-2525-4548-8e86-7c598a97abf6,1241,2023-05-08T19:46:01.611556+01:00,barcode07,?,11923,0,0,370,391,?
7b18ac30-128c-42cb-a937-354ced711f1f,429,2023-05-08T19:44:54.611556+01:00,barcode07,rabv_ea,11923,4339,4707,325,341,RABV_EA
6e76b0cd-50b0-42dc-a3bb-4d534ac550be,498,2023-05-08T19:44:40.611556+01:00,barcode07,rabv_ea,11923,7690,8081,357,378,RABV_EA
f09f255f-c474-40e3-b870-2cbcba7e029b,868,2023-05-08T19:44:39.611556+01:00,barcode07,?,11923,0,0,395,407,?
70fdef93-d56d-48ac-889c-fa4006f4e48a,457,2023-05-08T19:46:01.611556+01:00,barcode07,rabv_ea,11923,5196,5592,364,379,RABV_EA
5253fba0-5b8a-4c6f-9165-22d6dca17bae,446,2023-05-08T19:44:38.611556+01:00,barcode07,rabv_ea,11923,1569,1958,357,365,RABV_EA
1b0ba18d-529d-4905-8f93-ed1477304a1d,866,2023-05-08T19:44:54.611556+01:00,barcode07,?,11923,0,0,387,406,?
4cd0e2c5-2222-40f2-a371-ad03c01f697b,457,2023-05-08T19:44:40.611556+01:00,barcode07,rabv_ea,11923,1569,1958,369,377,RABV_EA
53814288-28bf-44cb-8fab-bc1bbb05bb5f,457,2023-05-08T19:44:37.611556+01:00,barcode07,rabv_ea,11923,5842,6223,365,371,RABV_EA
a9951907-aa6a-451c-8b14-8f15be3f196f,869,2023-05-08T19:44:30.611556+01:00,barcode07,?,11923,0,0,377,385,?
209c583d-a99c-4cb3-aca1-e5b6286266e6,941,2023-05-08T19:44:38.611556+01:00,barcode07,?,11923,0,0,370,379,?
f7c9aa7b-6519-424d-998e-d5c3fab8465e,472,2023-05-08T19:44:37.611556+01:00,barcode07,rabv_ea,11923,9864,10260,364,380,RABV_EA
de2809c6-9595-4991-82ce-768cffcebf88,1258,2023-05-08T19:46:04.611556+01:00,barcode07,?,11923,0,0,405,409,?
c28e4e07-b191-40a6-aac6-d66c0c217567,459,2023-05-08T19:46:03.611556+01:00,barcode07,rabv_ea,11923,9864,10261,366,381,RABV_EA
f2d63756-ad97-44f8-9ebe-30d16168444e,471,2023-05-08T19:46:05.611556+01:00,barcode07,rabv_ea,11923,10219,10571,333,345,RABV_EA
66ed8c2d-6221-4618-9664-fcfd7cad6628,1293,2023-05-08T19:44:38.611556+01:00,barcode07,?,11923,0,0,382,396,?
52103e42-db0f-4ba3-95ef-b70803d4054b,720,2023-05-08T19:46:05.611556+01:00,barcode07,?,11923,0,0,363,399,?
49ee65c0-eb09-464c-8fbc-5dc9f648311c,815,2023-05-08T19:45:58.611556+01:00,barcode07,?,11923,0,0,361,373,?
f68bde61-ddfc-47d5-8a06-1f200415a4e6,904,2023-05-08T19:45:54.611556+01:00,barcode07,?,11923,0,0,382,395,?
350190bf-5994-4da3-853b-35aaa4d6e00c,860,2023-05-08T19:45:53.611556+01:00,barcode07,?,11923,0,0,392,404,?
0ca48f7f-71de-466c-be2b-b29c18a116ee,462,2023-05-08T19:44:50.611556+01:00,barcode07,rabv_ea,11923,1565,1958,379,387,RABV_EA
193d9143-cd4f-459e-a34f-5f5229da3fbc,883,2023-05-08T19:44:48.611556+01:00,barcode07,?,11923,0,0,378,391,?
c9ea8c63-0d66-49fa-837b-59e2bd9cdd51,472,2023-05-08T19:45:55.611556+01:00,barcode07,rabv_ea,11923,10170,10562,385,389,RABV_EA
5834b8e0-ce86-4afc-b58d-3f57859093f9,515,2023-05-08T19:45:56.611556+01:00,barcode07,rabv_ea,11923,1550,1958,384,395,RABV_EA
b4818ee5-6a0e-4ba3-ae0b-7c7e9d2c8564,475,2023-05-08T19:45:52.611556+01:00,barcode07,rabv_ea,11923,4626,5036,401,407,RABV_EA
1f987483-9e33-472b-b9a8-bf896b3fc8fb,1259,2023-05-08T19:44:48.611556+01:00,barcode07,?,11923,0,0,389,394,?
0a456731-9bbc-4f5b-87ad-12b7a12f1e53,451,2023-05-08T19:44:39.611556+01:00,barcode07,rabv_ea,11923,1567,1958,379,382,RABV_EA
5fe8c2cc-5f4c-45dd-a78d-6e078be8f613,829,2023-05-08T19:44:39.611556+01:00,barcode07,?,11923,0,0,369,385,?
7846e3dc-8fcb-4a3e-b5b2-0b20ba6d3fd7,846,2023-05-08T19:44:29.611556+01:00,barcode07,?,11923,0,0,370,380,?
90f9ca5b-28a9-4c06-99b4-c7ed2caec1e1,419,2023-05-08T19:44:32.611556+01:00,barcode07,?,11923,0,0,216,220,?
62316da2-8d97-4e79-be6f-89fc1d0fcf94,471,2023-05-08T19:44:41.611556+01:00,barcode07,rabv_ea,11923,7075,7467,370,380,RABV_EA
19cbfb0d-16b2-478f-a391-fe8cb68d1e81,2028,2023-05-08T19:44:34.611556+01:00,barcode07,?,11923,0,0,423,430,?
b622ebc0-6726-48ef-ad40-acaa8d5f67af,1255,2023-05-08T19:44:40.611556+01:00,barcode07,?,11923,0,0,359,372,?
99bd5963-349a-41ea-9950-976661b5c47e,865,2023-05-08T19:45:58.611556+01:00,barcode07,?,11923,0,0,375,388,?
0bae556e-bcab-4268-a618-4ce14baa24fd,849,2023-05-08T19:45:50.611556+01:00,barcode07,?,11923,0,0,375,380,?
4bbf1326-5adf-4849-98e8-e7519523044c,447,2023-05-08T19:44:54.611556+01:00,barcode07,rabv_ea,11923,7702,8081,367,371,RABV_EA
6d731f57-0d2d-45d2-ba91-859ab815e9f5,456,2023-05-08T19:44:37.611556+01:00,barcode07,rabv_ea,11923,11392,11780,377,383,RABV_EA
c4beca45-c535-4465-8ad7-cf4890635638,951,2023-05-08T19:44:34.611556+01:00,barcode07,?,11923,0,0,402,403,?
e08ef402-5cad-4fb6-9de6-01fde92a2f70,1257,2023-05-08T19:44:29.611556+01:00,barcode07,?,11923,0,0,394,400,?
36d8879b-b9c8-45cb-bb57-5e2047ed3f82,1182,2023-05-08T19:44:32.611556+01:00,barcode07,rabv_ea,11923,1539,1958,406,411,RABV_EA
e2c34a81-142d-4d53-8768-17b271b33c45,444,2023-05-08T19:44:31.611556+01:00,barcode07,rabv_ea,11923,6440,6828,353,366,RABV_EA
4e105c1e-dc91-4f13-ae32-6869ee3851bf,662,2023-05-08T19:44:49.611556+01:00,barcode07,?,11923,0,0,268,275,?
44e5fa63-8e17-460d-8d3a-b74019ce3cc3,457,2023-05-08T19:45:57.611556+01:00,barcode07,rabv_ea,11923,5196,5594,362,386,RABV_EA
1a162e7e-a37d-44db-9d48-8bc6ee39e28f,533,2023-05-08T19:45:51.611556+01:00,barcode07,rabv_ea,11923,10164,10576,395,405,RABV_EA
8cda1362-0f14-4d24-8a1f-a089787d51eb,526,2023-05-08T19:44:51.611556+01:00,barcode07,rabv_ea,11923,10164,10576,378,392,RABV_EA
faff4a11-ff75-4fb7-973a-e0b3fbb7b729,375,2023-05-08T19:45:46.611556+01:00,barcode07,*,0,0,0,0,0,*
d35bcbf3-842a-4713-a686-0570d31faaea,436,2023-05-08T19:45:40.611556+01:00,barcode07,rabv_ea,11923,7704,8081,356,360,RABV_EA
31b9f948-12c6-4196-85da-5770f9aa6353,860,2023-05-08T19:45:37.611556+01:00,barcode07,?,11923,0,0,386,404,?
ae1b0e05-b7d4-4379-995b-f0c93b95ea5d,468,2023-05-08T19:45:39.611556+01:00,barcode07,rabv_ea,11923,1563,1957,379,388,RABV_EA
625bcbbd-e733-4b27-94ec-11f611948d45,2064,2023-05-08T19:45:35.611556+01:00,barcode07,?,11923,0,0,401,408,?
7c5b3a0b-3996-4c1b-870f-d07bdcb43e18,1242,2023-05-08T19:45:35.611556+01:00,barcode07,?,11923,0,0,393,397,?
6ad6c851-a165-43fb-85dc-0f3e175ba592,854,2023-05-08T19:44:49.611556+01:00,barcode07,?,11923,0,0,379,394,?
cc7abc99-9dca-4fc4-96af-9271f1726047,702,2023-05-08T19:44:50.611556+01:00,barcode07,?,11923,0,0,368,377,?
48d1001f-844e-4d1d-a67b-465ba4d471fa,505,2023-05-08T19:44:28.611556+01:00,barcode07,rabv_ea,11923,10164,10576,376,388,RABV_EA
72b7e653-5cae-4ebd-ae0a-468f8d18c0aa,347,2023-05-08T19:44:49.611556+01:00,barcode07,rabv_ea,11923,9131,9325,175,186,RABV_EA
b880da91-5bfd-491a-905e-d3eec6f75dc0,505,2023-05-08T19:44:34.611556+01:00,barcode07,rabv_ea,11923,8927,9326,379,384,RABV_EA
056ddc18-dcfc-44b1-b900-f8c6b5b00bc2,498,2023-05-08T19:44:48.611556+01:00,barcode07,rabv_ea,11923,7690,8081,370,378,RABV_EA
cc89da3d-a335-4d44-ac3a-8826f8aafefd,443,2023-05-08T19:44:48.611556+01:00,barcode07,rabv_ea,11923,8942,9325,354,364,RABV_EA
72460c07-2a89-4a55-a066-233b9877b226,513,2023-05-08T19:44:26.611556+01:00,barcode07,?,11923,0,0,223,224,?
83cd2774-bc3d-46c5-a01e-9b8c735e9a48,493,2023-05-08T19:44:49.611556+01:00,barcode07,rabv_ea,11923,7693,8078,364,370,RABV_EA
25db0dfb-a549-46c4-8d10-364da2061bab,500,2023-05-08T19:44:48.611556+01:00,barcode07,rabv_ea,11923,10181,10563,359,373,RABV_EA
3d6d7138-05a1-4a3c-9a1b-77d84bbd066b,802,2023-05-08T19:45:37.611556+01:00,barcode07,?,11923,0,0,340,366,?
24f30b63-3ec4-4899-8e45-48a988161625,1252,2023-05-08T19:44:45.611556+01:00,barcode07,?,11923,0,0,395,400,?
cfb7e88c-ef80-4df4-937f-f772763a2de7,2051,2023-05-08T19:45:36.611556+01:00,barcode07,?,11923,0,0,376,382,?
7629405d-0793-4ba5-bff3-2a5cf8a04e14,886,2023-05-08T19:44:45.611556+01:00,barcode07,?,11923,0,0,358,377,?
6654b02e-0538-44f7-969c-870407453859,457,2023-05-08T19:45:40.611556+01:00,barcode07,rabv_ea,11923,10164,10564,361,379,RABV_EA
0f7901ed-11a4-4c11-81ac-f2c78ece7567,954,2023-05-08T19:44:27.611556+01:00,barcode07,?,11923,0,0,386,397,?
12fd6203-d54c-472e-bed9-d2b5289e7e1d,936,2023-05-08T19:44:29.611556+01:00,barcode07,?,11923,0,0,362,389,?
afe07427-678c-41ba-8da4-7a77a830178c,499,2023-05-08T19:44:29.611556+01:00,barcode07,rabv_ea,11923,7698,8081,352,367,RABV_EA
ca259b0d-3746-4cf7-a2de-12f3d296d31d,520,2023-05-08T19:45:39.611556+01:00,barcode07,rabv_ea,11923,6136,6528,358,380,RABV_EA
d24eb0dd-e378-4887-a764-41cbe6571cf0,504,2023-05-08T19:45:38.611556+01:00,barcode07,rabv_ea,11923,7690,8081,351,378,RABV_EA
90bdd41f-d813-47e6-8ae5-46fddebb6c52,446,2023-05-08T19:44:25.611556+01:00,barcode07,rabv_ea,11923,5845,6223,362,369,RABV_EA
58dcb887-caae-41bc-b594-bfccaaaf5095,529,2023-05-08T19:44:29.611556+01:00,barcode07,rabv_ea,11923,7060,7467,389,397,RABV_EA
d36c4ac1-1240-405f-8e5c-426267aec6ac,1275,2023-05-08T19:44:27.611556+01:00,barcode07,?,11923,0,0,390,396,?
af1e888f-9da7-4548-b607-6a4e38d92505,659,2023-05-08T19:44:27.611556+01:00,barcode07,?,11923,0,0,366,376,?
2f4b2c23-b7c5-496b-9391-5ed0d8a5f317,825,2023-05-08T19:44:23.611556+01:00,barcode07,?,11923,0,0,373,383,?
bf1cb184-b516-45ad-8689-56864b8c812e,800,2023-05-08T19:44:24.611556+01:00,barcode07,?,11923,0,0,383,393,?
7e79ac84-f956-4835-a122-bc038d62c6cc,477,2023-05-08T19:45:35.611556+01:00,barcode07,rabv_ea,11923,7699,7998,277,287,RABV_EA
97d4db9f-2121-436b-a55d-7f1e8c9d87cc,478,2023-05-08T19:45:32.611556+01:00,barcode07,rabv_ea,11923,10164,10562,384,392,RABV_EA
73ff67b6-98f4-4990-aba4-3f108a737098,482,2023-05-08T19:44:27.611556+01:00,barcode07,rabv_ea,11923,5196,5592,385,390,RABV_EA
62f89ec5-392c-4af3-8785-59cb8a97a5bf,853,2023-05-08T19:44:27.611556+01:00,barcode07,?,11923,0,0,384,392,?
b3710627-fe15-49e7-a4de-bedfa7061814,909,2023-05-08T19:44:39.611556+01:00,barcode07,?,11923,0,0,350,368,?
e77274b7-c17c-445e-8466-6b4be31ed0a9,855,2023-05-08T19:44:26.611556+01:00,barcode07,?,11923,0,0,379,394,?
46ea5398-1537-45c2-8c1e-13bc8ed5de83,454,2023-05-08T19:44:27.611556+01:00,barcode07,rabv_ea,11923,9549,9940,354,374,RABV_EA
39e2771b-fceb-4f70-bdc0-33408df971c3,540,2023-05-08T19:44:43.611556+01:00,barcode07,?,11923,0,0,375,378,?
4ba2b362-f814-46e9-9ec4-5ceabe14c415,539,2023-05-08T19:45:36.611556+01:00,barcode07,rabv_ea,11923,10164,10576,388,403,RABV_EA
889a4a32-3784-4eae-987a-40ea1b64b57e,524,2023-05-08T19:44:41.611556+01:00,barcode07,rabv_ea,11923,10164,10570,398,404,RABV_EA
a962f349-e20b-48c9-8b7e-05ff080a4492,520,2023-05-08T19:44:13.611556+01:00,barcode07,rabv_ea,11923,6424,6827,385,398,RABV_EA
43cdf1b9-eb45-454f-80e9-9ff0c9924529,918,2023-05-08T19:44:11.611556+01:00,barcode07,?,11923,0,0,380,393,?
8e32cda3-8309-4bd5-b735-b06ba19f9c25,1763,2023-05-08T19:44:07.611556+01:00,barcode07,?,11923,0,0,403,408,?
b6a1f544-b606-4ed3-a8d5-1af773129f38,1319,2023-05-08T19:45:20.611556+01:00,barcode07,?,11923,0,0,348,366,?
8d76fe6a-5fb9-4cee-9cdd-5912fe199774,879,2023-05-08T19:44:38.611556+01:00,barcode07,rabv_ea,11923,4626,5590,757,783,RABV_EA
775df105-e249-48a5-b4ca-12ee127cde7e,456,2023-05-08T19:44:17.611556+01:00,barcode07,rabv_ea,11923,10177,10576,372,384,RABV_EA
3fc4b4c0-b39f-466e-b4f9-5752786305d6,512,2023-05-08T19:45:29.611556+01:00,barcode07,rabv_ea,11923,7690,8081,369,383,RABV_EA
60af0a33-89bc-4c02-803a-2a16f939ee47,517,2023-05-08T19:45:31.611556+01:00,barcode07,rabv_ea,11923,4626,5051,356,389,RABV_EA
6528c11a-64f2-4ee4-a4d2-f47f3898796a,454,2023-05-08T19:45:24.611556+01:00,barcode07,rabv_ea,11923,960,1333,344,359,RABV_EA
0f1cf6fa-5644-464f-8d69-8ab1d910965a,439,2023-05-08T19:45:20.611556+01:00,barcode07,rabv_ea,11923,7704,8081,361,368,RABV_EA
a64773f3-7d03-4a0f-8d61-97ef86175f78,535,2023-05-08T19:44:13.611556+01:00,barcode07,rabv_ea,11923,10208,10576,348,360,RABV_EA
8eac7057-2e37-47c4-9053-fa77cf27e2ce,451,2023-05-08T19:44:25.611556+01:00,barcode07,rabv_ea,11923,6433,6820,370,375,RABV_EA
041756f0-c6bb-455a-916b-4ebefb1c07b0,456,2023-05-08T19:45:18.611556+01:00,barcode07,rabv_ea,11923,5824,6210,365,372,RABV_EA
a6c595fb-d77a-43b5-83b0-82de372721ae,431,2023-05-08T19:45:19.611556+01:00,barcode07,rabv_ea,11923,7714,8081,347,351,RABV_EA
bc4ce35d-9d43-41ce-b893-93089abdfe6f,874,2023-05-08T19:44:36.611556+01:00,barcode07,?,11923,0,0,387,400,?
366f6e19-9d01-4163-bf25-13e15304e775,442,2023-05-08T19:44:35.611556+01:00,barcode07,rabv_ea,11923,6133,6515,348,368,RABV_EA
a0d6104f-9e7e-4eff-8731-b8425bda992b,455,2023-05-08T19:44:43.611556+01:00,barcode07,rabv_ea,11923,8941,9325,361,372,RABV_EA
fc94ef41-b2f9-40bd-930e-195fee870bf2,1273,2023-05-08T19:44:09.611556+01:00,barcode07,?,11923,0,0,762,779,?
c483fa21-eaef-4efe-a2c8-38e0f7ce17a4,881,2023-05-08T19:44:38.611556+01:00,barcode07,?,11923,0,0,359,381,?
5181db07-a688-4ad6-a424-354d1d189287,491,2023-05-08T19:44:24.611556+01:00,barcode07,rabv_ea,11923,7688,8024,325,329,RABV_EA
7d2547bc-958a-4182-9d30-e2eaec091ade,467,2023-05-08T19:44:38.611556+01:00,barcode07,rabv_ea,11923,4626,5036,380,391,RABV_EA
b4608f2a-9891-490e-9bb7-cfc26f0b8536,848,2023-05-08T19:44:21.611556+01:00,barcode07,?,11923,0,0,346,359,?
7f87ea49-8e6f-4214-acee-a7073f56150b,1269,2023-05-08T19:44:04.611556+01:00,barcode07,?,11923,0,0,367,384,?
2d677e1f-7d1c-46c0-b90f-7b78865bf390,494,2023-05-08T19:44:06.611556+01:00,barcode07,rabv_ea,11923,7690,8081,341,370,RABV_EA
7f01e814-b4a4-4267-ad81-589567504006,509,2023-05-08T19:44:25.611556+01:00,barcode07,rabv_ea,11923,7690,8077,361,369,RABV_EA
9858e8bf-39be-4253-9897-7684e21c933e,888,2023-05-08T19:45:29.611556+01:00,barcode07,?,11923,0,0,378,402,?
1d7e16db-795a-40c6-8e81-ca0d4790f2ff,460,2023-05-08T19:44:09.611556+01:00,barcode07,rabv_ea,11923,9851,10247,356,377,RABV_EA
12abf9a3-d8a6-466a-9463-84f46cf21f26,1259,2023-05-08T19:44:21.611556+01:00,barcode07,?,11923,0,0,378,389,?
17d94d9f-d70b-42e8-8303-37d6438a0bc7,320,2023-05-08T19:44:13.611556+01:00,barcode07,rabv_ea,11923,3944,4101,145,155,RABV_EA
96758ab5-4004-46a5-9204-d705d53bc53e,879,2023-05-08T19:44:09.611556+01:00,barcode07,rabv_ea,11923,7690,8081,381,385,RABV_EA
8d13b65d-6732-42b1-bc49-d62d0105f31d,461,2023-05-08T19:44:17.611556+01:00,barcode07,rabv_ea,11923,5196,5589,377,389,RABV_EA
b33f4771-2d8f-450a-b812-62b7347ae004,544,2023-05-08T19:44:14.611556+01:00,barcode07,rabv_ea,11923,10164,10576,398,403,RABV_EA
d9821347-9bef-4720-a6d5-ed70286228ce,463,2023-05-08T19:44:41.611556+01:00,barcode07,rabv_ea,11923,10164,10563,346,379,RABV_EA
232111dd-dd8f-45f9-b0f5-5ec99b3b1585,476,2023-05-08T19:44:36.611556+01:00,barcode07,rabv_ea,11923,4637,5037,343,370,RABV_EA
195358fe-0d54-4e65-9536-423f542f2e4e,464,2023-05-08T19:44:23.611556+01:00,barcode07,rabv_ea,11923,11407,11796,368,385,RABV_EA
bd217aa6-6c99-403a-953f-a362d9e380dc,270,2023-05-08T19:44:32.611556+01:00,barcode07,rabv_ea,11923,4270,4418,138,143,RABV_EA
c7da80c3-3bf8-43ae-a661-ade45baaed12,845,2023-05-08T19:44:20.611556+01:00,barcode07,?,11923,0,0,357,371,?
707b50a3-454e-4800-8b1f-4a645dda6574,524,2023-05-08T19:44:34.611556+01:00,barcode07,rabv_ea,11923,10164,10576,396,400,RABV_EA
facfd0c5-35cc-4273-bc8d-baa8c3bf3246,463,2023-05-08T19:44:23.611556+01:00,barcode07,rabv_ea,11923,3399,3791,385,391,RABV_EA
443a2f92-f503-4b4a-b4b7-9f1eec694589,887,2023-05-08T19:44:23.611556+01:00,barcode07,?,11923,0,0,371,394,?
854a3bdb-2c01-44da-ab9e-4f3881175863,327,2023-05-08T19:45:18.611556+01:00,barcode07,rabv_ea,11923,7235,7467,221,224,RABV_EA
5d692aca-380d-432c-ab81-7373619a3da1,530,2023-05-08T19:44:09.611556+01:00,barcode07,rabv_ea,11923,7698,8081,357,374,RABV_EA
6702802f-bfdc-4c09-8cbf-17fa762b7523,876,2023-05-08T19:44:34.611556+01:00,barcode07,?,11923,0,0,349,367,?
08873767-6eff-4840-8a6a-448298962b9f,501,2023-05-08T19:45:19.611556+01:00,barcode07,rabv_ea,11923,4626,5036,375,395,RABV_EA
24dcf2d5-ed31-4d73-9c41-182c6feb54bc,775,2023-05-08T19:44:05.611556+01:00,barcode07,?,11923,0,0,401,403,?
481e2f7b-2131-44f1-89f2-17a99f9bae85,460,2023-05-08T19:44:06.611556+01:00,barcode07,rabv_ea,11923,1564,1958,385,389,RABV_EA
4caa1c5b-b9a5-472a-86b2-e20fd3df027f,493,2023-05-08T19:44:08.611556+01:00,barcode07,rabv_ea,11923,10164,10563,385,395,RABV_EA
e5f6c93b-dc36-4375-953a-1517e15db798,931,2023-05-08T19:44:05.611556+01:00,barcode07,?,11923,0,0,371,379,?
0ed6da47-1061-4286-be53-26fd4eacff0f,840,2023-05-08T19:44:06.611556+01:00,barcode07,?,11923,0,0,359,378,?
3cc97e73-1b88-43ac-a75e-ef1ad765d89b,461,2023-05-08T19:44:07.611556+01:00,barcode07,rabv_ea,11923,1567,1946,360,368,RABV_EA
c32e3916-1f08-4ff2-9c53-aae54fc66a9f,526,2023-05-08T19:45:15.611556+01:00,barcode07,rabv_ea,11923,9873,10263,339,372,RABV_EA
2142c0fa-ca07-421b-bb2c-bc66a0d89a99,475,2023-05-08T19:45:14.611556+01:00,barcode07,rabv_ea,11923,5197,5596,365,384,RABV_EA
5a1dfe85-0c16-4dd1-b214-253425abfaf2,909,2023-05-08T19:44:06.611556+01:00,barcode07,?,11923,0,0,391,401,?
dd3820df-c12c-423b-8ef4-932206a7d0b4,1069,2023-05-08T19:44:11.611556+01:00,barcode07,?,11923,0,0,379,388,?
61c4261d-96ae-4f0a-9763-a253f557e17a,443,2023-05-08T19:44:16.611556+01:00,barcode07,rabv_ea,11923,1551,1932,350,366,RABV_EA
d3950480-8ada-4372-adf2-abd3a0f757df,476,2023-05-08T19:44:24.611556+01:00,barcode07,rabv_ea,11923,6424,6820,360,382,RABV_EA
b72e29a5-6084-4818-86f4-768f7a3b0470,458,2023-05-08T19:44:10.611556+01:00,barcode07,rabv_ea,11923,7704,8081,371,375,RABV_EA
e4fbf04d-0a49-4239-b403-a1c6deef15d3,3162,2023-05-08T19:44:03.611556+01:00,barcode07,?,11923,0,0,387,392,?
18c657e1-341a-4782-b94f-f80bbad02d06,836,2023-05-08T19:44:30.611556+01:00,barcode07,?,11923,0,0,351,362,?
30c3726a-0075-45ca-88c3-d56826597b50,866,2023-05-08T19:44:34.611556+01:00,barcode07,?,11923,0,0,380,392,?
f22800d9-49df-43c3-b5a4-bc570415ad2f,1533,2023-05-08T19:44:32.611556+01:00,barcode07,rabv_ea,11923,1551,1958,370,388,RABV_EA
e6c1dc64-93c3-44f9-be42-ed715ed246cf,1656,2023-05-08T19:44:31.611556+01:00,barcode07,?,11923,0,0,1022,1132,?
fe2cb536-7056-4262-88d9-6b085a8d80cc,905,2023-05-08T19:44:19.611556+01:00,barcode07,?,11923,0,0,370,385,?
9f7ea98e-bc63-4f5f-9f08-8945c21ba9c3,2225,2023-05-08T19:44:12.611556+01:00,barcode07,?,11923,0,0,403,413,?
eaa43898-d747-4f94-a213-106fbf0e0b4a,475,2023-05-08T19:45:18.611556+01:00,barcode07,rabv_ea,11923,10164,10562,373,392,RABV_EA
fa1b2cac-195b-4386-b780-86f5c1df5e31,538,2023-05-08T19:43:57.611556+01:00,barcode07,rabv_ea,11923,10174,10576,381,395,RABV_EA
86074155-61e1-4c4f-b604-d28928a4966f,463,2023-05-08T19:44:08.611556+01:00,barcode07,rabv_ea,11923,1565,1958,374,384,RABV_EA
3984e27a-3ae0-4cc6-97cc-d01e82df4138,857,2023-05-08T19:45:13.611556+01:00,barcode07,?,11923,0,0,391,403,?
279dfd21-ea8d-41b1-a140-ce31d8b99d39,917,2023-05-08T19:45:14.611556+01:00,barcode07,?,11923,0,0,371,397,?
41dfee19-76a9-49db-ac91-95b8b87e1d5d,828,2023-05-08T19:43:54.611556+01:00,barcode07,?,11923,0,0,357,370,?
214d85bb-0e2a-4c1c-b087-ddfe8b73e391,515,2023-05-08T19:45:13.611556+01:00,barcode07,rabv_ea,11923,9851,10263,380,393,RABV_EA
4f12fb43-05aa-42f4-8c0b-99c159e6ef65,824,2023-05-08T19:44:07.611556+01:00,barcode07,?,11923,0,0,360,369,?
4023fa62-fa58-4fe8-b728-ce298c056844,530,2023-05-08T19:44:09.611556+01:00,barcode07,rabv_ea,11923,9851,10260,383,399,RABV_EA
ff00a53a-1796-457a-acc7-be626bde3f77,943,2023-05-08T19:43:56.611556+01:00,barcode07,?,11923,0,0,360,376,?
f663fe07-0593-4915-93ed-32d3aa211d51,512,2023-05-08T19:44:06.611556+01:00,barcode07,rabv_ea,11923,7690,8081,371,381,RABV_EA
7ad66b0d-c3ad-4142-9d74-db39c21b7f09,253,2023-05-08T19:45:15.611556+01:00,barcode07,rabv_ea,11923,11316,11485,156,168,RABV_EA
ca508e14-aa8c-40e7-b03f-0907e4986fd1,2073,2023-05-08T19:45:09.611556+01:00,barcode07,?,11923,0,0,384,391,?
f21e94f3-ae89-41e8-a76f-a56982cb6a51,1239,2023-05-08T19:45:11.611556+01:00,barcode07,?,11923,0,0,363,384,?
dfbc29aa-f3f6-4de3-bf30-9e0ae8e0f5e0,476,2023-05-08T19:45:13.611556+01:00,barcode07,rabv_ea,11923,7690,8081,337,353,RABV_EA
b213a8c1-f61e-4bc0-8d99-17ac26ab1f4e,847,2023-05-08T19:44:08.611556+01:00,barcode07,?,11923,0,0,362,370,?
ac33f287-b651-4d0b-8ad6-f3699911357d,1662,2023-05-08T19:43:57.611556+01:00,barcode07,?,11923,0,0,378,393,?
663a524f-7a52-4aab-a193-7e83135b399b,2091,2023-05-08T19:44:03.611556+01:00,barcode07,?,11923,0,0,390,397,?
02688247-1ae9-41a1-8c70-13ad63dab63c,851,2023-05-08T19:43:57.611556+01:00,barcode07,?,11923,0,0,371,390,?
31fd0e49-5f1f-484d-9448-2dba7e743f7d,508,2023-05-08T19:44:03.611556+01:00,barcode07,rabv_ea,11923,9851,10252,369,385,RABV_EA
1ee7d07c-7bce-4c6a-8f9d-1474b586cca1,440,2023-05-08T19:43:52.611556+01:00,barcode07,rabv_ea,11923,6490,6824,322,331,RABV_EA
5f4c9b73-1ff6-4168-9120-87fbf7df5e2e,846,2023-05-08T19:45:07.611556+01:00,barcode07,?,11923,0,0,352,374,?
da1c5b2e-399c-457c-a0fc-936925e178db,852,2023-05-08T19:44:05.611556+01:00,barcode07,?,11923,0,0,341,355,?
6eded8f9-5221-4df0-973b-ca068d654d12,908,2023-05-08T19:44:04.611556+01:00,barcode07,?,11923,0,0,358,378,?
0b060d8f-f749-44fc-bdef-3c5a0e32e3b7,516,2023-05-08T19:44:09.611556+01:00,barcode07,rabv_ea,11923,6133,6528,369,383,RABV_EA
3dee310a-25c3-4a49-bb3c-a566d278449f,276,2023-05-08T19:45:11.611556+01:00,barcode07,rabv_ea,11923,655,814,150,154,RABV_EA
34a00a2c-319a-4960-9fb4-693b249cb270,869,2023-05-08T19:44:27.611556+01:00,barcode07,?,11923,0,0,368,375,?
bdc493be-9871-4810-88b3-1fe9fb52ee6e,2509,2023-05-08T19:45:04.611556+01:00,barcode07,?,11923,0,0,391,408,?
0d69dc26-f3ec-4872-9be6-edab4329e3ee,548,2023-05-08T19:44:19.611556+01:00,barcode07,rabv_ea,11923,10164,10576,374,397,RABV_EA
5f825212-ae18-4d8b-ba08-59020c2205f7,507,2023-05-08T19:45:12.611556+01:00,barcode07,rabv_ea,11923,7690,8081,385,388,RABV_EA
594c9a19-7be1-43b6-b0f7-54777f90b909,446,2023-05-08T19:45:09.611556+01:00,barcode07,rabv_ea,11923,7720,8077,336,349,RABV_EA
079854a4-2443-40cd-928d-43ded33014c7,468,2023-05-08T19:43:52.611556+01:00,barcode07,rabv_ea,11923,10176,10576,373,388,RABV_EA
974a9122-ecc1-49f2-bfae-380ded67d933,859,2023-05-08T19:43:50.611556+01:00,barcode07,?,11923,0,0,385,408,?
45ce60e2-e1f7-4068-851c-78095c801145,858,2023-05-08T19:45:08.611556+01:00,barcode07,?,11923,0,0,369,380,?
185bad49-40ac-4552-92e6-132cc5e2497c,668,2023-05-08T19:45:09.611556+01:00,barcode07,?,11923,0,0,348,378,?
c9915eb8-34c9-4b85-843b-ed2187f2cc9b,448,2023-05-08T19:45:15.611556+01:00,barcode07,rabv_ea,11923,1566,1958,371,374,RABV_EA
11e5c32a-fae1-4b8b-bfc2-29ea54dfd05a,458,2023-05-08T19:44:16.611556+01:00,barcode07,rabv_ea,11923,8941,9330,378,382,RABV_EA
9c53d3df-b807-428f-956b-e002ee716a17,592,2023-05-08T19:43:52.611556+01:00,barcode07,rabv_ea,11923,7690,8081,376,388,RABV_EA
775ea45a-3645-4ff2-88b1-06d31b78dd5d,462,2023-05-08T19:43:51.611556+01:00,barcode07,rabv_ea,11923,5835,6223,363,368,RABV_EA
7d5be5ff-ba48-47ee-bf35-2656ef360b0a,517,2023-05-08T19:43:52.611556+01:00,barcode07,rabv_ea,11923,10166,10570,365,380,RABV_EA
ba2d2ae3-ded7-4703-89c5-484420b54c75,468,2023-05-08T19:43:55.611556+01:00,barcode07,?,11923,0,0,179,183,?
2b90fe0a-7c0b-4cfd-852d-4f84472dd0d4,438,2023-05-08T19:44:01.611556+01:00,barcode07,rabv_ea,11923,6133,6513,340,362,RABV_EA
b5357f68-f2bd-4639-8073-ff7f35be54b5,457,2023-05-08T19:45:10.611556+01:00,barcode07,rabv_ea,11923,1567,1958,378,383,RABV_EA
9625980d-768e-4c7f-a0bc-0bb9ba92142d,440,2023-05-08T19:45:11.611556+01:00,barcode07,rabv_ea,11923,7714,8081,357,362,RABV_EA
52df1410-53b9-4267-b973-7eee3bc09d92,456,2023-05-08T19:45:10.611556+01:00,barcode07,rabv_ea,11923,6424,6820,374,383,RABV_EA
fa1360b0-317b-4703-b165-ae5137c924be,499,2023-05-08T19:45:11.611556+01:00,barcode07,rabv_ea,11923,7692,8081,372,383,RABV_EA
fb784e63-90b7-4e7a-9829-edcab043db34,877,2023-05-08T19:43:49.611556+01:00,barcode07,?,11923,0,0,386,405,?
4ba00569-3bed-4d23-ba16-b50bab339eaf,503,2023-05-08T19:44:19.611556+01:00,barcode07,rabv_ea,11923,7690,8081,364,378,RABV_EA
42ab707f-f339-4db8-8aa4-2f96c2689e83,468,2023-05-08T19:45:11.611556+01:00,barcode07,rabv_ea,11923,1566,1941,353,370,RABV_EA
7c580a98-1756-4f71-9228-37e3899316f1,439,2023-05-08T19:44:10.611556+01:00,barcode07,rabv_ea,11923,7717,8081,345,355,RABV_EA
4ddb1a93-a5e9-4586-8227-a0d98ef55398,531,2023-05-08T19:44:04.611556+01:00,barcode07,rabv_ea,11923,9852,10244,362,374,RABV_EA
87321b39-2975-4198-a2ea-99ad38f9b5b8,464,2023-05-08T19:43:42.611556+01:00,barcode07,rabv_ea,11923,4626,5037,373,390,RABV_EA
9ef6c869-7198-4107-8ba3-bbac81fba5e1,1268,2023-05-08T19:43:53.611556+01:00,barcode07,?,11923,0,0,388,400,?
47c9f449-a7ce-473c-9b46-dec2bc4abab9,537,2023-05-08T19:44:58.611556+01:00,barcode07,rabv_ea,11923,10169,10575,387,396,RABV_EA
239b0b43-0fc1-44be-8cb0-9d014314487b,853,2023-05-08T19:44:55.611556+01:00,barcode07,?,11923,0,0,380,389,?
20ca5b3b-0850-43d3-a75a-9fb07d3e6621,1274,2023-05-08T19:44:56.611556+01:00,barcode07,?,11923,0,0,398,403,?
5cf33cee-bc7b-4743-a1c1-62904f1fb494,882,2023-05-08T19:43:41.611556+01:00,barcode07,?,11923,0,0,383,396,?
52c26b60-e44a-40ae-ad2a-2e9e4e090858,542,2023-05-08T19:43:41.611556+01:00,barcode07,rabv_ea,11923,10175,10576,383,395,RABV_EA
24bf86f5-85da-4089-8a5c-2c5dab51a58a,441,2023-05-08T19:43:51.611556+01:00,barcode07,rabv_ea,11923,4354,4730,362,369,RABV_EA
09a2f961-9783-411c-bd8e-9c8602404b0a,509,2023-05-08T19:43:53.611556+01:00,barcode07,rabv_ea,11923,1554,1958,374,385,RABV_EA
dd8b34c4-462e-4447-9b01-7897942c3972,524,2023-05-08T19:43:52.611556+01:00,barcode07,rabv_ea,11923,7690,8081,374,385,RABV_EA
a9b04525-9baa-4bce-bdda-7cf870996b43,1242,2023-05-08T19:44:13.611556+01:00,barcode07,?,11923,0,0,388,400,?
df37d79d-a687-4cfc-96d2-a986958ef349,520,2023-05-08T19:45:06.611556+01:00,barcode07,rabv_ea,11923,10165,10576,368,392,RABV_EA
5ee1c209-dfa6-42d3-9a0d-9174555c111a,1240,2023-05-08T19:44:10.611556+01:00,barcode07,?,11923,0,0,380,388,?
713e9350-4a9e-4ff4-bb11-9a2cd30932ec,447,2023-05-08T19:44:10.611556+01:00,barcode07,rabv_ea,11923,8401,8694,265,274,RABV_EA
1644fea2-b83a-4125-ba86-775da0f5c1f2,1265,2023-05-08T19:45:05.611556+01:00,barcode07,?,11923,0,0,368,384,?
80603ae9-6233-41ad-8ea9-cc720e221e56,544,2023-05-08T19:43:56.611556+01:00,barcode07,rabv_ea,11923,7690,8077,377,383,RABV_EA
4a49ef55-0a1d-4da7-9772-e900db27155d,470,2023-05-08T19:44:10.611556+01:00,barcode07,rabv_ea,11923,10164,10562,372,386,RABV_EA
fabb32ad-7ee0-4b95-93e7-7a37a323e7b4,1253,2023-05-08T19:44:11.611556+01:00,barcode07,?,11923,0,0,375,384,?
939b6821-e3b0-4a76-b835-9d641a8d3de3,552,2023-05-08T19:44:13.611556+01:00,barcode07,rabv_ea,11923,9851,10263,406,409,RABV_EA
f458ef25-ba33-40c8-ac32-39f5726e4c2f,873,2023-05-08T19:45:06.611556+01:00,barcode07,?,11923,0,0,360,370,?
3eceb83f-6a4a-4f48-8b44-cffe447510c1,514,2023-05-08T19:43:40.611556+01:00,barcode07,rabv_ea,11923,7063,7467,390,393,RABV_EA
6818e456-d3e9-41ae-9b14-6e97cfbf3b1d,536,2023-05-08T19:43:43.611556+01:00,barcode07,rabv_ea,11923,10170,10576,380,397,RABV_EA
a0f8a7e1-76d0-4a18-a855-a9d686ef5b64,436,2023-05-08T19:44:57.611556+01:00,barcode07,rabv_ea,11923,7690,8068,337,358,RABV_EA
fb03e8c9-5499-489a-bd32-8cb644d5716b,925,2023-05-08T19:44:58.611556+01:00,barcode07,?,11923,0,0,383,396,?
26597499-b825-44e8-91f7-6776069a59f2,850,2023-05-08T19:43:44.611556+01:00,barcode07,?,11923,0,0,383,389,?
5c467531-0779-4c3f-86fc-e76699e3881d,833,2023-05-08T19:43:51.611556+01:00,barcode07,?,11923,0,0,345,360,?
8a165814-9d83-4ade-aa64-f1a63b87fe6f,521,2023-05-08T19:43:39.611556+01:00,barcode07,rabv_ea,11923,10164,10576,369,387,RABV_EA
8a678370-0140-43cd-a5e8-0a38a11e661d,513,2023-05-08T19:43:35.611556+01:00,barcode07,rabv_ea,11923,10164,10576,400,405,RABV_EA
17a19d30-879b-452b-9157-8f11737aa2a4,759,2023-05-08T19:44:44.611556+01:00,barcode07,?,11923,0,0,339,346,?
34770ae5-99c3-4c09-9eee-4f16bf509bc4,453,2023-05-08T19:43:40.611556+01:00,barcode07,rabv_ea,11923,3383,3779,359,380,RABV_EA
7bcb3168-916a-4e18-a3d0-af01f2372d50,1314,2023-05-08T19:44:49.611556+01:00,barcode07,?,11923,0,0,377,385,?
22319040-e212-45a1-8cb6-4d3827a0c5ae,1268,2023-05-08T19:44:50.611556+01:00,barcode07,?,11923,0,0,379,391,?
9935e70d-7651-49b5-98d7-19d4cdab3278,1933,2023-05-08T19:44:04.611556+01:00,barcode07,?,11923,0,0,365,379,?
b61fed39-4fab-4a0e-a5b2-83a585557661,492,2023-05-08T19:43:55.611556+01:00,barcode07,rabv_ea,11923,7690,8081,357,367,RABV_EA
18d8af07-1462-44e0-a50f-51bae2909382,955,2023-05-08T19:43:52.611556+01:00,barcode07,?,11923,0,0,387,410,?
5d69701e-040d-418b-8bfc-3af86fe5b6f6,1347,2023-05-08T19:44:57.611556+01:00,barcode07,?,11923,0,0,363,374,?
1acb263d-dbf3-4500-8609-d8fbfeee69f6,419,2023-05-08T19:43:42.611556+01:00,barcode07,rabv_ea,11923,7690,8062,327,344,RABV_EA
af181dad-500e-4682-9e29-8938332d4618,471,2023-05-08T19:44:59.611556+01:00,barcode07,rabv_ea,11923,1571,1958,372,380,RABV_EA
be896f19-0eab-4194-a6ed-e1c6f297b44b,536,2023-05-08T19:44:12.611556+01:00,barcode07,rabv_ea,11923,9849,10263,394,403,RABV_EA
60b67256-558a-416a-8260-56d93182203d,507,2023-05-08T19:44:57.611556+01:00,barcode07,rabv_ea,11923,7690,8068,361,372,RABV_EA
20ff7dd4-99e9-470e-a976-cc847a8b18b8,1267,2023-05-08T19:44:10.611556+01:00,barcode07,?,11923,0,0,379,397,?
52345740-445a-400e-9e2b-dc21afcb2c0c,441,2023-05-08T19:43:53.611556+01:00,barcode07,rabv_ea,11923,7690,8065,346,357,RABV_EA
9e2afb21-dc11-4625-9b8f-519d285d0893,325,2023-05-08T19:44:56.611556+01:00,barcode07,?,11923,0,0,111,112,?
fd661e5c-60e2-4dc0-8244-1cfd641ef4be,490,2023-05-08T19:43:54.611556+01:00,barcode07,rabv_ea,11923,6133,6528,373,387,RABV_EA
4855164f-0556-4cd1-a6cb-25cb4a6181f8,1906,2023-05-08T19:43:44.611556+01:00,barcode07,?,11923,0,0,382,393,?
3b960d87-a6cf-4691-9953-be39e9de8289,530,2023-05-08T19:44:08.611556+01:00,barcode07,rabv_ea,11923,10164,10581,391,410,RABV_EA
e4eddc98-77c7-4be1-a41c-389845766b91,1283,2023-05-08T19:44:06.611556+01:00,barcode07,?,11923,0,0,380,382,?
270756c8-9342-4ffd-8827-d0079e27aab1,451,2023-05-08T19:43:44.611556+01:00,barcode07,rabv_ea,11923,1572,1958,358,378,RABV_EA
a0eaba8c-80cc-472f-af67-76c83d952260,445,2023-05-08T19:43:46.611556+01:00,barcode07,rabv_ea,11923,7702,8058,338,351,RABV_EA
b71965d5-224e-473f-b669-4d37024dcfa8,489,2023-05-08T19:43:44.611556+01:00,barcode07,rabv_ea,11923,4626,5039,378,402,RABV_EA
6411d974-7cf0-4136-84f5-518bd466a0b6,468,2023-05-08T19:44:48.611556+01:00,barcode07,rabv_ea,11923,10164,10561,368,392,RABV_EA
fa3362d0-39c4-4b26-ac82-deceb1354052,528,2023-05-08T19:44:50.611556+01:00,barcode07,rabv_ea,11923,9853,10263,392,401,RABV_EA
8ce2841c-ff1c-49a5-9e17-5876141bfd92,882,2023-05-08T19:43:46.611556+01:00,barcode07,rabv_ea,11923,4626,5284,621,644,RABV_EA
4298709e-8a13-4c83-a3fc-f794988aecfa,506,2023-05-08T19:43:46.611556+01:00,barcode07,rabv_ea,11923,10164,10575,377,389,RABV_EA
bd03a2b9-49f4-4586-8d98-7fd43b31a32d,837,2023-05-08T19:43:42.611556+01:00,barcode07,?,11923,0,0,366,376,?
6d656b87-6879-489f-ab84-dd7193b09c93,457,2023-05-08T19:43:41.611556+01:00,barcode07,rabv_ea,11923,1580,1958,358,369,RABV_EA
777c8aff-67f6-4eef-b1df-0f8d9522425a,1633,2023-05-08T19:44:15.611556+01:00,barcode07,?,11923,0,0,384,396,?
d5d2fc94-c4b1-4504-ae7f-8dcaaf8ad8f6,762,2023-05-08T19:43:45.611556+01:00,barcode07,?,11923,0,0,387,399,?
728237ce-7771-4bf5-b63e-8f8fb35e7e80,866,2023-05-08T19:43:43.611556+01:00,barcode07,?,11923,0,0,379,401,?
9c18fc3a-3c5f-4a60-ad52-b5db8b0bdc1c,462,2023-05-08T19:43:34.611556+01:00,barcode07,rabv_ea,11923,10172,10560,371,379,RABV_EA
2d071485-fdf2-4f1f-a286-ce7f1e846200,520,2023-05-08T19:43:46.611556+01:00,barcode07,rabv_ea,11923,10164,10574,376,392,RABV_EA
d5899bd5-ac81-4aa2-a8e3-a62a92dabe49,530,2023-05-08T19:43:58.611556+01:00,barcode07,rabv_ea,11923,10167,10568,380,390,RABV_EA
faf0a678-efad-4f3a-9a4b-a6b7a284b581,505,2023-05-08T19:43:32.611556+01:00,barcode07,rabv_ea,11923,7689,8081,377,383,RABV_EA
5babfd52-86d4-4543-be0c-12c4a238e08a,1275,2023-05-08T19:43:45.611556+01:00,barcode07,?,11923,0,0,397,406,?
edec911d-48f4-408c-895c-08ead663e864,1108,2023-05-08T19:43:57.611556+01:00,barcode07,?,11923,0,0,363,382,?
cf322dcf-9a10-4560-9a2b-9f7370edffce,811,2023-05-08T19:43:57.611556+01:00,barcode07,rabv_ea,11923,4341,5278,712,737,RABV_EA
436b43b0-b9a2-4371-802e-15a27a362fb0,458,2023-05-08T19:43:29.611556+01:00,barcode07,rabv_ea,11923,5212,5608,369,386,RABV_EA
7bedebd0-41b3-4125-a6fa-e6e52f7637a5,452,2023-05-08T19:43:28.611556+01:00,barcode07,rabv_ea,11923,945,1322,352,362,RABV_EA
fed5bcf4-87b1-4a30-ba47-1435e2b19696,454,2023-05-08T19:43:29.611556+01:00,barcode07,rabv_ea,11923,8941,9325,360,376,RABV_EA
ce567eac-26b7-4674-92a0-3139c3d9cd13,1978,2023-05-08T19:43:54.611556+01:00,barcode07,?,11923,0,0,366,385,?
6797dcb2-d4bd-42ae-8dec-ad40698e2ce5,728,2023-05-08T19:44:18.611556+01:00,barcode07,?,11923,0,0,370,379,?
d3e28c76-275a-4158-99e8-bdcc151bcfcb,468,2023-05-08T19:44:02.611556+01:00,barcode07,rabv_ea,11923,6133,6484,323,343,RABV_EA
0329a5e8-12e7-4816-b1cc-88b914a257c6,854,2023-05-08T19:43:33.611556+01:00,barcode07,?,11923,0,0,366,380,?
0a2773a6-0dc5-4c0b-9e70-5024b4b7ffbd,527,2023-05-08T19:44:22.611556+01:00,barcode07,rabv_ea,11923,10172,10471,272,289,RABV_EA
0fb757b7-fc0b-4114-b040-457c28d0ae5c,460,2023-05-08T19:43:34.611556+01:00,barcode07,rabv_ea,11923,6437,6825,360,376,RABV_EA
152d462c-1fee-4a82-b861-64c6be39a2a6,866,2023-05-08T19:43:22.611556+01:00,barcode07,?,11923,0,0,365,371,?
7b56cef4-4306-47fb-ba5d-3bdb5746e13a,274,2023-05-08T19:43:44.611556+01:00,barcode07,rabv_ea,11923,9244,9320,70,73,RABV_EA
5e8b85c4-b906-403a-be44-fa95dc66dcea,819,2023-05-08T19:43:22.611556+01:00,barcode07,?,11923,0,0,358,376,?
8e3204bd-6827-4640-919d-3a241e35b76a,500,2023-05-08T19:43:27.611556+01:00,barcode07,rabv_ea,11923,6133,6528,371,382,RABV_EA
3a637ac5-dc17-4bc7-87af-89f0fb749bdd,447,2023-05-08T19:44:16.611556+01:00,barcode07,rabv_ea,11923,6145,6528,363,372,RABV_EA
36fbe266-2d63-4fc2-9563-0b14e41d15c1,862,2023-05-08T19:44:13.611556+01:00,barcode07,?,11923,0,0,370,388,?
209ecaf2-d803-4e4a-b828-bc37ee59e48a,500,2023-05-08T19:44:14.611556+01:00,barcode07,rabv_ea,11923,7697,8066,330,349,RABV_EA
dc5d7ca7-2b14-4359-9fbe-67ab9fd11f6a,834,2023-05-08T19:43:27.611556+01:00,barcode07,?,11923,0,0,365,373,?
cd2b18f8-ab23-4a41-9a6b-aa2b3e14a9c3,455,2023-05-08T19:43:30.611556+01:00,barcode07,rabv_ea,11923,10164,10556,375,389,RABV_EA
318f2efd-591a-474f-ba20-bb71e7e8d179,517,2023-05-08T19:43:29.611556+01:00,barcode07,rabv_ea,11923,6133,6509,350,366,RABV_EA
bbc9eeb2-cc22-44db-9f68-73256b0c5a4c,513,2023-05-08T19:43:28.611556+01:00,barcode07,rabv_ea,11923,7690,8081,371,381,RABV_EA
666dd00c-4854-4436-8b8b-f2ddced9d59b,528,2023-05-08T19:43:57.611556+01:00,barcode07,rabv_ea,11923,1581,1957,332,350,RABV_EA
3314e2c3-5439-4db5-984e-aa5a3ec1bad7,485,2023-05-08T19:43:56.611556+01:00,barcode07,rabv_ea,11923,7691,8081,355,365,RABV_EA
379fb2a2-7473-4a85-99d9-fa4bd1d4c14b,463,2023-05-08T19:43:45.611556+01:00,barcode07,rabv_ea,11923,1565,1958,375,383,RABV_EA
d370dbed-78ca-4fa2-88a1-1a37ded219b5,494,2023-05-08T19:43:46.611556+01:00,barcode07,rabv_ea,11923,7690,8073,340,367,RABV_EA
22c378a8-8b07-4619-b5c0-3815e928184f,856,2023-05-08T19:43:28.611556+01:00,barcode07,?,11923,0,0,402,412,?
5afe7ae0-8cb9-4043-89d3-a6e3b82ef7ff,1164,2023-05-08T19:43:29.611556+01:00,barcode07,?,11923,0,0,381,393,?
82d5ead9-02ba-4ef9-85bf-f0e7f94496d9,846,2023-05-08T19:43:22.611556+01:00,barcode07,?,11923,0,0,381,390,?
2b12c5cd-12bc-4387-a6cf-9f67e16f4d2e,1298,2023-05-08T19:43:43.611556+01:00,barcode07,?,11923,0,0,382,407,?
ee024871-8d99-49fe-8558-3bfa63c4438c,909,2023-05-08T19:43:45.611556+01:00,barcode07,?,11923,0,0,373,379,?
630cf72d-030f-4668-b18c-37974eb0d103,457,2023-05-08T19:43:57.611556+01:00,barcode07,rabv_ea,11923,6437,6824,369,378,RABV_EA
821241af-4d15-4fd7-9462-315f92e57daa,851,2023-05-08T19:43:45.611556+01:00,barcode07,?,11923,0,0,387,394,?
2366f73f-6506-4658-b06f-d1e0caa4ec71,885,2023-05-08T19:44:18.611556+01:00,barcode07,rabv_ea,11923,4639,5283,607,624,RABV_EA
21da3972-9836-4040-9e82-28cd3baaef85,457,2023-05-08T19:43:27.611556+01:00,barcode07,rabv_ea,11923,5196,5593,378,386,RABV_EA
e92458a3-2f62-4198-81b1-ad57df3d4b28,1044,2023-05-08T19:43:55.611556+01:00,barcode07,?,11923,0,0,375,385,?
1b6fc4c6-2ce3-49c9-b34f-5f95da37e38c,618,2023-05-08T19:43:22.611556+01:00,barcode07,?,11923,0,0,377,386,?
694f813a-d3b1-40e4-bffd-bd61cb4b181a,865,2023-05-08T19:43:19.611556+01:00,barcode07,?,11923,0,0,408,417,?
30d61a53-fab3-4697-9c6e-28fc27001e07,453,2023-05-08T19:43:31.611556+01:00,barcode07,rabv_ea,11923,5212,5593,334,358,RABV_EA
046b9bec-01a5-4817-b596-80ba3649db87,1040,2023-05-08T19:44:16.611556+01:00,barcode07,?,11923,0,0,369,387,?
31d9977d-d1ab-46f2-894d-04a296b0b3ca,455,2023-05-08T19:43:44.611556+01:00,barcode07,rabv_ea,11923,5847,6223,352,367,RABV_EA
af45ef64-145a-472f-82f2-f4ceee2101a5,1233,2023-05-08T19:43:44.611556+01:00,barcode07,?,11923,0,0,355,368,?
766a36b6-0070-4c2d-8999-c315738b02a1,497,2023-05-08T19:44:17.611556+01:00,barcode07,rabv_ea,11923,7690,8081,363,373,RABV_EA
220e6659-cf1c-43a2-ac02-63fc0c93074c,858,2023-05-08T19:43:24.611556+01:00,barcode07,?,11923,0,0,375,381,?
2ad97e64-8426-4127-ac40-61df4d6de02f,825,2023-05-08T19:43:45.611556+01:00,barcode07,?,11923,0,0,365,374,?
eba22c05-16dc-4e74-b609-ea15996037c5,512,2023-05-08T19:43:46.611556+01:00,barcode07,rabv_ea,11923,7690,8081,359,371,RABV_EA
7e4e23cf-ce1b-49bb-ac95-a3eb525220aa,1243,2023-05-08T19:43:23.611556+01:00,barcode07,?,11923,0,0,375,384,?
38a9e287-cb0f-4713-9d53-c6450337444b,871,2023-05-08T19:43:25.611556+01:00,barcode07,?,11923,0,0,401,407,?
07007d7c-199a-4be7-be0b-0bf3bf74199e,2988,2023-05-08T19:44:09.611556+01:00,barcode07,?,11923,0,0,384,392,?
269a1ab6-c485-46fc-8e33-79d757a5b06f,865,2023-05-08T19:44:17.611556+01:00,barcode07,?,11923,0,0,360,369,?
e8b36e03-b467-4f23-ba73-6761542182f1,448,2023-05-08T19:43:22.611556+01:00,barcode07,rabv_ea,11923,9851,10249,359,371,RABV_EA
8775ba3b-1434-4f62-8390-9f162232b1bb,918,2023-05-08T19:43:19.611556+01:00,barcode07,?,11923,0,0,388,404,?
6a179cbc-8256-4b8a-831c-47553ff3cb3a,449,2023-05-08T19:43:20.611556+01:00,barcode07,rabv_ea,11923,10176,10570,362,374,RABV_EA
b97709e6-9aed-4002-bd66-92fca4c07e4b,875,2023-05-08T19:43:34.611556+01:00,barcode07,?,11923,0,0,387,401,?
5bafd5f3-f03a-4833-a02c-43d9c01af6f3,444,2023-05-08T19:44:14.611556+01:00,barcode07,rabv_ea,11923,6442,6828,338,362,RABV_EA
078367d3-d194-4200-8f5a-37fc6e466955,449,2023-05-08T19:43:41.611556+01:00,barcode07,rabv_ea,11923,11112,11488,339,366,RABV_EA
1354b02e-fc10-41a1-ac12-33e285a01aea,826,2023-05-08T19:44:14.611556+01:00,barcode07,?,11923,0,0,374,378,?
91fb660d-b786-4051-ab1e-a9eb5815a6af,510,2023-05-08T19:43:42.611556+01:00,barcode07,rabv_ea,11923,3397,3791,359,373,RABV_EA
9e1bb9c8-1788-4812-95c6-b0a9e95fb83b,1270,2023-05-08T19:43:04.611556+01:00,barcode07,?,11923,0,0,390,407,?
ad72608a-c178-4b37-ae2d-48d7d2734f1e,622,2023-05-08T19:43:18.611556+01:00,barcode07,rabv_ea,11923,615,962,331,338,RABV_EA
689b24d8-e2fb-4c28-80f1-4aa9f79cab36,317,2023-05-08T19:44:17.611556+01:00,barcode07,rabv_ea,11923,7233,7451,207,213,RABV_EA
70973242-6972-4964-ae98-939e3ed698a7,449,2023-05-08T19:43:20.611556+01:00,barcode07,rabv_ea,11923,5836,6222,363,371,RABV_EA
e764d38c-f528-4bf3-bc09-4bb0f8b01ea4,451,2023-05-08T19:43:41.611556+01:00,barcode07,rabv_ea,11923,6450,6828,349,362,RABV_EA
49bc242f-5078-469c-9e8d-d1c598ed5656,466,2023-05-08T19:43:21.611556+01:00,barcode07,rabv_ea,11923,10172,10554,348,366,RABV_EA
6ac68e38-bf1b-4849-aa99-bf209c29bb95,917,2023-05-08T19:43:19.611556+01:00,barcode07,?,11923,0,0,377,394,?
90522d63-1c7d-4a43-b943-9205b0b989af,507,2023-05-08T19:43:21.611556+01:00,barcode07,rabv_ea,11923,1566,1958,356,375,RABV_EA
ef77500a-c50a-404e-8940-a32618242980,532,2023-05-08T19:43:21.611556+01:00,barcode07,rabv_ea,11923,10164,10576,401,406,RABV_EA
e9f48149-cdca-47c5-a57d-471aedfb2941,496,2023-05-08T19:43:42.611556+01:00,barcode07,rabv_ea,11923,7690,8081,369,372,RABV_EA
543e2558-ff47-4ad8-a80c-016fcbd2d5dc,538,2023-05-08T19:44:04.611556+01:00,barcode07,rabv_ea,11923,10173,10560,369,382,RABV_EA
72dfba0c-133e-4e30-bf9f-b945bde4378c,371,2023-05-08T19:43:16.611556+01:00,barcode07,rabv_ea,11923,9109,9325,203,207,RABV_EA
64abd1b2-e6a9-449b-a4b0-1550fb1034a0,859,2023-05-08T19:44:01.611556+01:00,barcode07,?,11923,0,0,339,356,?
e176f400-cfbc-44bb-afef-9b3778cd802a,1148,2023-05-08T19:43:09.611556+01:00,barcode07,?,11923,0,0,624,649,?
daab64e6-e0c5-4dad-8cfc-72e8aa485a98,470,2023-05-08T19:43:10.611556+01:00,barcode07,rabv_ea,11923,1567,1958,380,385,RABV_EA
1c89b212-9ddc-4915-92d8-a408b00754aa,695,2023-05-08T19:44:02.611556+01:00,barcode07,?,11923,0,0,378,388,?
9f5d58f5-0268-4220-b5a5-e73facc3a5b2,514,2023-05-08T19:43:08.611556+01:00,barcode07,rabv_ea,11923,10164,10580,385,400,RABV_EA
a4986094-f1b0-4eda-ace3-c064c97aa6a8,455,2023-05-08T19:43:07.611556+01:00,barcode07,rabv_ea,11923,5834,6223,369,376,RABV_EA
0b903c60-a6b7-49b6-beef-4da175f0c024,498,2023-05-08T19:43:12.611556+01:00,barcode07,rabv_ea,11923,7690,8081,362,376,RABV_EA
b72d179d-30c8-4112-a16e-bd616d5f38b1,465,2023-05-08T19:43:21.611556+01:00,barcode07,rabv_ea,11923,1568,1958,375,381,RABV_EA
e73dc505-c13a-49cb-ae14-a029ba60185c,503,2023-05-08T19:43:20.611556+01:00,barcode07,rabv_ea,11923,7690,8081,378,381,RABV_EA
e990248a-b0be-422b-bd45-8a37c4b1d7d9,471,2023-05-08T19:43:17.611556+01:00,barcode07,rabv_ea,11923,10164,10561,363,386,RABV_EA
926a307d-7011-4781-88b7-a1de4cc18864,839,2023-05-08T19:44:03.611556+01:00,barcode07,?,11923,0,0,291,307,?
0025c969-fdb8-4178-bd75-5e20c46e9ea3,869,2023-05-08T19:43:14.611556+01:00,barcode07,?,11923,0,0,377,383,?
569192be-a4cb-4fbf-9219-3cb124b51220,453,2023-05-08T19:43:11.611556+01:00,barcode07,rabv_ea,11923,11111,11494,352,375,RABV_EA
fd3328d2-a7e1-482d-b9a6-c21678500707,456,2023-05-08T19:43:16.611556+01:00,barcode07,rabv_ea,11923,5212,5608,373,381,RABV_EA
054c73e1-e3ea-48aa-915d-89d1dc27a165,548,2023-05-08T19:43:13.611556+01:00,barcode07,rabv_ea,11923,10164,10576,395,406,RABV_EA
c11ab739-0564-4435-91a2-d94b0a165862,451,2023-05-08T19:44:04.611556+01:00,barcode07,rabv_ea,11923,7703,8081,357,370,RABV_EA
0442fab5-f05b-4a97-8931-4b8dad514d44,1692,2023-05-08T19:44:00.611556+01:00,barcode07,?,11923,0,0,390,402,?
1e821015-f4f7-44b7-9ad8-edb858028dd0,286,2023-05-08T19:43:15.611556+01:00,barcode07,*,0,0,0,0,0,*
58a1c4c6-6177-4e06-a614-2c30135ee38f,447,2023-05-08T19:43:11.611556+01:00,barcode07,rabv_ea,11923,7689,8068,360,368,RABV_EA
9d2dc30a-b642-46b6-acaa-c4337c2b8844,531,2023-05-08T19:43:11.611556+01:00,barcode07,rabv_ea,11923,10164,10576,371,395,RABV_EA
57488764-a0fa-4218-b4ca-7c249311e3ff,448,2023-05-08T19:43:53.611556+01:00,barcode07,rabv_ea,11923,7702,8081,364,373,RABV_EA
0cd64f22-b039-4744-8d34-a00f5dbf8f81,461,2023-05-08T19:44:02.611556+01:00,barcode07,rabv_ea,11923,5833,6223,368,379,RABV_EA
b44b3a39-0fd7-4cbf-a9b4-b64de7033255,391,2023-05-08T19:43:11.611556+01:00,barcode07,rabv_ea,11923,6506,6828,294,310,RABV_EA
4c4c04d2-31ee-431a-a3cf-7866fe669b8b,693,2023-05-08T19:43:08.611556+01:00,barcode07,?,11923,0,0,291,296,?
91ca6b71-9f5e-44ae-9ec5-263088af1a03,448,2023-05-08T19:44:04.611556+01:00,barcode07,rabv_ea,11923,1569,1958,372,376,RABV_EA
6b9743e2-cd4b-476e-ad64-f8633b8316cf,523,2023-05-08T19:43:06.611556+01:00,barcode07,rabv_ea,11923,612,1031,377,400,RABV_EA
1a0b9994-f68a-4e95-a1e6-de47c5157852,857,2023-05-08T19:43:08.611556+01:00,barcode07,?,11923,0,0,382,395,?
48b3dd88-7b4d-46bd-879f-e523a2318046,792,2023-05-08T19:43:14.611556+01:00,barcode07,?,11923,0,0,362,370,?
cb1a154e-c8b7-45c2-8bc5-7bd2a9ee613e,502,2023-05-08T19:43:03.611556+01:00,barcode07,rabv_ea,11923,10172,10561,374,380,RABV_EA
a7663223-b5cc-407b-9021-fd51707f2253,1271,2023-05-08T19:43:08.611556+01:00,barcode07,?,11923,0,0,388,393,?
177a4193-b92b-4a72-9267-702225bb4255,454,2023-05-08T19:43:15.611556+01:00,barcode07,rabv_ea,11923,11407,11795,358,371,RABV_EA
3dd18733-e3bd-41f4-9752-21179a9f4d86,459,2023-05-08T19:43:50.611556+01:00,barcode07,rabv_ea,11923,1555,1942,367,376,RABV_EA
8b2a8156-de35-46e2-8cee-f8a4d197c1eb,1250,2023-05-08T19:43:15.611556+01:00,barcode07,?,11923,0,0,366,387,?
32203f60-eeab-46e6-a436-1b4ccf6e699c,2081,2023-05-08T19:43:58.611556+01:00,barcode07,?,11923,0,0,891,936,?
a53c1073-9f20-4874-bb9b-15332c9aca58,1763,2023-05-08T19:43:14.611556+01:00,barcode07,?,11923,0,0,395,405,?
d1f6509c-d056-433b-a28c-98f83df18fe6,889,2023-05-08T19:43:07.611556+01:00,barcode07,?,11923,0,0,398,402,?
ae8f680e-cb57-441c-90df-a559a56167c6,465,2023-05-08T19:43:13.611556+01:00,barcode07,rabv_ea,11923,5210,5608,387,394,RABV_EA
f0e81257-707d-43f0-8b02-ca9f5adad19a,158,2023-05-08T19:43:39.611556+01:00,barcode07,*,0,0,0,0,0,*
0b0839ea-5a18-4acc-a44d-ee91c2078e36,1346,2023-05-08T19:43:34.611556+01:00,barcode07,?,11923,0,0,403,403,?
84585b2d-5b2f-4b49-9c2d-2bc71d00ef09,875,2023-05-08T19:43:35.611556+01:00,barcode07,?,11923,0,0,391,402,?
9bc39ea1-8222-4a2d-85ef-e3bbf9afad00,464,2023-05-08T19:43:55.611556+01:00,barcode07,rabv_ea,11923,7690,8061,351,365,RABV_EA
59126821-955d-4173-963c-6879bf50652f,482,2023-05-08T19:43:52.611556+01:00,barcode07,rabv_ea,11923,7690,8081,350,361,RABV_EA
ec37fc1a-9b0c-4644-a609-b8a0248cced8,540,2023-05-08T19:43:52.611556+01:00,barcode07,rabv_ea,11923,7690,8080,365,374,RABV_EA
e87b2ac0-69ed-45f5-a89d-4df21ca6d286,475,2023-05-08T19:43:08.611556+01:00,barcode07,rabv_ea,11923,1567,1958,381,387,RABV_EA
81f091c8-e36d-4235-918c-be4f5998512c,862,2023-05-08T19:43:59.611556+01:00,barcode07,?,11923,0,0,389,410,?
b13eb0d7-8bb3-4a81-b59d-c20412b999a6,483,2023-05-08T19:42:52.611556+01:00,barcode07,rabv_ea,11923,11407,11795,367,384,RABV_EA
1557cf40-e602-4b80-9b39-66dc4df18347,1287,2023-05-08T19:43:02.611556+01:00,barcode07,?,11923,0,0,389,402,?
2a0ddbbd-06b1-4040-8dfe-52c0e53df4f4,1264,2023-05-08T19:43:53.611556+01:00,barcode07,?,11923,0,0,390,409,?
48c63c8f-9fc3-4a30-b2da-3ecf4462749e,454,2023-05-08T19:43:18.611556+01:00,barcode07,rabv_ea,11923,7062,7440,336,362,RABV_EA
d3e9e287-9eff-4cac-8060-e43a5aa0a1b8,520,2023-05-08T19:43:16.611556+01:00,barcode07,rabv_ea,11923,10164,10576,388,396,RABV_EA
275bdf80-8d51-468d-a91c-37f002c87e59,889,2023-05-08T19:43:33.611556+01:00,barcode07,?,11923,0,0,374,382,?
85e78d9a-e68f-4246-b407-5ea331e1334b,882,2023-05-08T19:44:00.611556+01:00,barcode07,?,11923,0,0,338,346,?
ed4b69d2-3d78-423d-b8cf-88474d2d40f4,1108,2023-05-08T19:43:05.611556+01:00,barcode07,rabv_ea,11923,4626,5053,393,413,RABV_EA
49bdabb2-4dac-4214-b888-a5fd5ee1235e,873,2023-05-08T19:43:03.611556+01:00,barcode07,?,11923,0,0,388,397,?
8212568b-a72b-4ffd-9942-835a33cb698c,461,2023-05-08T19:43:05.611556+01:00,barcode07,rabv_ea,11923,11392,11782,366,381,RABV_EA
70db3984-04a1-4fcf-8a54-161572adfbac,1249,2023-05-08T19:43:01.611556+01:00,barcode07,?,11923,0,0,374,376,?
d252fede-af20-4cf1-b7d0-b66aace7bda5,848,2023-05-08T19:42:59.611556+01:00,barcode07,?,11923,0,0,384,394,?
68d5be49-65ea-41cb-83f8-cc2d8e2db57f,448,2023-05-08T19:43:01.611556+01:00,barcode07,rabv_ea,11923,5836,6223,364,372,RABV_EA
280b1bf6-0e18-425c-ac3b-2aef1ad498b4,473,2023-05-08T19:42:52.611556+01:00,barcode07,rabv_ea,11923,11406,11794,359,381,RABV_EA
5f065d11-1061-4ac7-9b96-a5ed514a4e59,1300,2023-05-08T19:43:01.611556+01:00,barcode07,?,11923,0,0,384,391,?
846b4cca-61f2-4f69-a1d0-88f96a82181f,456,2023-05-08T19:43:30.611556+01:00,barcode07,rabv_ea,11923,1570,1958,361,375,RABV_EA
33247ba2-10a9-45c1-93b2-b030aad0ce46,464,2023-05-08T19:43:01.611556+01:00,barcode07,rabv_ea,11923,1567,1956,368,383,RABV_EA
adcc288d-609b-48b1-883d-a99cf4c3c736,843,2023-05-08T19:43:30.611556+01:00,barcode07,?,11923,0,0,374,381,?
8a6263f1-b592-4b1c-831a-f8652a52d057,467,2023-05-08T19:42:47.611556+01:00,barcode07,rabv_ea,11923,3398,3789,370,383,RABV_EA
3009c851-6708-467a-bd8c-4f27abeee240,869,2023-05-08T19:43:29.611556+01:00,barcode07,?,11923,0,0,383,403,?
963628c9-efd8-4275-8fea-d0b5debbb85d,457,2023-05-08T19:43:02.611556+01:00,barcode07,rabv_ea,11923,8956,9320,332,356,RABV_EA
14eac655-d4a5-428c-b675-a0fce326b398,436,2023-05-08T19:43:05.611556+01:00,barcode07,rabv_ea,11923,4339,4713,333,358,RABV_EA
85f7812b-daf4-46f2-9b02-db56bc8f2c3e,538,2023-05-08T19:42:48.611556+01:00,barcode07,rabv_ea,11923,10164,10569,384,394,RABV_EA
f418ef5e-139d-40be-912c-40476cec3d2e,2870,2023-05-08T19:42:42.611556+01:00,barcode07,?,11923,0,0,403,408,?
9e9d2ec8-61ff-4fdf-955a-6a892c6e3cf6,849,2023-05-08T19:43:29.611556+01:00,barcode07,?,11923,0,0,361,377,?
e33feff5-f3ef-4330-9236-c56ef6136788,516,2023-05-08T19:43:06.611556+01:00,barcode07,rabv_ea,11923,1567,1958,374,382,RABV_EA
bb787baf-26bb-4d01-a9e0-16980839988e,524,2023-05-08T19:42:58.611556+01:00,barcode07,rabv_ea,11923,7690,8081,382,387,RABV_EA
6f703734-067f-4d63-84bf-72b846bdfbbc,445,2023-05-08T19:43:05.611556+01:00,barcode07,rabv_ea,11923,11111,11494,342,370,RABV_EA
8c088c5c-1f92-40cc-ae08-cfa9cd81c483,498,2023-05-08T19:43:39.611556+01:00,barcode07,rabv_ea,11923,9856,10263,360,374,RABV_EA
5454da19-27b0-4c8e-b08a-02c66e72df69,440,2023-05-08T19:43:04.611556+01:00,barcode07,rabv_ea,11923,7709,8059,325,335,RABV_EA
c24b6ea6-5c2b-4ea3-9131-50ab623776bf,336,2023-05-08T19:43:33.611556+01:00,barcode07,rabv_ea,11923,4525,4718,182,190,RABV_EA
e146b12d-a9a6-4201-a6a8-1eceb1f5cc1a,669,2023-05-08T19:43:34.611556+01:00,barcode07,rabv_ea,11923,9537,9937,343,374,RABV_EA
841a7b02-6b8f-49f2-a48d-bf12ddb48d2f,249,2023-05-08T19:42:45.611556+01:00,barcode07,rabv_ea,11923,7311,7455,130,140,RABV_EA
985d2c24-1038-420d-bba8-775e496a20fb,444,2023-05-08T19:42:54.611556+01:00,barcode07,rabv_ea,11923,7690,8068,354,367,RABV_EA
d4058d58-882c-45b8-9064-b8c8569fc48b,1253,2023-05-08T19:42:49.611556+01:00,barcode07,?,11923,0,0,382,391,?
c874034d-b2ab-43b3-b2b7-8f5f2e954da8,477,2023-05-08T19:42:52.611556+01:00,barcode07,rabv_ea,11923,1565,1958,382,390,RABV_EA
8f7a1057-13c2-48d8-8f42-b743df3fe794,1217,2023-05-08T19:42:47.611556+01:00,barcode07,?,11923,0,0,395,402,?
a95e4407-b988-4288-9bcb-4d7970629759,502,2023-05-08T19:43:32.611556+01:00,barcode07,rabv_ea,11923,7690,8064,363,365,RABV_EA
a45bf033-1e6a-4c64-884e-1b996a925025,442,2023-05-08T19:43:01.611556+01:00,barcode07,rabv_ea,11923,11111,11494,364,369,RABV_EA
da110129-8a13-4b81-81b8-dd915c4f8a74,374,2023-05-08T19:43:01.611556+01:00,barcode07,rabv_ea,11923,10164,10326,159,161,RABV_EA
5ced3fc7-30ba-472a-a032-695b99bb5d79,922,2023-05-08T19:42:57.611556+01:00,barcode07,?,11923,0,0,393,402,?
13026993-ed9f-4229-9586-aba66857893c,881,2023-05-08T19:42:57.611556+01:00,barcode07,?,11923,0,0,370,386,?
c6bd12ef-ab57-413f-bc47-febcb6325ef5,1569,2023-05-08T19:43:31.611556+01:00,barcode07,?,11923,0,0,400,416,?
3ecae6fb-fd19-4393-9aec-869945abed4a,843,2023-05-08T19:43:02.611556+01:00,barcode07,?,11923,0,0,381,387,?
33a877d0-7f90-494b-bded-3ca0745a5867,539,2023-05-08T19:43:35.611556+01:00,barcode07,rabv_ea,11923,10164,10573,394,402,RABV_EA
a7fbe16e-44ee-44a7-bcef-25c11abd1d5a,465,2023-05-08T19:43:03.611556+01:00,barcode07,rabv_ea,11923,1566,1958,368,385,RABV_EA
f2bba986-4db6-4fa4-949a-374679c2250b,456,2023-05-08T19:43:00.611556+01:00,barcode07,rabv_ea,11923,4909,5299,350,375,RABV_EA
8b81aa0d-9377-4207-a8dd-07baac2de1dc,512,2023-05-08T19:42:59.611556+01:00,barcode07,rabv_ea,11923,10164,10573,360,384,RABV_EA
6f339f08-dba9-4321-86cb-1c65b1099cc4,449,2023-05-08T19:43:05.611556+01:00,barcode07,rabv_ea,11923,939,1321,360,371,RABV_EA
962e1923-b226-43cb-948b-f199e1ba423a,446,2023-05-08T19:42:51.611556+01:00,barcode07,rabv_ea,11923,7725,8045,303,311,RABV_EA
af368528-943a-4cfc-a22c-0fa1e82e6cf4,459,2023-05-08T19:43:01.611556+01:00,barcode07,rabv_ea,11923,5211,5608,365,380,RABV_EA
2b0c9e9a-052e-4abe-8877-aff794a683bc,469,2023-05-08T19:43:26.611556+01:00,barcode07,rabv_ea,11923,4626,5038,373,399,RABV_EA
dfe2c057-f9ad-4f58-8373-1e996a68360a,512,2023-05-08T19:43:03.611556+01:00,barcode07,rabv_ea,11923,7692,8081,364,376,RABV_EA
5d5f09a5-4a95-46f0-b37e-25adc6c40694,524,2023-05-08T19:42:58.611556+01:00,barcode07,rabv_ea,11923,10164,10576,397,400,RABV_EA
76161c94-344d-42b6-b090-943b44246b87,526,2023-05-08T19:43:35.611556+01:00,barcode07,rabv_ea,11923,10164,10570,377,388,RABV_EA
dddd8601-ff5c-4f10-b601-db5cd50ae018,530,2023-05-08T19:42:58.611556+01:00,barcode07,rabv_ea,11923,10170,10576,377,396,RABV_EA
afbb41ea-6c75-484e-b508-bd02ba1fa3f3,735,2023-05-08T19:43:01.611556+01:00,barcode07,?,11923,0,0,377,385,?
73a20abc-eae9-4814-8a85-bbd19ccf1097,457,2023-05-08T19:42:51.611556+01:00,barcode07,rabv_ea,11923,1570,1958,361,373,RABV_EA
cec2e74c-f2c0-4b06-8a2d-4559d96b41f5,551,2023-05-08T19:43:02.611556+01:00,barcode07,rabv_ea,11923,10164,10576,397,404,RABV_EA
8b047375-cda6-4d15-be5c-b457bc662486,864,2023-05-08T19:42:45.611556+01:00,barcode07,?,11923,0,0,389,398,?
2623d559-e2f8-46ca-98f5-150e646a1c1e,831,2023-05-08T19:42:27.611556+01:00,barcode07,rabv_ea,11923,9851,10261,395,404,RABV_EA
93787d0b-4ccb-40eb-a997-9754b17daf52,505,2023-05-08T19:43:26.611556+01:00,barcode07,rabv_ea,11923,7722,8081,343,353,RABV_EA
764f3e6a-efb1-45e8-ac2b-896a92ec6ca3,1312,2023-05-08T19:43:22.611556+01:00,barcode07,?,11923,0,0,396,401,?
41e00b2c-e616-4282-95bc-1485fcd8666d,861,2023-05-08T19:42:41.611556+01:00,barcode07,?,11923,0,0,370,391,?
83f38dfd-8493-4f0a-a0fa-2543738aaefe,426,2023-05-08T19:43:23.611556+01:00,barcode07,rabv_ea,11923,962,1334,320,344,RABV_EA
7fdb8319-5736-4cdd-ad15-ffb3599be3a4,856,2023-05-08T19:43:24.611556+01:00,barcode07,?,11923,0,0,396,405,?
f9f2c01d-d2b4-42c6-857e-2bea5889dff5,907,2023-05-08T19:42:48.611556+01:00,barcode07,?,11923,0,0,379,384,?
64762ee7-c905-4e78-bb87-ace42e22fbc3,871,2023-05-08T19:42:58.611556+01:00,barcode07,?,11923,0,0,382,397,?
c1967837-7201-404b-bd08-7ef954083bf4,1683,2023-05-08T19:42:39.611556+01:00,barcode07,?,11923,0,0,768,785,?
dd85dd96-6491-40ed-8f26-13fdd8d12587,865,2023-05-08T19:42:58.611556+01:00,barcode07,?,11923,0,0,385,402,?
566a7204-eefd-4394-b298-bfaa763a78ee,518,2023-05-08T19:42:58.611556+01:00,barcode07,rabv_ea,11923,6133,6528,377,390,RABV_EA
ae0e5387-4dae-4bc8-a298-8ba3705d3507,439,2023-05-08T19:43:26.611556+01:00,barcode07,rabv_ea,11923,7713,8081,352,363,RABV_EA
472ab977-95fc-4ef6-ac17-21b4b9d14392,500,2023-05-08T19:42:49.611556+01:00,barcode07,rabv_ea,11923,7708,8080,342,354,RABV_EA
bc2ec27d-fb4c-42de-9040-70481c609845,529,2023-05-08T19:42:35.611556+01:00,barcode07,rabv_ea,11923,10164,10571,363,392,RABV_EA
f63826c2-620b-4d36-99e0-03b9b52bebcd,1197,2023-05-08T19:42:54.611556+01:00,barcode07,?,11923,0,0,390,396,?
b02bb662-f361-4489-8f5e-4c8e561b1850,461,2023-05-08T19:42:56.611556+01:00,barcode07,rabv_ea,11923,3383,3778,383,387,RABV_EA
8ef6fa5a-818a-4b0b-a32e-a3ca505b8966,1299,2023-05-08T19:42:24.611556+01:00,barcode07,?,11923,0,0,643,681,?
7e4046d1-01ab-4f94-81bd-271efd22b9bd,936,2023-05-08T19:42:58.611556+01:00,barcode07,?,11923,0,0,393,400,?
964b8a96-7a9b-4a53-90de-f076bd69bad6,843,2023-05-08T19:42:35.611556+01:00,barcode07,?,11923,0,0,363,377,?
a9693357-81f7-4db2-99ef-0becf5bf4b1d,466,2023-05-08T19:43:25.611556+01:00,barcode07,rabv_ea,11923,6424,6819,373,383,RABV_EA
a4b5aad1-8d4f-4582-b5b8-113a517d2753,270,2023-05-08T19:42:35.611556+01:00,barcode07,rabv_ea,11923,10187,10368,179,180,RABV_EA
b7027f50-d38a-4006-b918-ea26f5902360,463,2023-05-08T19:43:25.611556+01:00,barcode07,rabv_ea,11923,10164,10562,379,389,RABV_EA
3db69da2-eba7-4bb8-89ce-d242048a3629,460,2023-05-08T19:43:24.611556+01:00,barcode07,rabv_ea,11923,1551,1942,354,372,RABV_EA
46c0b7fb-0160-4d6a-bf2d-5ea6166e7eaf,457,2023-05-08T19:43:23.611556+01:00,barcode07,rabv_ea,11923,10178,10576,373,383,RABV_EA
2c251f62-6aa7-4a7a-8fce-2fbad9e7541b,508,2023-05-08T19:43:23.611556+01:00,barcode07,rabv_ea,11923,10164,10576,365,382,RABV_EA
14ebd8c6-836f-46d2-8011-501ceebbdeb6,463,2023-05-08T19:42:29.611556+01:00,barcode07,rabv_ea,11923,1566,1958,381,386,RABV_EA
697f840a-fb2c-4241-b6f4-0a1616c6fdaf,355,2023-05-08T19:42:30.611556+01:00,barcode07,?,11923,0,0,121,121,?
9ec7258c-6002-44bd-8168-55256f3b96a2,467,2023-05-08T19:42:27.611556+01:00,barcode07,rabv_ea,11923,10164,10562,354,383,RABV_EA
b1ca9e7a-a9b0-48a8-8e01-157ced08885c,445,2023-05-08T19:42:58.611556+01:00,barcode07,rabv_ea,11923,7703,8081,356,367,RABV_EA
75fef781-07fc-4a1e-a035-a9de640b8091,873,2023-05-08T19:43:00.611556+01:00,barcode07,?,11923,0,0,365,381,?
95eaf3a0-0a8d-42ee-b4f1-e2074e0153ae,458,2023-05-08T19:42:54.611556+01:00,barcode07,rabv_ea,11923,7075,7461,379,381,RABV_EA
31f1f53a-1823-4879-b5ad-5f12a14bff99,856,2023-05-08T19:43:14.611556+01:00,barcode07,?,11923,0,0,371,378,?
d14eea56-58bf-4b94-ad96-c82862eda364,446,2023-05-08T19:42:19.611556+01:00,barcode07,rabv_ea,11923,7690,8068,341,359,RABV_EA
ad4d4960-2d5e-4843-a29c-aeead8a9f29c,857,2023-05-08T19:42:17.611556+01:00,barcode07,?,11923,0,0,348,370,?
d038df1e-6865-498a-8fdb-efa58dc770a9,438,2023-05-08T19:42:18.611556+01:00,barcode07,rabv_ea,11923,7706,8068,336,344,RABV_EA
c926c739-c5ad-4a69-9d2e-e98a66d86fb5,501,2023-05-08T19:42:19.611556+01:00,barcode07,rabv_ea,11923,7689,8081,371,383,RABV_EA
32f0f3b3-ad4f-4693-9822-136a4a25c9b7,520,2023-05-08T19:42:18.611556+01:00,barcode07,rabv_ea,11923,7690,8081,362,377,RABV_EA
05ad1f55-5052-44b6-9163-53a32e99a74e,536,2023-05-08T19:42:56.611556+01:00,barcode07,rabv_ea,11923,10164,10576,400,405,RABV_EA
e2857422-aa38-40af-b086-f8d8f3740a73,1084,2023-05-08T19:43:18.611556+01:00,barcode07,?,11923,0,0,377,393,?
ceca0b51-609e-4b64-9c16-0010b7aae6ad,513,2023-05-08T19:42:37.611556+01:00,barcode07,rabv_ea,11923,10164,10576,399,404,RABV_EA
1d75f020-dfef-4956-a5ba-cd17cd2cf793,915,2023-05-08T19:43:15.611556+01:00,barcode07,?,11923,0,0,373,399,?
13456dc9-474f-47f6-a0ae-745956d4011c,485,2023-05-08T19:42:20.611556+01:00,barcode07,rabv_ea,11923,7690,8072,337,351,RABV_EA
0dfa3e28-3799-4e20-afb0-7ca04546e41c,458,2023-05-08T19:43:17.611556+01:00,barcode07,rabv_ea,11923,3390,3775,366,371,RABV_EA
d2b5a66c-0d68-4143-85c5-2a467e328c10,532,2023-05-08T19:43:14.611556+01:00,barcode07,rabv_ea,11923,10164,10576,392,403,RABV_EA
c052f0ef-f821-4bc0-b5e6-e8e09eedf066,839,2023-05-08T19:42:32.611556+01:00,barcode07,?,11923,0,0,351,374,?
906bd7de-fbf2-4cca-9b10-67b4b41f2e52,508,2023-05-08T19:42:19.611556+01:00,barcode07,rabv_ea,11923,6138,6528,383,387,RABV_EA
eb9acdfd-da0a-4d3f-a030-8876b76c4d0d,484,2023-05-08T19:42:20.611556+01:00,barcode07,rabv_ea,11923,5196,5592,367,385,RABV_EA
23620f8a-1148-4fb9-9d6a-36ef6b5b12f5,512,2023-05-08T19:43:18.611556+01:00,barcode07,rabv_ea,11923,7689,8078,354,366,RABV_EA
829b08fc-f43c-4033-8dbf-1344ee431767,938,2023-05-08T19:43:14.611556+01:00,barcode07,?,11923,0,0,362,387,?
4280eb00-e9a3-4a30-b377-ca0b9e2f9f64,521,2023-05-08T19:42:34.611556+01:00,barcode07,rabv_ea,11923,9851,10263,395,403,RABV_EA
0bb04f8c-35b5-466f-8045-9e545d1437a3,482,2023-05-08T19:42:35.611556+01:00,barcode07,rabv_ea,11923,7690,8081,376,382,RABV_EA
d608db94-0b53-425e-a499-31728a3dabce,519,2023-05-08T19:43:21.611556+01:00,barcode07,rabv_ea,11923,10164,10572,383,394,RABV_EA
016c13e4-d66d-49d3-94e1-932607fac539,1003,2023-05-08T19:42:53.611556+01:00,barcode07,?,11923,0,0,384,395,?
a39092a1-ea7d-4a1d-947b-2e84ccc7866b,527,2023-05-08T19:42:55.611556+01:00,barcode07,rabv_ea,11923,10164,10576,385,399,RABV_EA
1f0c1c13-85ce-4988-b9f6-dc6a2c4a1a76,506,2023-05-08T19:42:56.611556+01:00,barcode07,rabv_ea,11923,7692,8081,361,373,RABV_EA
8aea9b08-57fd-49ee-8b3a-4690f1ec978c,902,2023-05-08T19:42:56.611556+01:00,barcode07,?,11923,0,0,365,389,?
e119cb61-1023-4da8-aedb-fb284a17394f,1720,2023-05-08T19:42:53.611556+01:00,barcode07,?,11923,0,0,366,375,?
05194311-47e2-46e7-a910-bab884cbc98f,909,2023-05-08T19:42:17.611556+01:00,barcode07,?,11923,0,0,351,374,?
3fdb4f60-0a62-4d0f-b3be-de07e5ca2487,511,2023-05-08T19:42:23.611556+01:00,barcode07,rabv_ea,11923,7690,8081,366,377,RABV_EA
ae62296b-fdee-4dd6-8c03-b98064e4f133,510,2023-05-08T19:42:24.611556+01:00,barcode07,rabv_ea,11923,7690,8081,363,378,RABV_EA
e44b4f64-50a2-42c1-a21b-48319c5b6369,775,2023-05-08T19:42:06.611556+01:00,barcode07,?,11923,0,0,359,374,?
f8232d82-eadd-46dd-b9ac-c8957d25cf70,526,2023-05-08T19:42:23.611556+01:00,barcode07,rabv_ea,11923,10164,10572,381,393,RABV_EA
624a0146-8b8d-4a17-a943-d5d15dbeb794,454,2023-05-08T19:42:24.611556+01:00,barcode07,rabv_ea,11923,11392,11780,355,377,RABV_EA
a1762a96-2321-4bb0-a2d9-8b2c6f587a5b,448,2023-05-08T19:42:44.611556+01:00,barcode07,rabv_ea,11923,6424,6816,355,368,RABV_EA
1b7061b7-cb86-4f9b-b0ab-9feeb3327486,462,2023-05-08T19:43:11.611556+01:00,barcode07,rabv_ea,11923,6424,6819,373,389,RABV_EA
96be64ef-b380-4cbd-a41f-dec60c52691f,477,2023-05-08T19:42:50.611556+01:00,barcode07,rabv_ea,11923,10164,10564,371,387,RABV_EA
753560ac-697a-457d-9ddf-8cb7893c96fd,453,2023-05-08T19:42:23.611556+01:00,barcode07,rabv_ea,11923,7703,8078,367,373,RABV_EA
8e9d1556-80bd-4fb9-bb8c-3299e2df8f36,463,2023-05-08T19:43:11.611556+01:00,barcode07,rabv_ea,11923,10178,10562,344,368,RABV_EA
e3277b29-5754-4d6d-ab64-a88c2e7e93dd,459,2023-05-08T19:42:30.611556+01:00,barcode07,rabv_ea,11923,8940,9325,361,372,RABV_EA
c5d38d43-d87b-404d-89e5-8f2e95e5f8cd,955,2023-05-08T19:42:29.611556+01:00,barcode07,?,11923,0,0,376,386,?
1072f2cb-b823-49c8-b820-50dd07fa4354,441,2023-05-08T19:42:34.611556+01:00,barcode07,rabv_ea,11923,11111,11488,361,364,RABV_EA
5fd4e15c-f5ac-4357-b021-21cf100a0a37,445,2023-05-08T19:43:11.611556+01:00,barcode07,rabv_ea,11923,9054,9325,249,267,RABV_EA
4c85006c-a615-4620-9b34-ba43c75dd118,448,2023-05-08T19:42:22.611556+01:00,barcode07,rabv_ea,11923,7703,8077,361,365,RABV_EA
48f76a37-719b-461a-8e58-fb6b40827e0b,1271,2023-05-08T19:42:49.611556+01:00,barcode07,?,11923,0,0,350,367,?
587b4666-4e8f-4428-9b79-d6ac383361e5,503,2023-05-08T19:42:50.611556+01:00,barcode07,rabv_ea,11923,6158,6523,342,353,RABV_EA
f33ea08d-b8cd-4fb0-8d16-76eb34e23f4b,1354,2023-05-08T19:42:41.611556+01:00,barcode07,?,11923,0,0,377,383,?
edf73ff0-eb8e-4505-827c-908ef398afa4,511,2023-05-08T19:42:46.611556+01:00,barcode07,rabv_ea,11923,7690,8081,382,387,RABV_EA
b2c6e5b9-60e3-4956-a769-1329be3f25a8,471,2023-05-08T19:42:11.611556+01:00,barcode07,rabv_ea,11923,4626,5036,368,391,RABV_EA
40083655-d7a0-4ac9-a1e7-539b2b1002a1,696,2023-05-08T19:42:47.611556+01:00,barcode07,?,11923,0,0,390,399,?
f9a31230-c8ba-4b62-a404-d2bf0f5d0d37,872,2023-05-08T19:42:43.611556+01:00,barcode07,?,11923,0,0,389,396,?
91f08f3b-b609-4625-b45c-0f24e31fddf2,443,2023-05-08T19:42:43.611556+01:00,barcode07,rabv_ea,11923,7704,8068,347,354,RABV_EA
791ce9c4-d864-42c6-9f62-abb5cbc9dc40,451,2023-05-08T19:42:47.611556+01:00,barcode07,rabv_ea,11923,11111,11494,354,367,RABV_EA
aea42151-d732-4874-bcb8-e3d1a0f8c851,881,2023-05-08T19:42:53.611556+01:00,barcode07,?,11923,0,0,391,398,?
df26daee-9a37-42e8-b81d-c11921d24505,474,2023-05-08T19:42:41.611556+01:00,barcode07,rabv_ea,11923,9851,10244,362,381,RABV_EA
1d1e9b63-b6fd-495e-a177-99ec7b92b8dd,451,2023-05-08T19:43:13.611556+01:00,barcode07,rabv_ea,11923,7075,7467,381,384,RABV_EA
cdbba76c-9dbb-43c6-8dc2-4fcb640d0ef8,579,2023-05-08T19:42:23.611556+01:00,barcode07,?,11923,0,0,387,400,?
09d1ec44-af3c-46b1-a362-b47b33f73eef,464,2023-05-08T19:42:22.611556+01:00,barcode07,rabv_ea,11923,10163,10553,370,382,RABV_EA
39da2acf-964e-49a7-b077-14f7638b8647,425,2023-05-08T19:42:45.611556+01:00,barcode07,rabv_ea,11923,10164,10562,320,344,RABV_EA
d64e693d-5648-4aa9-8c54-c084257727d2,441,2023-05-08T19:42:53.611556+01:00,barcode07,rabv_ea,11923,7704,8081,362,369,RABV_EA
eb7206f3-41ce-4f8f-a2d6-f97c7838d7ba,1258,2023-05-08T19:42:45.611556+01:00,barcode07,?,11923,0,0,357,365,?
5d089793-3dcc-43d3-abfb-fa5707ba3dc0,459,2023-05-08T19:42:46.611556+01:00,barcode07,rabv_ea,11923,11391,11782,376,387,RABV_EA
c1e67e2d-2c83-4ef2-9e20-ab39207c7898,1240,2023-05-08T19:42:15.611556+01:00,barcode07,?,11923,0,0,376,389,?
72d02616-d2f4-408d-8931-92e1758af466,978,2023-05-08T19:42:16.611556+01:00,barcode07,?,11923,0,0,373,378,?
4b9d230a-ceb9-4b81-9658-b9e308f8e977,472,2023-05-08T19:42:46.611556+01:00,barcode07,rabv_ea,11923,5200,5593,359,377,RABV_EA
8f59e604-d656-4ad4-9ea4-c162bd9f7c7e,455,2023-05-08T19:42:38.611556+01:00,barcode07,rabv_ea,11923,10179,10533,312,323,RABV_EA
a8cf5875-6120-44ec-9ecd-98bc19d1f8a8,844,2023-05-08T19:42:21.611556+01:00,barcode07,?,11923,0,0,362,377,?
dd4ee5e7-21d9-40e6-9f5b-023eefc11ede,443,2023-05-08T19:42:47.611556+01:00,barcode07,rabv_ea,11923,10177,10576,363,371,RABV_EA
c6ea6395-4f4c-4ecd-b762-5b9243df1e34,712,2023-05-08T19:42:53.611556+01:00,barcode07,?,11923,0,0,367,379,?
f371b8d9-519a-458b-a02f-4ce861e414cc,1247,2023-05-08T19:42:36.611556+01:00,barcode07,?,11923,0,0,362,376,?
20ea3194-dff6-4c0c-9a75-aaa2752c783c,1289,2023-05-08T19:42:21.611556+01:00,barcode07,?,11923,0,0,389,397,?
16367707-a325-44f2-8c75-61016a8b5d0c,509,2023-05-08T19:42:18.611556+01:00,barcode07,rabv_ea,11923,10164,10575,377,398,RABV_EA
d00a8451-5651-4c8f-8409-c9b2129d627a,534,2023-05-08T19:41:59.611556+01:00,barcode07,rabv_ea,11923,10164,10576,388,399,RABV_EA
079b0061-3e4e-45e7-815b-1b7def2084cf,534,2023-05-08T19:42:39.611556+01:00,barcode07,rabv_ea,11923,10172,10570,359,383,RABV_EA
e0790e5a-6b3a-4a86-b228-c6e3e6f159ce,462,2023-05-08T19:42:41.611556+01:00,barcode07,rabv_ea,11923,10173,10559,347,376,RABV_EA
56cad9d1-305c-402a-8a84-0e262be08c32,447,2023-05-08T19:41:59.611556+01:00,barcode07,rabv_ea,11923,4920,5293,333,361,RABV_EA
fe1b95fa-a135-421e-9ef7-069cca57eb58,446,2023-05-08T19:41:58.611556+01:00,barcode07,rabv_ea,11923,11111,11494,354,366,RABV_EA
fc0f1b9e-dbd8-49d9-ba50-81baa598218a,438,2023-05-08T19:42:01.611556+01:00,barcode07,rabv_ea,11923,7713,8072,344,351,RABV_EA
eb6c4d89-c342-4b91-9c2f-0c136035acb4,458,2023-05-08T19:41:57.611556+01:00,barcode07,rabv_ea,11923,10164,10561,365,377,RABV_EA
97ae35ef-3c0f-4620-bf64-bcf5cea7bb4b,523,2023-05-08T19:41:58.611556+01:00,barcode07,rabv_ea,11923,10166,10570,362,378,RABV_EA
3a356d40-434e-4b42-979d-a54feb2990db,876,2023-05-08T19:42:05.611556+01:00,barcode07,?,11923,0,0,400,410,?
1e213dee-8ef6-4ebf-8d87-ce76d9a90fa6,1340,2023-05-08T19:42:13.611556+01:00,barcode07,?,11923,0,0,383,396,?
3125b0d8-2ca1-4671-a46a-fb412cc887b9,511,2023-05-08T19:42:06.611556+01:00,barcode07,rabv_ea,11923,6208,6528,305,314,RABV_EA
adfca970-8dd0-4dc4-9f05-7e56e8d02ea9,861,2023-05-08T19:42:38.611556+01:00,barcode07,?,11923,0,0,381,392,?
54e044c7-cc1b-4800-a9d0-6e7c92064cde,1261,2023-05-08T19:42:31.611556+01:00,barcode07,?,11923,0,0,372,392,?
8ce98e5a-eae8-40b9-a023-8c4889ae1ae7,514,2023-05-08T19:42:11.611556+01:00,barcode07,rabv_ea,11923,9851,10263,392,401,RABV_EA
09bde80d-5c1a-4a5b-b041-1d675c6f319b,437,2023-05-08T19:42:47.611556+01:00,barcode07,rabv_ea,11923,7714,8081,350,362,RABV_EA
45a34f28-defd-4cf8-b257-23f40b24064a,542,2023-05-08T19:41:58.611556+01:00,barcode07,?,11923,0,0,212,212,?
7a12d201-c430-450b-ab4c-d5795570d011,490,2023-05-08T19:41:59.611556+01:00,barcode07,rabv_ea,11923,5836,6223,372,382,RABV_EA
2f7aee0e-403e-4396-a79f-045f105497d0,848,2023-05-08T19:42:00.611556+01:00,barcode07,?,11923,0,0,387,399,?
e8b339c5-00b0-4076-8446-5373b58d0c77,456,2023-05-08T19:41:59.611556+01:00,barcode07,rabv_ea,11923,11115,11494,371,375,RABV_EA
577f5252-7b35-417e-9e40-e8cd44954565,475,2023-05-08T19:42:48.611556+01:00,barcode07,rabv_ea,11923,7694,8081,359,370,RABV_EA
7b5c7d28-db90-416b-929b-d36225053b0f,451,2023-05-08T19:42:05.611556+01:00,barcode07,rabv_ea,11923,7702,8081,355,367,RABV_EA
5b19e8eb-8d45-4089-9c67-0ee33241e099,459,2023-05-08T19:42:39.611556+01:00,barcode07,rabv_ea,11923,7233,7465,211,218,RABV_EA
4eda67d1-3e77-409c-a928-17be07528a2e,365,2023-05-08T19:42:30.611556+01:00,barcode07,rabv_ea,11923,9054,9310,235,249,RABV_EA
4f0bae7e-1194-4d40-ba6a-d63e77d37bee,443,2023-05-08T19:42:32.611556+01:00,barcode07,rabv_ea,11923,7704,8078,355,362,RABV_EA
45d287d7-18aa-4515-82e6-53d6069e6e0e,514,2023-05-08T19:42:30.611556+01:00,barcode07,rabv_ea,11923,10164,10576,369,382,RABV_EA
b76d6a9a-2788-4244-98af-bd817493a709,501,2023-05-08T19:42:31.611556+01:00,barcode07,rabv_ea,11923,7702,8081,355,365,RABV_EA
928833a1-4892-4b81-ac67-ba94c829ada0,951,2023-05-08T19:42:29.611556+01:00,barcode07,?,11923,0,0,368,375,?
67ecc648-907b-41e6-9539-a5c502dbb422,837,2023-05-08T19:42:40.611556+01:00,barcode07,?,11923,0,0,342,361,?
501197c7-a4ab-45ea-beb8-4faccc558af8,474,2023-05-08T19:42:33.611556+01:00,barcode07,rabv_ea,11923,4647,5051,383,391,RABV_EA
5ef5eea9-d1f2-4226-b727-673e9166cc4b,534,2023-05-08T19:42:07.611556+01:00,barcode07,rabv_ea,11923,10164,10576,396,405,RABV_EA
04a627b1-5a51-4f6d-ba6a-48b3fceffde6,502,2023-05-08T19:42:07.611556+01:00,barcode07,rabv_ea,11923,7692,8081,375,380,RABV_EA
1fddcd49-a685-428b-b6ad-ea807f3fd4fa,496,2023-05-08T19:41:52.611556+01:00,barcode07,rabv_ea,11923,7690,8081,370,374,RABV_EA
432cb14d-eeea-488c-af3d-d2be647b94eb,867,2023-05-08T19:41:50.611556+01:00,barcode07,?,11923,0,0,376,383,?
b0675c1b-bc15-44bd-9605-73699b5f9444,431,2023-05-08T19:42:39.611556+01:00,barcode07,rabv_ea,11923,1554,1941,338,353,RABV_EA
3dad9d27-44d4-4d91-8e1a-9eabb7047191,873,2023-05-08T19:42:39.611556+01:00,barcode07,?,11923,0,0,358,368,?
d19848f5-8d82-462c-ae7e-18f64b9dfbc1,1279,2023-05-08T19:42:08.611556+01:00,barcode07,?,11923,0,0,379,381,?
7a05ce64-06b1-42ae-af95-32d8b6c9829c,1328,2023-05-08T19:42:07.611556+01:00,barcode07,?,11923,0,0,379,387,?
dfbe5842-af55-4081-a32d-b4ddfe02cf4f,676,2023-05-08T19:42:29.611556+01:00,barcode07,rabv_ea,11923,1619,1958,327,330,RABV_EA
90bd4ff8-2312-4fdf-b131-835c7e2fcdeb,1689,2023-05-08T19:42:37.611556+01:00,barcode07,?,11923,0,0,691,705,?
2d3582c2-b29b-4b15-9fa0-a1e0d46628a9,457,2023-05-08T19:42:41.611556+01:00,barcode07,rabv_ea,11923,9851,10243,380,384,RABV_EA
a61c44ac-c49c-4be1-9d6c-1beb77015577,866,2023-05-08T19:41:47.611556+01:00,barcode07,?,11923,0,0,389,398,?
6deceaef-067e-4122-808b-182739926ebe,1637,2023-05-08T19:42:08.611556+01:00,barcode07,?,11923,0,0,378,393,?
116691a7-0391-4f58-9d4e-99a919426d78,497,2023-05-08T19:42:40.611556+01:00,barcode07,rabv_ea,11923,7690,8075,366,375,RABV_EA
87da3ee0-6b29-4b66-ac85-81d855401389,404,2023-05-08T19:42:32.611556+01:00,barcode07,rabv_ea,11923,8927,9257,320,329,RABV_EA
df238abc-ca17-4294-aeea-2ccbec5757db,2170,2023-05-08T19:42:34.611556+01:00,barcode07,?,11923,0,0,377,387,?
1f09df11-63dc-409f-886c-214237493fc8,414,2023-05-08T19:41:51.611556+01:00,barcode07,rabv_ea,11923,6804,7155,325,335,RABV_EA
489c2455-09d7-40c9-9ef7-7b2685d7a4fe,855,2023-05-08T19:41:47.611556+01:00,barcode07,?,11923,0,0,385,387,?
e2984cc2-878d-478a-bb74-6ffb2eb5ee05,450,2023-05-08T19:41:46.611556+01:00,barcode07,rabv_ea,11923,7703,8081,347,365,RABV_EA
c52b67a7-f7e6-42f7-ba59-a054d3f2568c,860,2023-05-08T19:41:48.611556+01:00,barcode07,rabv_ea,11923,4909,5604,649,666,RABV_EA
9751df65-12e9-4e7a-9bcb-bf3c1695a45d,1136,2023-05-08T19:42:11.611556+01:00,barcode07,?,11923,0,0,386,394,?
a5e7fd06-97c8-4c09-909a-e0cceda2c746,421,2023-05-08T19:41:49.611556+01:00,barcode07,rabv_ea,11923,7690,7996,293,301,RABV_EA
6d3dd9dc-1525-4adf-b904-554b90858bd3,2081,2023-05-08T19:42:09.611556+01:00,barcode07,?,11923,0,0,388,400,?
7d4659d4-ffcd-4691-9e4d-5cea54f40777,253,2023-05-08T19:41:47.611556+01:00,barcode07,rabv_ea,11923,4626,4757,126,129,RABV_EA
222e8b4a-d202-4a1f-a465-89bad0a251cb,865,2023-05-08T19:42:07.611556+01:00,barcode07,rabv_ea,11923,4908,5608,670,680,RABV_EA
0ab595e3-4e06-477d-921d-a4b422dddf1c,460,2023-05-08T19:42:39.611556+01:00,barcode07,rabv_ea,11923,11111,11494,367,377,RABV_EA
8a46f5f1-1cc2-43c4-9393-1744e846155a,1634,2023-05-08T19:42:36.611556+01:00,barcode07,?,11923,0,0,617,663,?
2cb9888e-c382-47ba-a2f4-98185deb8450,1267,2023-05-08T19:42:08.611556+01:00,barcode07,?,11923,0,0,396,407,?
3e6978d4-3d15-46f6-adb1-0bdcbdb357d5,835,2023-05-08T19:41:45.611556+01:00,barcode07,?,11923,0,0,339,351,?
02fef148-b07c-4661-9162-d9430f853892,1663,2023-05-08T19:42:09.611556+01:00,barcode07,?,11923,0,0,385,391,?
09fbfeb2-6189-480c-904c-859be5d35b63,465,2023-05-08T19:42:39.611556+01:00,barcode07,rabv_ea,11923,8952,9325,365,369,RABV_EA
006380b6-ba63-4cd2-87c6-6b375c687d3a,457,2023-05-08T19:42:34.611556+01:00,barcode07,rabv_ea,11923,3390,3778,359,376,RABV_EA
fb66f909-d4e8-42c2-983e-0edfdcbc46ff,1342,2023-05-08T19:42:01.611556+01:00,barcode07,?,11923,0,0,604,640,?
a47d4ec2-c1ba-47a0-8b3f-3fab384cf28e,455,2023-05-08T19:41:49.611556+01:00,barcode07,rabv_ea,11923,8941,9325,369,376,RABV_EA
575ee9f1-b5a2-4348-95b1-c42e4f117d1a,453,2023-05-08T19:42:34.611556+01:00,barcode07,rabv_ea,11923,1561,1937,331,351,RABV_EA
8f955769-e84b-4825-93b0-c6224fc031f9,1356,2023-05-08T19:41:50.611556+01:00,barcode07,?,11923,0,0,394,400,?
19c9efee-1cab-4300-91c5-b6b95b073b94,498,2023-05-08T19:41:59.611556+01:00,barcode07,rabv_ea,11923,10164,10563,388,393,RABV_EA
ed4c002f-dd0a-45d1-b7ae-6a847d5d506c,331,2023-05-08T19:41:42.611556+01:00,barcode07,rabv_ea,11923,7810,8081,250,263,RABV_EA
3ed1844c-08be-4669-88a3-14b18740552e,462,2023-05-08T19:41:41.611556+01:00,barcode07,rabv_ea,11923,1565,1958,365,371,RABV_EA
71693fbb-3a77-4f13-9976-1f4598a9b63b,471,2023-05-08T19:42:32.611556+01:00,barcode07,rabv_ea,11923,5212,5608,382,389,RABV_EA
3c496de4-3245-41b9-9817-ec4763a1ba5d,483,2023-05-08T19:41:39.611556+01:00,barcode07,rabv_ea,11923,6753,7154,349,369,RABV_EA
7864edea-40b5-4689-b4d4-e1d9e0c75dae,850,2023-05-08T19:41:38.611556+01:00,barcode07,?,11923,0,0,376,388,?
5614de32-264a-48f7-8e96-24771d7fc3eb,511,2023-05-08T19:42:25.611556+01:00,barcode07,rabv_ea,11923,10165,10559,339,362,RABV_EA
91a97fdf-7724-4d98-aa7b-4fda3f9a9f2a,457,2023-05-08T19:41:39.611556+01:00,barcode07,rabv_ea,11923,9868,10260,380,386,RABV_EA
a19df33f-da68-4825-971c-53186424dfb7,425,2023-05-08T19:41:37.611556+01:00,barcode07,rabv_ea,11923,1590,1958,345,354,RABV_EA
bb4d3c3f-40db-4998-8893-41bb4d2b1fb8,1633,2023-05-08T19:41:55.611556+01:00,barcode07,?,11923,0,0,364,377,?
d80432ac-8547-4156-bb43-763866850035,531,2023-05-08T19:41:58.611556+01:00,barcode07,rabv_ea,11923,10172,10576,378,392,RABV_EA
53f4f353-dba6-4c49-ba86-d2639e0bf781,2124,2023-05-08T19:41:56.611556+01:00,barcode07,?,11923,0,0,396,408,?
a8ed0ec7-41e9-4ac5-bf41-1ebe1401b9e2,874,2023-05-08T19:41:36.611556+01:00,barcode07,?,11923,0,0,377,398,?
6e4c7f6a-ddbe-4955-99cd-8996f199caa9,559,2023-05-08T19:41:37.611556+01:00,barcode07,rabv_ea,11923,10164,10576,371,394,RABV_EA
ac4a2d88-8623-4010-a39f-559f05226de2,447,2023-05-08T19:41:36.611556+01:00,barcode07,rabv_ea,11923,7377,7762,366,376,RABV_EA
1f08521b-bc75-4f3b-828c-032279e1d577,868,2023-05-08T19:42:29.611556+01:00,barcode07,?,11923,0,0,403,410,?
96596f74-06ea-420c-89d6-db02739be504,870,2023-05-08T19:41:35.611556+01:00,barcode07,?,11923,0,0,374,393,?
73f943a6-afdc-4989-87e9-94ed45b5ec2f,1721,2023-05-08T19:42:25.611556+01:00,barcode07,?,11923,0,0,382,383,?
c5f7c717-75df-4dff-93e3-95fca95d1ee1,2484,2023-05-08T19:41:30.611556+01:00,barcode07,?,11923,0,0,385,391,?
87451bcb-397b-4c14-bdaa-646d09b17886,1291,2023-05-08T19:41:54.611556+01:00,barcode07,?,11923,0,0,380,382,?
0f7ee414-fc7b-455e-b5a0-77154b55ea10,426,2023-05-08T19:41:46.611556+01:00,barcode07,rabv_ea,11923,7690,8045,286,299,RABV_EA
f96b8a87-d119-41a3-957b-2969d9cb5eae,458,2023-05-08T19:41:40.611556+01:00,barcode07,rabv_ea,11923,1567,1958,378,385,RABV_EA
c7fd623e-7b9c-42a1-92ba-5e928fe86bc8,464,2023-05-08T19:42:26.611556+01:00,barcode07,rabv_ea,11923,5196,5595,378,393,RABV_EA
2b884fa8-b4a0-45cd-9dba-191a6a1acba5,866,2023-05-08T19:41:35.611556+01:00,barcode07,?,11923,0,0,388,397,?
53965ffb-b2d8-4469-87e9-64f9c075f99c,1883,2023-05-08T19:41:35.611556+01:00,barcode07,?,11923,0,0,387,403,?
eb7a794c-83e0-464e-b984-10035dde7f19,473,2023-05-08T19:41:45.611556+01:00,barcode07,rabv_ea,11923,9851,10249,382,388,RABV_EA
92180843-a520-4058-bd15-67412aff787b,458,2023-05-08T19:42:25.611556+01:00,barcode07,rabv_ea,11923,9549,9929,352,370,RABV_EA
ec5b9f41-2045-4176-b124-dae579b703ae,736,2023-05-08T19:41:43.611556+01:00,barcode07,rabv_ea,11923,5199,5608,397,404,RABV_EA
d8af25a9-8ea7-496f-b53c-b4db16a7ad96,828,2023-05-08T19:42:26.611556+01:00,barcode07,?,11923,0,0,396,405,?
16cade3e-42e8-4aaa-8512-153f0d00bea3,464,2023-05-08T19:42:25.611556+01:00,barcode07,rabv_ea,11923,1568,1958,385,388,RABV_EA
ac84a996-51ce-49cc-95eb-554b7bba41b0,448,2023-05-08T19:41:48.611556+01:00,barcode07,rabv_ea,11923,1565,1958,340,365,RABV_EA
84447f95-6ae7-41c1-a4d3-419b7c283264,714,2023-05-08T19:42:27.611556+01:00,barcode07,?,11923,0,0,268,272,?
ff59f414-29eb-4133-8479-50b04eea16f3,871,2023-05-08T19:41:25.611556+01:00,barcode07,?,11923,0,0,397,402,?
6131686f-a100-4369-b4f3-877d67c24cd7,2722,2023-05-08T19:42:21.611556+01:00,barcode07,?,11923,0,0,372,389,?
559163bc-0157-4a62-9a08-e42e8d552ddf,1655,2023-05-08T19:41:23.611556+01:00,barcode07,?,11923,0,0,387,393,?
0dd19133-a2a8-4923-ae33-db8381865913,455,2023-05-08T19:41:27.611556+01:00,barcode07,rabv_ea,11923,10164,10562,358,382,RABV_EA
c1488a8c-7122-477a-bf3e-c7ceeb3bdc59,1755,2023-05-08T19:41:25.611556+01:00,barcode07,?,11923,0,0,636,654,?
68a59fd3-0032-4a84-aef0-aa2777408461,708,2023-05-08T19:41:20.611556+01:00,barcode07,?,11923,0,0,391,401,?
6e588cd9-012e-46e6-a519-d7014a04dff4,866,2023-05-08T19:41:24.611556+01:00,barcode07,?,11923,0,0,367,376,?
e9a54ead-3b99-4b83-8af1-6038f12b720f,796,2023-05-08T19:41:24.611556+01:00,barcode07,?,11923,0,0,375,388,?
43168e2b-126f-49c2-b38a-6e32238f168c,893,2023-05-08T19:42:22.611556+01:00,barcode07,?,11923,0,0,355,364,?
de6bb8f1-f843-41d8-be9a-f47035456e7b,458,2023-05-08T19:42:23.611556+01:00,barcode07,rabv_ea,11923,10179,10576,363,379,RABV_EA
67120b82-2ffb-4d31-aa8a-80839866c339,426,2023-05-08T19:41:21.611556+01:00,barcode07,rabv_ea,11923,3479,3790,276,299,RABV_EA
3330bc70-1b9b-4121-80e0-734ed61d23b6,469,2023-05-08T19:41:26.611556+01:00,barcode07,rabv_ea,11923,10164,10561,346,376,RABV_EA
47acf395-2dca-4ec2-8e3e-0348a494f8be,966,2023-05-08T19:41:41.611556+01:00,barcode07,?,11923,0,0,401,411,?
fd6a9617-a3a7-457d-bd55-c6a5f928f7ea,442,2023-05-08T19:41:43.611556+01:00,barcode07,rabv_ea,11923,5823,6193,361,364,RABV_EA
ef911e6b-e9dc-404b-872d-c3649ee8c75b,433,2023-05-08T19:41:24.611556+01:00,barcode07,rabv_ea,11923,4893,5283,338,359,RABV_EA
71ec6911-c5c9-4e0e-9651-6ba1553721eb,320,2023-05-08T19:41:21.611556+01:00,barcode07,?,11923,0,0,137,143,?
fb1a08ad-7118-49a1-8dd9-0eb89b3693d5,450,2023-05-08T19:41:42.611556+01:00,barcode07,rabv_ea,11923,1567,1958,373,378,RABV_EA
c7f43b85-635a-4cfc-8b19-58a6ac55b78c,454,2023-05-08T19:41:21.611556+01:00,barcode07,rabv_ea,11923,10164,10556,354,373,RABV_EA
868f5580-f9aa-4752-85de-b5532eb0b27f,712,2023-05-08T19:41:28.611556+01:00,barcode07,rabv_ea,11923,10164,10571,394,400,RABV_EA
daffc8bb-13ec-477b-8598-c1f1b3536e04,872,2023-05-08T19:42:26.611556+01:00,barcode07,?,11923,0,0,381,386,?
8794132e-94e5-4c92-85e1-a01779a6c8d4,497,2023-05-08T19:41:28.611556+01:00,barcode07,rabv_ea,11923,7690,8081,375,378,RABV_EA
77b390ee-a4f7-4e59-8782-05da41a5b873,1315,2023-05-08T19:42:27.611556+01:00,barcode07,?,11923,0,0,385,401,?
abd01d8c-2ea8-40a4-82ff-3d0487fcd4bf,463,2023-05-08T19:42:26.611556+01:00,barcode07,rabv_ea,11923,5847,6220,354,367,RABV_EA
82cd6457-325a-4e04-ab96-ef5e26a0b3b0,471,2023-05-08T19:42:23.611556+01:00,barcode07,rabv_ea,11923,9853,10230,352,366,RABV_EA
951d27af-4c84-438c-8dea-c03a44ab175b,501,2023-05-08T19:41:23.611556+01:00,barcode07,rabv_ea,11923,7690,8080,348,365,RABV_EA
07676223-48b4-4c30-89ec-7147335692ba,452,2023-05-08T19:41:36.611556+01:00,barcode07,rabv_ea,11923,8942,9325,371,379,RABV_EA
f98e1d60-bc0f-443e-91ef-980ceca16324,439,2023-05-08T19:42:19.611556+01:00,barcode07,rabv_ea,11923,7690,8063,352,361,RABV_EA
c85de0fc-092c-48b5-afe1-f81c89c207b6,512,2023-05-08T19:41:13.611556+01:00,barcode07,rabv_ea,11923,10166,10576,374,387,RABV_EA
a59b9245-4e84-4f6e-bcd3-e84316ccf1cd,721,2023-05-08T19:41:34.611556+01:00,barcode07,?,11923,0,0,358,373,?
e6f901c0-4dfc-44c9-92d0-4d75147438ed,450,2023-05-08T19:41:35.611556+01:00,barcode07,rabv_ea,11923,5860,6220,324,339,RABV_EA
ab8d2fd9-f55d-40e6-97ba-bc52c157bea5,454,2023-05-08T19:41:35.611556+01:00,barcode07,rabv_ea,11923,1566,1944,353,360,RABV_EA
5bd9449e-1464-49ad-bf16-0ee0e7f35668,494,2023-05-08T19:42:24.611556+01:00,barcode07,rabv_ea,11923,9851,10263,384,400,RABV_EA
9fd98d9b-5f11-4c23-9ecb-24e46e0fdff1,457,2023-05-08T19:41:34.611556+01:00,barcode07,rabv_ea,11923,3386,3778,368,384,RABV_EA
b90b1b7a-3a01-441a-9d01-258b7d9cfc0a,844,2023-05-08T19:41:20.611556+01:00,barcode07,?,11923,0,0,360,371,?
74e8f851-301d-47ce-a3eb-e0a8cb2d4407,511,2023-05-08T19:41:23.611556+01:00,barcode07,rabv_ea,11923,7699,8078,361,374,RABV_EA
ca7e74ab-3f95-43a5-8393-02d9870ca752,523,2023-05-08T19:41:13.611556+01:00,barcode07,rabv_ea,11923,7690,8081,379,387,RABV_EA
003fbfc7-d3bd-4d48-9c65-17bf8aa70b13,470,2023-05-08T19:41:44.611556+01:00,barcode07,rabv_ea,11923,1572,1958,375,382,RABV_EA
6d7804da-68a1-4999-bd36-ddce8a685118,891,2023-05-08T19:41:40.611556+01:00,barcode07,?,11923,0,0,378,391,?
ede311db-6d9e-4507-9857-cbad60b5992d,426,2023-05-08T19:41:37.611556+01:00,barcode07,rabv_ea,11923,7729,8081,326,343,RABV_EA
c0af8992-0b46-4d7d-948a-6ffe798fb7ee,1672,2023-05-08T19:41:13.611556+01:00,barcode07,?,11923,0,0,401,408,?
2b7c45a0-9973-4eef-96a3-895e41d10fad,1273,2023-05-08T19:41:12.611556+01:00,barcode07,rabv_ea,11923,954,1958,912,977,RABV_EA
03b32548-c00e-4667-ad40-07c1828c6e99,1331,2023-05-08T19:42:11.611556+01:00,barcode07,?,11923,0,0,382,403,?
0bfdfbc7-ef0b-45ff-b86c-825ebc2c55ac,447,2023-05-08T19:42:19.611556+01:00,barcode07,rabv_ea,11923,9875,10254,370,374,RABV_EA
b940f49c-4a76-432c-b384-6e3e34fa4d49,1328,2023-05-08T19:41:22.611556+01:00,barcode07,?,11923,0,0,392,400,?
902e57c6-0ef9-44d4-9a45-8b83f5c314ac,956,2023-05-08T19:41:20.611556+01:00,barcode07,?,11923,0,0,396,402,?
34f931f5-eadb-491d-8d70-a630ab33cca8,509,2023-05-08T19:41:23.611556+01:00,barcode07,rabv_ea,11923,7690,8081,375,381,RABV_EA
3d3b9cd0-7289-4667-bfa3-afaacd18f1a3,511,2023-05-08T19:41:15.611556+01:00,barcode07,rabv_ea,11923,7689,8081,366,379,RABV_EA
33d033a2-fda8-43ab-8060-95c4459f5466,853,2023-05-08T19:41:23.611556+01:00,barcode07,?,11923,0,0,362,373,?
44a0b5f0-1a72-4dbc-810a-82ef01fe64d0,515,2023-05-08T19:42:20.611556+01:00,barcode07,rabv_ea,11923,6424,6827,374,385,RABV_EA
461b10ad-bb36-40e2-8026-ff6dd3abf707,501,2023-05-08T19:42:18.611556+01:00,barcode07,rabv_ea,11923,11105,11494,340,370,RABV_EA
01a0d059-09b3-46e4-99f8-b48c706aa384,1757,2023-05-08T19:41:32.611556+01:00,barcode07,?,11923,0,0,643,687,?
46284deb-dc48-493d-b234-696bad15b58d,501,2023-05-08T19:41:33.611556+01:00,barcode07,rabv_ea,11923,7691,8081,359,372,RABV_EA
ea09d637-da36-4018-b659-16110feb5c98,876,2023-05-08T19:41:34.611556+01:00,barcode07,?,11923,0,0,378,391,?
988145c7-e390-4f3b-8fb3-62523c0bdeaa,839,2023-05-08T19:41:35.611556+01:00,barcode07,?,11923,0,0,360,381,?
603329d6-7c8d-4e41-8234-e1d97ebc3cd0,953,2023-05-08T19:42:12.611556+01:00,barcode07,?,11923,0,0,366,386,?
2ebffe86-dd28-4c54-8dc8-507660cc3d04,1673,2023-05-08T19:41:09.611556+01:00,barcode07,?,11923,0,0,399,411,?
c55df6f8-4b5e-4c7e-9bc9-9c5d13f87f50,445,2023-05-08T19:42:16.611556+01:00,barcode07,rabv_ea,11923,7704,8081,357,369,RABV_EA
c33c4605-aec9-41f1-94e7-2851592da03e,766,2023-05-08T19:41:14.611556+01:00,barcode07,rabv_ea,11923,9856,10263,390,399,RABV_EA
fb6adfc2-dd72-48c6-ac2b-d579f6324c0b,867,2023-05-08T19:41:30.611556+01:00,barcode07,?,11923,0,0,379,387,?
1b151745-d516-412d-be2e-852669f94507,841,2023-05-08T19:41:13.611556+01:00,barcode07,?,11923,0,0,337,363,?
1db6b356-661f-4c68-bde2-2a5d3527af29,512,2023-05-08T19:41:29.611556+01:00,barcode07,rabv_ea,11923,7690,8072,358,367,RABV_EA
b5744131-c35a-4e9b-8a4c-71423965dd4d,461,2023-05-08T19:42:15.611556+01:00,barcode07,rabv_ea,11923,1565,1958,377,385,RABV_EA
ee3f350c-c64f-474e-a35a-cb12a5db455b,868,2023-05-08T19:41:25.611556+01:00,barcode07,?,11923,0,0,385,389,?
2c3e53ca-6c1e-4557-8d11-9156036481c7,1307,2023-05-08T19:42:12.611556+01:00,barcode07,?,11923,0,0,392,399,?
7439022a-6671-4fe7-b753-9db61384ef48,460,2023-05-08T19:41:13.611556+01:00,barcode07,rabv_ea,11923,1565,1958,387,391,RABV_EA
b7cd1308-4e7d-4b1c-bc85-ac19667d9430,860,2023-05-08T19:42:14.611556+01:00,barcode07,?,11923,0,0,385,397,?
3641c96e-0e93-47b9-9731-ef1982527653,1265,2023-05-08T19:41:12.611556+01:00,barcode07,?,11923,0,0,395,408,?
fa62de28-eab5-476a-9aea-f06501ff00c4,1288,2023-05-08T19:41:14.611556+01:00,barcode07,?,11923,0,0,397,403,?
fcc504c8-eca0-4e26-8e33-061ef779e1ef,525,2023-05-08T19:41:12.611556+01:00,barcode07,rabv_ea,11923,10164,10576,397,404,RABV_EA
32aaafa2-304b-4961-a4dc-fe319469f44b,448,2023-05-08T19:41:14.611556+01:00,barcode07,rabv_ea,11923,8940,9325,366,373,RABV_EA
09030263-0430-4a2e-ab4d-d75179d4f893,362,2023-05-08T19:42:17.611556+01:00,barcode07,rabv_ea,11923,2545,2841,264,285,RABV_EA
67dc824a-c002-4f46-9c45-aa8d9d66ba1c,1277,2023-05-08T19:42:15.611556+01:00,barcode07,?,11923,0,0,372,386,?
e7f3b05b-f012-4b66-bfff-114b8544bfda,1308,2023-05-08T19:41:06.611556+01:00,barcode07,?,11923,0,0,391,400,?
2004893f-6980-469c-b780-7bf3c945cd90,456,2023-05-08T19:41:14.611556+01:00,barcode07,rabv_ea,11923,7705,8070,361,365,RABV_EA
ec684d30-ca11-4a79-b280-f03728925455,438,2023-05-08T19:42:16.611556+01:00,barcode07,rabv_ea,11923,8927,9303,349,362,RABV_EA
b03b7740-be49-4e70-8104-220061750ca2,457,2023-05-08T19:41:35.611556+01:00,barcode07,rabv_ea,11923,1575,1958,364,374,RABV_EA
26a816ff-b636-4e65-97ea-d714c12655a2,844,2023-05-08T19:41:29.611556+01:00,barcode07,?,11923,0,0,380,387,?
944b081d-53ef-473b-9e80-663b66d83243,872,2023-05-08T19:42:15.611556+01:00,barcode07,?,11923,0,0,403,406,?
c3da25b1-f808-4b03-9c20-cf89eecbc86e,444,2023-05-08T19:41:05.611556+01:00,barcode07,rabv_ea,11923,6133,6515,345,361,RABV_EA
aba0473c-9f6a-40e6-8e3a-d0a3ccca799a,519,2023-05-08T19:41:06.611556+01:00,barcode07,rabv_ea,11923,10164,10576,369,391,RABV_EA
24af718d-2b5c-45fb-a143-72067754cc74,852,2023-05-08T19:41:29.611556+01:00,barcode07,?,11923,0,0,371,385,?
d1e428b4-c610-4f3c-8bff-5b216b0e9327,1327,2023-05-08T19:41:08.611556+01:00,barcode07,?,11923,0,0,373,389,?
215c7eb6-189a-4dd1-b88d-ef9210be06d5,520,2023-05-08T19:41:07.611556+01:00,barcode07,rabv_ea,11923,9851,10255,390,397,RABV_EA
1c31a710-9768-4b2e-bb83-add165fd89da,675,2023-05-08T19:41:27.611556+01:00,barcode07,?,11923,0,0,358,384,?
2586a7a3-5cc3-4803-95fc-75047febce65,438,2023-05-08T19:41:09.611556+01:00,barcode07,rabv_ea,11923,7690,8063,361,363,RABV_EA
57fbcf79-e077-4c83-9474-73f55b77dabc,452,2023-05-08T19:41:18.611556+01:00,barcode07,rabv_ea,11923,9851,10248,376,377,RABV_EA
7a3ba4ac-2095-4447-9601-dad2a0782ba9,541,2023-05-08T19:41:18.611556+01:00,barcode07,rabv_ea,11923,10164,10574,393,402,RABV_EA
28ed395d-38a1-458c-a306-8682abaccfc8,523,2023-05-08T19:41:06.611556+01:00,barcode07,rabv_ea,11923,7690,8061,358,369,RABV_EA
3c6e91df-89b5-46c2-9365-7509549da8ab,474,2023-05-08T19:41:25.611556+01:00,barcode07,rabv_ea,11923,10170,10562,381,387,RABV_EA
50fa177c-0c33-4557-a349-fd87ade3ed3a,848,2023-05-08T19:41:05.611556+01:00,barcode07,?,11923,0,0,370,381,?
63abd200-2b20-441d-b14f-c28a3b0e10cc,463,2023-05-08T19:41:12.611556+01:00,barcode07,rabv_ea,11923,10178,10576,370,387,RABV_EA
faf26193-2e9d-420d-8b28-12dbe70d7c8a,1601,2023-05-08T19:41:08.611556+01:00,barcode07,?,11923,0,0,729,774,?
baf1b50b-c88f-44ab-8e28-b59ea12112a8,1276,2023-05-08T19:41:14.611556+01:00,barcode07,?,11923,0,0,382,395,?
63bedd4f-95df-4f18-9209-d093b2ac9e79,1080,2023-05-08T19:41:03.611556+01:00,barcode07,?,11923,0,0,380,390,?
aaf7f774-551a-49d7-9f1c-9b538be1a6f3,1715,2023-05-08T19:41:02.611556+01:00,barcode07,?,11923,0,0,366,379,?
a214dac0-3063-4c8e-b5e8-ae09b3c5275c,430,2023-05-08T19:42:11.611556+01:00,barcode07,rabv_ea,11923,5847,6223,338,347,RABV_EA
7814b263-3627-4b65-a8ca-784a90b24d79,963,2023-05-08T19:42:08.611556+01:00,barcode07,*,0,0,0,0,0,*
162cd68d-de44-42a1-b785-db6ffe756fc7,857,2023-05-08T19:41:00.611556+01:00,barcode07,?,11923,0,0,375,387,?
bfd3a192-e5bf-4068-93fe-626dc889b746,444,2023-05-08T19:41:01.611556+01:00,barcode07,rabv_ea,11923,7702,8081,358,366,RABV_EA
8b5fd790-ea0c-4d14-82bb-17c04e1165d5,492,2023-05-08T19:42:05.611556+01:00,barcode07,rabv_ea,11923,10164,10564,376,387,RABV_EA
34a48fb3-556d-4be1-9f93-97b8cbf898e5,851,2023-05-08T19:41:02.611556+01:00,barcode07,?,11923,0,0,383,392,?
a18b1873-9cec-46e1-a2a4-e6563b807338,859,2023-05-08T19:42:07.611556+01:00,barcode07,?,11923,0,0,388,396,?
d01627a9-b2e8-4863-a193-d69f02fb1098,867,2023-05-08T19:41:04.611556+01:00,barcode07,?,11923,0,0,359,368,?
8a711564-e799-453a-8f5e-19d0307ae8c4,461,2023-05-08T19:42:06.611556+01:00,barcode07,rabv_ea,11923,7060,7456,391,392,RABV_EA
aa26e641-3d25-4511-8f11-18b94e5d8a5e,940,2023-05-08T19:40:59.611556+01:00,barcode07,?,11923,0,0,399,402,?
c1571d28-4dff-44e5-9d7e-ae254849a056,468,2023-05-08T19:42:10.611556+01:00,barcode07,rabv_ea,11923,7704,8081,360,371,RABV_EA
a68171aa-b58e-412b-8e18-761db58ada34,1267,2023-05-08T19:41:05.611556+01:00,barcode07,?,11923,0,0,370,378,?
d5557a45-b0fa-4bdc-8a7e-99274e0d9b10,424,2023-05-08T19:41:20.611556+01:00,barcode07,rabv_ea,11923,5819,6190,346,356,RABV_EA
d2922e2f-ea3e-4d15-afff-4a61601a622f,494,2023-05-08T19:41:08.611556+01:00,barcode07,rabv_ea,11923,5852,6211,335,348,RABV_EA
7df430ea-74d4-40ca-8f5a-0e14d6a08e05,461,2023-05-08T19:41:05.611556+01:00,barcode07,rabv_ea,11923,3399,3791,380,390,RABV_EA
f9a7e06f-626a-49d7-ba32-8a6e2b879e1b,511,2023-05-08T19:41:07.611556+01:00,barcode07,rabv_ea,11923,7690,8081,368,381,RABV_EA
e59179e5-309d-4d61-a623-8928086ca981,429,2023-05-08T19:42:08.611556+01:00,barcode07,rabv_ea,11923,7722,8081,321,336,RABV_EA
6bd7f2bc-f4ce-4637-8a9f-9c32cebbf805,532,2023-05-08T19:41:05.611556+01:00,barcode07,rabv_ea,11923,9851,10263,407,410,RABV_EA
751fa39f-1383-4a26-8676-1536c04e0a9a,431,2023-05-08T19:41:09.611556+01:00,barcode07,rabv_ea,11923,7699,8063,323,343,RABV_EA
a98205dc-246b-4686-af9b-1a5ca7f01c18,438,2023-05-08T19:41:10.611556+01:00,barcode07,rabv_ea,11923,7690,8066,363,366,RABV_EA
42a38f74-01f7-4290-ae7c-e6b4382d6ac9,1590,2023-05-08T19:41:03.611556+01:00,barcode07,?,11923,0,0,385,393,?
da37280f-a8cd-4ae2-8769-a32d24efc33a,838,2023-05-08T19:41:09.611556+01:00,barcode07,?,11923,0,0,380,386,?
31140120-113a-4f42-b020-042d7ada23ae,457,2023-05-08T19:41:08.611556+01:00,barcode07,rabv_ea,11923,10164,10559,374,382,RABV_EA
2ca66ea8-69c0-4afe-9be9-1ee0a6ba2641,506,2023-05-08T19:41:12.611556+01:00,barcode07,rabv_ea,11923,5819,6223,383,391,RABV_EA
5a2fd98e-0b0c-4e57-be25-8ce1670406dc,452,2023-05-08T19:41:04.611556+01:00,barcode07,rabv_ea,11923,5857,6223,348,356,RABV_EA
ba6bcdd0-7ca5-4759-bc40-cf31cb1e386d,407,2023-05-08T19:41:06.611556+01:00,barcode07,rabv_ea,11923,995,1333,314,326,RABV_EA
c560e803-0143-493e-a112-65409403087a,861,2023-05-08T19:41:03.611556+01:00,barcode07,?,11923,0,0,371,376,?
76d55efb-f202-4b0c-bece-7635c7e41a6c,829,2023-05-08T19:42:06.611556+01:00,barcode07,?,11923,0,0,339,349,?
66647a22-1360-4f20-97c2-cc31d1ff6833,444,2023-05-08T19:41:09.611556+01:00,barcode07,rabv_ea,11923,7690,8063,352,363,RABV_EA
87dde9c3-58e7-41d0-bb8c-3e361d21e094,876,2023-05-08T19:41:10.611556+01:00,barcode07,?,11923,0,0,369,394,?
fef3aa0d-f6c6-463d-9f8a-eadc4a86659d,468,2023-05-08T19:41:07.611556+01:00,barcode07,rabv_ea,11923,10186,10562,344,358,RABV_EA
47199d03-bae0-4ada-8aa1-9a4a156aa059,465,2023-05-08T19:41:02.611556+01:00,barcode07,rabv_ea,11923,3386,3778,373,385,RABV_EA
b5f95fb6-616c-47ac-a44f-6cac6910d1ab,343,2023-05-08T19:41:04.611556+01:00,barcode07,rabv_ea,11923,7690,7967,260,266,RABV_EA
b0274801-ac16-4bc1-805f-c7f5592f9fcc,526,2023-05-08T19:41:02.611556+01:00,barcode07,rabv_ea,11923,5196,5607,363,383,RABV_EA
961961a5-187c-44f7-9876-64ddbe92846a,453,2023-05-08T19:41:01.611556+01:00,barcode07,rabv_ea,11923,7715,8081,356,360,RABV_EA
f25065e9-4cb7-4f2a-bcda-5a850a37b3db,848,2023-05-08T19:41:00.611556+01:00,barcode07,?,11923,0,0,378,380,?
1b1e18ae-fe61-4ca8-949d-80152c81ff28,515,2023-05-08T19:41:01.611556+01:00,barcode07,rabv_ea,11923,7690,8081,382,385,RABV_EA
0e98c6ec-c796-4558-bc82-247d77cb7e0c,1653,2023-05-08T19:40:54.611556+01:00,barcode07,?,11923,0,0,392,399,?
7e120395-e814-4790-b5b1-92d6b0f81554,4912,2023-05-08T19:40:49.611556+01:00,barcode07,?,11923,0,0,385,396,?
9f496233-438f-40c2-a34c-26facfafcce7,442,2023-05-08T19:40:57.611556+01:00,barcode07,rabv_ea,11923,8427,8694,249,263,RABV_EA
2f319132-ba99-4c6e-8930-ba10c76f17eb,469,2023-05-08T19:42:05.611556+01:00,barcode07,rabv_ea,11923,4626,5036,382,394,RABV_EA
186429c8-ab08-4842-a100-b285c7ad7d4b,460,2023-05-08T19:40:56.611556+01:00,barcode07,rabv_ea,11923,5210,5608,375,389,RABV_EA
567ddd43-ee2a-41c9-a0f9-6167ff27944d,848,2023-05-08T19:40:57.611556+01:00,barcode07,?,11923,0,0,372,382,?
a24d6c5d-b235-470e-8a44-98100faa9573,830,2023-05-08T19:40:57.611556+01:00,barcode07,?,11923,0,0,361,376,?
3059151e-9808-42a2-bab7-8afb056f4c50,2079,2023-05-08T19:42:04.611556+01:00,barcode07,?,11923,0,0,401,403,?
f08b83cf-dae2-41c2-8ed3-6e0029bea6b1,457,2023-05-08T19:41:07.611556+01:00,barcode07,rabv_ea,11923,1568,1958,368,379,RABV_EA
86954f7b-1e2e-457f-b44c-91621cca0a84,571,2023-05-08T19:42:03.611556+01:00,barcode07,rabv_ea,11923,939,1234,277,288,RABV_EA
e53f3ec4-bd70-4184-9226-2f1c68151741,885,2023-05-08T19:41:06.611556+01:00,barcode07,rabv_ea,11923,4626,5591,741,783,RABV_EA
849db09a-ac75-446f-8504-a90afc4c9cc4,464,2023-05-08T19:42:01.611556+01:00,barcode07,rabv_ea,11923,10178,10570,370,382,RABV_EA
a5117d5c-1d64-4645-8a53-60d105c23a42,527,2023-05-08T19:41:07.611556+01:00,barcode07,rabv_ea,11923,10182,10576,368,384,RABV_EA
cf844adc-2ae0-43d7-94b6-087f37800b98,1246,2023-05-08T19:42:07.611556+01:00,barcode07,?,11923,0,0,397,404,?
2f1dcb4b-db98-49ae-8850-052f92f24750,533,2023-05-08T19:42:08.611556+01:00,barcode07,rabv_ea,11923,10164,10576,405,409,RABV_EA
43fc09a7-cece-4783-baa3-79e7bceedd9b,1259,2023-05-08T19:42:06.611556+01:00,barcode07,?,11923,0,0,377,382,?
93abf689-a478-4db8-998f-0f0bfb695ca6,465,2023-05-08T19:42:08.611556+01:00,barcode07,rabv_ea,11923,10170,10563,354,373,RABV_EA
53dde7e7-7fd2-4483-a7ef-580afb472908,466,2023-05-08T19:41:03.611556+01:00,barcode07,rabv_ea,11923,10164,10553,361,376,RABV_EA
3ce87045-963b-43c9-be87-bc2b958fa7f8,598,2023-05-08T19:41:03.611556+01:00,barcode07,rabv_ea,11923,10166,10576,376,392,RABV_EA
034c88e7-1bb2-4e39-931e-76af26653b71,409,2023-05-08T19:41:01.611556+01:00,barcode07,rabv_ea,11923,10230,10559,320,327,RABV_EA
6426c298-ee3a-43ee-b6fe-03fff01642dc,458,2023-05-08T19:40:54.611556+01:00,barcode07,rabv_ea,11923,1567,1958,372,382,RABV_EA
f6fc7980-4963-4b88-91c4-e1afdf9f0c6b,502,2023-05-08T19:40:49.611556+01:00,barcode07,rabv_ea,11923,10164,10573,371,387,RABV_EA
e190fa2b-00a1-4656-ba55-5243406470dc,503,2023-05-08T19:40:58.611556+01:00,barcode07,rabv_ea,11923,7690,8072,340,366,RABV_EA
9acbee62-98f0-42cd-b44c-882e7f5bf240,460,2023-05-08T19:40:50.611556+01:00,barcode07,rabv_ea,11923,5196,5595,388,393,RABV_EA
7dc242b4-9e5e-48ad-bb12-c18c05a50c52,463,2023-05-08T19:40:51.611556+01:00,barcode07,rabv_ea,11923,7110,7448,332,337,RABV_EA
098dd8d5-bb70-4c37-8182-b545749ddec9,439,2023-05-08T19:40:49.611556+01:00,barcode07,rabv_ea,11923,7702,8081,359,366,RABV_EA
89d389a8-7143-4ed6-9f62-455f173c5234,528,2023-05-08T19:40:57.611556+01:00,barcode07,rabv_ea,11923,11392,11792,385,393,RABV_EA
87c63e95-63df-4c0a-b82c-88bd1c906522,458,2023-05-08T19:41:00.611556+01:00,barcode07,rabv_ea,11923,1553,1935,362,370,RABV_EA
b26eaf5b-f207-40a7-ae39-6ac2ea079863,878,2023-05-08T19:41:00.611556+01:00,barcode07,?,11923,0,0,353,371,?
0f7e9388-f6aa-44a6-a0b8-0205a692757a,1743,2023-05-08T19:40:48.611556+01:00,barcode07,?,11923,0,0,383,389,?
a9444b0a-04cd-41d0-958d-c26a4ae9c43c,531,2023-05-08T19:40:45.611556+01:00,barcode07,rabv_ea,11923,10164,10576,403,407,RABV_EA
46330bb1-3de6-40c5-b622-3d6e3a6cdda4,1231,2023-05-08T19:40:48.611556+01:00,barcode07,?,11923,0,0,361,387,?
952ce3b9-3462-4ca2-a096-a17a21949b48,463,2023-05-08T19:40:48.611556+01:00,barcode07,rabv_ea,11923,5212,5608,361,381,RABV_EA
f78601db-f1fe-46f0-b1e3-8c81700ff320,463,2023-05-08T19:41:00.611556+01:00,barcode07,rabv_ea,11923,10177,10561,347,363,RABV_EA
940e2930-5866-4ae0-b103-66381bf83d2f,478,2023-05-08T19:40:55.611556+01:00,barcode07,rabv_ea,11923,4626,5037,382,403,RABV_EA
325c934b-ae84-4066-baf7-3dfdc1010016,443,2023-05-08T19:40:56.611556+01:00,barcode07,rabv_ea,11923,7704,8081,366,370,RABV_EA
2df5e40b-bc14-45ce-9706-696cc75d48d3,1272,2023-05-08T19:41:56.611556+01:00,barcode07,?,11923,0,0,372,383,?
bb1f0097-680e-4896-9736-dfe8e8b6e942,518,2023-05-08T19:40:52.611556+01:00,barcode07,rabv_ea,11923,10175,10576,366,378,RABV_EA
b53993e9-df5b-40c8-b973-9be52e450e6f,455,2023-05-08T19:42:02.611556+01:00,barcode07,rabv_ea,11923,7703,8071,359,366,RABV_EA
6689e026-7c69-4210-85dd-9380a3bf37db,457,2023-05-08T19:40:47.611556+01:00,barcode07,rabv_ea,11923,8942,9325,359,376,RABV_EA
839c7346-b7bf-492e-a582-b0f2cff55863,324,2023-05-08T19:42:04.611556+01:00,barcode07,rabv_ea,11923,7939,8081,135,140,RABV_EA
c31e7d21-98e5-42c1-b73e-c71d8b242099,1259,2023-05-08T19:42:00.611556+01:00,barcode07,?,11923,0,0,390,395,?
035124fa-2498-4b14-9a77-93839d948dbf,1037,2023-05-08T19:40:51.611556+01:00,barcode07,?,11923,0,0,353,378,?
4788e895-19b2-480a-a896-a4ebfeca22d5,853,2023-05-08T19:40:48.611556+01:00,barcode07,?,11923,0,0,369,379,?
376cd904-05e2-488e-aa7e-6817011abc21,456,2023-05-08T19:41:00.611556+01:00,barcode07,rabv_ea,11923,1567,1958,366,377,RABV_EA
7cd9339e-f797-43bd-8ccf-1dcb3c8c3c64,517,2023-05-08T19:40:58.611556+01:00,barcode07,rabv_ea,11923,7690,8081,378,388,RABV_EA
386c2f73-8054-4763-a58d-f7af1bb97524,480,2023-05-08T19:40:45.611556+01:00,barcode07,rabv_ea,11923,1587,1958,353,368,RABV_EA
f12cbf27-8725-4e9b-8f4f-bf1cad3ef7ed,463,2023-05-08T19:40:56.611556+01:00,barcode07,rabv_ea,11923,3382,3779,364,382,RABV_EA
5518a2d1-796e-4207-a34d-c9b2cefb7905,439,2023-05-08T19:40:55.611556+01:00,barcode07,rabv_ea,11923,7705,8077,352,357,RABV_EA
dabcd4ae-4aea-4b0b-91f9-388ad40f9eb8,864,2023-05-08T19:41:57.611556+01:00,barcode07,?,11923,0,0,390,396,?
3baf0e2f-ec28-4938-af50-b61da6974c52,861,2023-05-08T19:40:11.611556+01:00,barcode07,?,11923,0,0,371,396,?
687806dc-4205-48d8-ab20-39a50dc701e3,539,2023-05-08T19:40:49.611556+01:00,barcode07,rabv_ea,11923,10166,10575,369,395,RABV_EA
d3e66ad2-aa1a-4b43-9f7e-6c1c2531943e,1229,2023-05-08T19:41:55.611556+01:00,barcode07,?,11923,0,0,364,382,?
2810f21a-34cc-4297-871e-ee21117e4789,833,2023-05-08T19:40:55.611556+01:00,barcode07,?,11923,0,0,353,372,?
dd859ef1-fc86-476c-b664-ccebdf085488,289,2023-05-08T19:40:23.611556+01:00,barcode07,rabv_ea,11923,5196,5423,212,219,RABV_EA
d7d20b2b-fff1-4195-8b09-9822b03a199c,960,2023-05-08T19:40:52.611556+01:00,barcode07,?,11923,0,0,363,377,?
6f55b786-1b03-4462-b3b4-51d548e3b954,861,2023-05-08T19:40:18.611556+01:00,barcode07,?,11923,0,0,367,372,?
d2f93615-23ed-42f6-be6a-d579c8b8c5d3,459,2023-05-08T19:40:22.611556+01:00,barcode07,rabv_ea,11923,5823,6223,358,377,RABV_EA
cffb1d3d-2457-485e-97fb-2dee996e914b,862,2023-05-08T19:40:45.611556+01:00,barcode07,?,11923,0,0,395,400,?
57ff68e1-24b0-4cd6-84d7-89eacfa3d234,486,2023-05-08T19:40:45.611556+01:00,barcode07,rabv_ea,11923,7690,8081,350,366,RABV_EA
89388031-3488-47e7-aaae-dbc90a09c2cc,1121,2023-05-08T19:40:45.611556+01:00,barcode07,?,11923,0,0,386,394,?
dd3d24a0-65c1-46d6-b773-a792a488ad13,437,2023-05-08T19:40:04.611556+01:00,barcode07,rabv_ea,11923,10191,10570,327,343,RABV_EA
e01a99bc-d4b5-46b0-b524-a363c3576c10,462,2023-05-08T19:39:58.611556+01:00,barcode07,rabv_ea,11923,10178,10576,382,388,RABV_EA
ea368029-a565-4d96-822e-95ce7a2ae13c,481,2023-05-08T19:40:50.611556+01:00,barcode07,rabv_ea,11923,7709,8075,343,353,RABV_EA
912d2b02-84fc-4237-8023-e957240fd090,455,2023-05-08T19:41:54.611556+01:00,barcode07,rabv_ea,11923,1567,1958,376,381,RABV_EA
4bb684e5-8834-4d14-866b-04266d92ef2c,485,2023-05-08T19:39:44.611556+01:00,barcode07,rabv_ea,11923,6133,6528,366,377,RABV_EA
e0a5705c-f283-4949-ac5e-998ab8a057fa,422,2023-05-08T19:40:44.611556+01:00,barcode07,rabv_ea,11923,7702,8068,342,344,RABV_EA
13cc7a7c-5edb-4e11-9368-5c3819db9a09,1769,2023-05-08T19:40:45.611556+01:00,barcode07,?,11923,0,0,858,948,?
8385bff9-2692-4fbf-a525-08e89e40d750,1236,2023-05-08T19:40:48.611556+01:00,barcode07,?,11923,0,0,389,399,?
231d162d-19f0-48eb-955d-75699f044da7,992,2023-05-08T19:39:39.611556+01:00,barcode07,?,11923,0,0,395,405,?
7759f504-0306-4063-8e09-6cdf7f775bc8,541,2023-05-08T19:39:44.611556+01:00,barcode07,rabv_ea,11923,10166,10573,381,397,RABV_EA
89efe695-1d15-4060-82e6-88fb71474648,733,2023-05-08T19:40:00.611556+01:00,barcode07,?,11923,0,0,402,412,?
6ad070e3-c26e-452d-89fa-89757a5a54d1,1347,2023-05-08T19:39:58.611556+01:00,barcode07,?,11923,0,0,391,400,?
9ccaa9b9-cc65-4bba-8af1-37a1417995ad,657,2023-05-08T19:40:43.611556+01:00,barcode07,rabv_ea,11923,1587,1958,360,362,RABV_EA
0d670ce4-5218-4abd-aea8-47261203957d,913,2023-05-08T19:39:38.611556+01:00,barcode07,?,11923,0,0,380,386,?
ceaa090a-2113-46a6-ab63-4eb6559ed8ae,471,2023-05-08T19:40:22.611556+01:00,barcode07,rabv_ea,11923,341,620,250,268,RABV_EA
36537702-2abf-4c05-8dc0-3cc0d071a8db,849,2023-05-08T19:39:58.611556+01:00,barcode07,?,11923,0,0,379,397,?
6c07d4c5-c5c2-4829-9551-778179e0324a,436,2023-05-08T19:40:03.611556+01:00,barcode07,rabv_ea,11923,10206,10565,337,345,RABV_EA
4c62e0cf-1e37-49e1-a99f-3dc44e0fcad8,2447,2023-05-08T19:39:38.611556+01:00,barcode07,?,11923,0,0,370,376,?
4e22bb61-6f1d-4d98-9826-c62d62299349,450,2023-05-08T19:40:18.611556+01:00,barcode07,rabv_ea,11923,4339,4713,350,362,RABV_EA
8ca9a357-04af-459f-9e7b-a0919c40dd98,483,2023-05-08T19:40:02.611556+01:00,barcode07,rabv_ea,11923,7693,8081,376,382,RABV_EA
1aaee1a3-188f-4ae3-99bf-f81959b7f207,940,2023-05-08T19:39:52.611556+01:00,barcode07,?,11923,0,0,366,381,?
529f432e-2e5c-428e-9236-6ff5c1b94070,824,2023-05-08T19:41:48.611556+01:00,barcode07,?,11923,0,0,370,392,?
3de17f3c-13cd-4aa1-abab-a63f95703d93,535,2023-05-08T19:41:49.611556+01:00,barcode07,rabv_ea,11923,10164,10576,391,404,RABV_EA
b66e89fb-df68-4b21-83b2-99ee862264cc,429,2023-05-08T19:39:58.611556+01:00,barcode07,rabv_ea,11923,5850,6220,327,347,RABV_EA
8431e34b-da20-4ba0-a9be-3735153c8452,531,2023-05-08T19:39:24.611556+01:00,barcode07,rabv_ea,11923,10164,10576,393,403,RABV_EA
6404ca46-2e93-4cb5-bfed-59b566f309bf,2055,2023-05-08T19:39:17.611556+01:00,barcode07,rabv_ea,11923,5821,6220,366,376,RABV_EA
32648acb-a65d-483e-aef3-ccb1c5e4d1cd,1262,2023-05-08T19:39:23.611556+01:00,barcode07,?,11923,0,0,382,397,?
e81e5856-0691-43ce-8b2f-1c9a62047e17,1278,2023-05-08T19:39:18.611556+01:00,barcode07,?,11923,0,0,393,399,?
2fadac08-d38b-44aa-9783-190d983c8e43,924,2023-05-08T19:41:53.611556+01:00,barcode07,?,11923,0,0,391,399,?
9d04aedf-0ce4-48d6-8902-e10438918a5c,854,2023-05-08T19:41:53.611556+01:00,barcode07,?,11923,0,0,365,377,?
f10be5aa-15ea-453c-aa06-ffb35c55d3e5,458,2023-05-08T19:41:51.611556+01:00,barcode07,rabv_ea,11923,11112,11494,358,367,RABV_EA
110730f0-8454-49e8-964d-c1cfce94fa09,331,2023-05-08T19:40:44.611556+01:00,barcode07,rabv_ea,11923,9996,10263,243,253,RABV_EA
d8be71d4-4879-4ed9-ba30-93cbe2ee5792,483,2023-05-08T19:40:46.611556+01:00,barcode07,rabv_ea,11923,6751,7155,375,392,RABV_EA
5532c5ba-93a6-4f76-98ef-7f7ea02762b4,878,2023-05-08T19:41:56.611556+01:00,barcode07,?,11923,0,0,382,387,?
8ffed877-fb8d-45d3-9d50-39181427d82a,870,2023-05-08T19:41:54.611556+01:00,barcode07,?,11923,0,0,380,391,?
ee363359-1a0d-4c64-86f4-4e6117f9b93b,451,2023-05-08T19:41:55.611556+01:00,barcode07,rabv_ea,11923,9851,10247,347,371,RABV_EA
08f4907e-9c9d-4101-8bfb-347e38a92fa0,468,2023-05-08T19:40:44.611556+01:00,barcode07,rabv_ea,11923,3404,3791,376,385,RABV_EA
10b60e5e-bdeb-4091-bd84-ebdadd2dd81f,857,2023-05-08T19:41:54.611556+01:00,barcode07,?,11923,0,0,362,392,?
287face4-2f35-4351-97a4-b1bf9ae58d55,534,2023-05-08T19:41:50.611556+01:00,barcode07,rabv_ea,11923,8927,9325,360,382,RABV_EA
b9a2ee85-81ab-45a4-b0e4-119d9e4c3497,462,2023-05-08T19:40:43.611556+01:00,barcode07,rabv_ea,11923,10178,10569,374,381,RABV_EA
818e1351-aabb-42b9-87da-5855802109b7,457,2023-05-08T19:41:55.611556+01:00,barcode07,rabv_ea,11923,8927,9310,372,375,RABV_EA
a21609ec-ddba-44de-8332-c7b5902f8622,461,2023-05-08T19:40:44.611556+01:00,barcode07,rabv_ea,11923,8941,9315,364,368,RABV_EA
d1889132-e644-4748-ad40-72bff7c220ee,478,2023-05-08T19:40:02.611556+01:00,barcode07,rabv_ea,11923,10164,10561,364,388,RABV_EA
a89f4d50-89c6-42e3-af37-75ad0513333c,436,2023-05-08T19:40:43.611556+01:00,barcode07,rabv_ea,11923,7690,8063,356,361,RABV_EA
587970d4-388a-4f7d-8b11-4c04fdacc96a,910,2023-05-08T19:41:50.611556+01:00,barcode07,?,11923,0,0,381,393,?
c834cae9-d6a7-422e-825a-c2d6cadf57e2,425,2023-05-08T19:40:01.611556+01:00,barcode07,rabv_ea,11923,6143,6442,275,286,RABV_EA
0a50dbfe-5a88-4365-9344-bcc43c40fdf7,1227,2023-05-08T19:39:18.611556+01:00,barcode07,?,11923,0,0,372,384,?
2699d932-9dd7-4b55-a20c-41662b62ae45,922,2023-05-08T19:40:11.611556+01:00,barcode07,?,11923,0,0,392,407,?
55f0db51-3b00-45d8-9c22-87888b36f839,537,2023-05-08T19:39:25.611556+01:00,barcode07,rabv_ea,11923,10164,10574,355,382,RABV_EA
22246cdc-73b0-4318-ae50-9db771edac2f,866,2023-05-08T19:39:33.611556+01:00,barcode07,?,11923,0,0,366,379,?
88afe537-8cf7-4060-b0f3-f0ba3c169882,866,2023-05-08T19:41:44.611556+01:00,barcode07,?,11923,0,0,368,379,?
d2604c5d-7323-4001-a63f-a6a53aa3a679,475,2023-05-08T19:39:20.611556+01:00,barcode07,rabv_ea,11923,10164,10562,395,396,RABV_EA
4a0a9d48-bfea-4e36-81d3-1f3494055736,967,2023-05-08T19:39:23.611556+01:00,barcode07,?,11923,0,0,371,375,?
ee18aad4-cc13-468e-8a4b-e20e4d213f82,520,2023-05-08T19:39:24.611556+01:00,barcode07,rabv_ea,11923,10164,10572,372,392,RABV_EA
31d166aa-1019-4a41-8667-8c6a39909b0f,440,2023-05-08T19:39:53.611556+01:00,barcode07,rabv_ea,11923,7704,8081,333,355,RABV_EA
51134a50-76fb-44e3-a463-5ac96a8d2d95,710,2023-05-08T19:39:54.611556+01:00,barcode07,rabv_ea,11923,9640,9940,275,286,RABV_EA
3321003a-59eb-4947-9c16-d2109ddf2707,498,2023-05-08T19:39:21.611556+01:00,barcode07,rabv_ea,11923,7690,8081,352,374,RABV_EA
80cf9cd9-a855-4c28-8541-69096bdbf86d,463,2023-05-08T19:39:25.611556+01:00,barcode07,rabv_ea,11923,57,444,365,383,RABV_EA
3d5de38e-b10b-4ec8-998c-7f762a7e348c,524,2023-05-08T19:39:34.611556+01:00,barcode07,rabv_ea,11923,10164,10562,359,380,RABV_EA
4eae2547-4d7c-44cc-b762-c88e022fd6fa,523,2023-05-08T19:39:36.611556+01:00,barcode07,rabv_ea,11923,10164,10574,363,393,RABV_EA
def7d534-02d2-470e-968e-703d12931dd2,508,2023-05-08T19:39:36.611556+01:00,barcode07,rabv_ea,11923,7694,8081,370,379,RABV_EA
a3efa346-b658-4ebf-8c81-9c1c3b5a8a43,1273,2023-05-08T19:41:49.611556+01:00,barcode07,?,11923,0,0,378,391,?
fb500b5d-f1fe-4af7-8bd5-f7ab3eb3a918,535,2023-05-08T19:39:34.611556+01:00,barcode07,rabv_ea,11923,10173,10570,385,391,RABV_EA
156e29af-51ce-4c4a-8337-7c0e0df8752b,477,2023-05-08T19:39:35.611556+01:00,barcode07,rabv_ea,11923,10164,10563,380,393,RABV_EA
dddd0798-262d-45c3-ad30-764025f360e2,445,2023-05-08T19:39:25.611556+01:00,barcode07,rabv_ea,11923,5833,6222,340,365,RABV_EA
110d3dff-3166-40be-b91e-4cdc96113de2,455,2023-05-08T19:39:57.611556+01:00,barcode07,rabv_ea,11923,4894,5282,366,380,RABV_EA
0a9fb6c7-441d-4e98-ae7e-7a4b31a63f09,509,2023-05-08T19:39:54.611556+01:00,barcode07,rabv_ea,11923,7690,8081,366,380,RABV_EA
a9df7bc4-ebb6-4281-93f9-839c87ac922d,308,2023-05-08T19:40:22.611556+01:00,barcode07,rabv_ea,11923,10347,10576,207,217,RABV_EA
02ab31c9-0b8b-40dd-a7d4-72ba6841179f,859,2023-05-08T19:40:18.611556+01:00,barcode07,?,11923,0,0,383,387,?
75361f38-b8c5-467e-ada5-2769587cbc18,850,2023-05-08T19:40:15.611556+01:00,barcode07,?,11923,0,0,389,396,?
8f649195-6814-4487-8383-43d5ddd7ddfc,453,2023-05-08T19:40:13.611556+01:00,barcode07,rabv_ea,11923,5877,6223,317,329,RABV_EA
b7ef67bd-a951-449c-a2e2-f446bad12d63,1514,2023-05-08T19:39:20.611556+01:00,barcode07,?,11923,0,0,378,395,?
126d1295-b4ab-4c74-a5ee-b762ddc78e77,475,2023-05-08T19:39:21.611556+01:00,barcode07,rabv_ea,11923,10164,10554,374,387,RABV_EA
ed1f03d7-78a8-4a57-b0ec-a465ce5d1de4,441,2023-05-08T19:40:16.611556+01:00,barcode07,rabv_ea,11923,5853,6222,353,362,RABV_EA
8f20e959-d58e-4313-a5a9-247816d8c36d,847,2023-05-08T19:40:00.611556+01:00,barcode07,?,11923,0,0,363,376,?
0a4fe6ef-bf25-4eb2-bc8c-368ed545a29e,370,2023-05-08T19:39:22.611556+01:00,barcode07,rabv_ea,11923,10164,10460,277,290,RABV_EA
e2046cbe-67e7-4e80-a6d0-ab18ea14e355,466,2023-05-08T19:39:37.611556+01:00,barcode07,rabv_ea,11923,10170,10563,370,381,RABV_EA
6538cae9-8448-4902-b7de-c7c3fe81b73e,439,2023-05-08T19:41:44.611556+01:00,barcode07,rabv_ea,11923,7704,8081,358,368,RABV_EA
66149244-4465-430e-b716-7acb0ea91e53,1183,2023-05-08T19:39:18.611556+01:00,barcode07,?,11923,0,0,375,386,?
989e2cca-adc6-4ac0-a35a-ab5261def597,444,2023-05-08T19:39:21.611556+01:00,barcode07,rabv_ea,11923,6149,6528,351,365,RABV_EA
56fac9af-119a-4dcb-80ae-ebe6437d79cb,454,2023-05-08T19:39:34.611556+01:00,barcode07,rabv_ea,11923,9864,10247,344,356,RABV_EA
a4a432b3-5394-4f40-a6ba-54d1393d2e15,726,2023-05-08T19:40:15.611556+01:00,barcode07,?,11923,0,0,349,373,?
d50d51f7-7d97-4c2f-b663-6f768bcda645,875,2023-05-08T19:41:39.611556+01:00,barcode07,?,11923,0,0,391,397,?
44c19ef9-2e69-40ab-b7cf-d03ad1418531,1197,2023-05-08T19:40:13.611556+01:00,barcode07,?,11923,0,0,377,386,?
f93cb223-0d6d-4878-bdaf-5449f3a064ec,539,2023-05-08T19:39:35.611556+01:00,barcode07,rabv_ea,11923,4626,5051,399,415,RABV_EA
fde134d3-ad33-49e6-aac7-18fe831abdf3,1621,2023-05-08T19:39:20.611556+01:00,barcode07,?,11923,0,0,353,371,?
e972b63c-4e74-4fa1-97e7-b856966bd0f5,466,2023-05-08T19:41:43.611556+01:00,barcode07,rabv_ea,11923,5199,5597,372,384,RABV_EA
5e27318f-b425-44f3-9ef4-71a2eada431f,893,2023-05-08T19:39:54.611556+01:00,barcode07,?,11923,0,0,395,409,?
354f1c15-c21e-4a7a-a649-733c9d523ab9,1082,2023-05-08T19:41:40.611556+01:00,barcode07,?,11923,0,0,361,368,?
5d3ea038-0519-46c1-a2ec-67d265a5f943,1250,2023-05-08T19:41:34.611556+01:00,barcode07,?,11923,0,0,363,372,?
97480e00-022f-4634-b095-632c462db320,514,2023-05-08T19:41:37.611556+01:00,barcode07,rabv_ea,11923,7691,8076,374,379,RABV_EA
dc2f4631-a64b-4272-882d-0b542aeec22e,507,2023-05-08T19:40:14.611556+01:00,barcode07,rabv_ea,11923,7689,8077,351,374,RABV_EA
87fdbae2-76ee-474c-9aac-f95fba4ddf6c,459,2023-05-08T19:39:15.611556+01:00,barcode07,rabv_ea,11923,8940,9323,365,377,RABV_EA
ba64ea4e-cae4-4088-bbea-f00f42e57d28,468,2023-05-08T19:37:59.611556+01:00,barcode07,rabv_ea,11923,5196,5592,378,386,RABV_EA
83989e79-ffa1-49d4-af4d-7414d4238b87,535,2023-05-08T19:39:55.611556+01:00,barcode07,rabv_ea,11923,7691,8081,358,373,RABV_EA
4d1fa406-009a-4d10-8567-6696937e8a92,529,2023-05-08T19:41:39.611556+01:00,barcode07,rabv_ea,11923,57,459,385,393,RABV_EA
67250cbe-5e96-4582-9246-b34e4bc8f599,707,2023-05-08T19:39:44.611556+01:00,barcode07,?,11923,0,0,397,405,?
e96e38da-82ae-4bd8-92b2-a9e990628e00,1323,2023-05-08T19:39:37.611556+01:00,barcode07,?,11923,0,0,400,409,?
